0.0000000000000000	0.0000000000000000
0.0410000001111111	0.0020000000000000
0.8798777128265437	0.0216846559299696
1.9156343491203796	0.0439939733499673
3.0104074442576008	0.0654076597688273
4.1710528548626842	0.0859343459767577
5.4084935409546384	0.1056317766794924
6.7170298850624448	0.1243337107163266
8.1231438823287494	0.1422157692586704
9.6403352040833017	0.1592803221022782
11.2601093720753482	0.1752692928351519
13.0600080564176242	0.1905445566109666
15.0537097948324483	0.2051592209065540
17.2836012338304457	0.2191667568556102
19.9045633929017960	0.2331942746887739
22.7705655550485417	0.2461129985337667
26.1633879667836489	0.2588863922101579
30.3796321946381198	0.2714152231806642
36.2590197331629582	0.2859085412009312
43.5514901041285754	0.3013781218124897
52.0801020363986567	0.3165078676797070
60.3143174281390202	0.3300669203973510
79.5967633910287589	0.3628753081613760
89.9869083234360119	0.3816519433700620
104.7591631685429689	0.4090608366331484
114.7606098222507143	0.4326844132137310
125.2897662650808996	0.4606950688196805
132.7557484461779040	0.4837711661766178
138.5429002257128843	0.5041386764503865
143.9524492175102353	0.5256859021902027
148.1836478289270076	0.5447029156400521
152.4731766548611063	0.5662526783875319
156.3791273138239717	0.5883380251272387
160.0304623089092217	0.6115421886949939
163.4619630489442272	0.6360387393027250
166.6572272364854825	0.6616783138792733
169.5395506776910395	0.6876724492615267
171.4997239398606155	0.7092162109775495
174.1549836473213020	0.7358457192238288
175.9495018326079787	0.7575671117919158
177.7488476865448490	0.7812352654512176
179.5288096917723237	0.8066447075144136
181.3072384655228291	0.8343947038153404
182.8382412880586401	0.8603547688756731
184.4052928569034293	0.8891109200509680
185.6081346739526339	0.9150135858321655
187.2175775765839774	0.9471494416669557
188.3918976183807104	0.9745183526306832
189.5788525105846531	1.0060909151177910
190.7179897166037108	1.0344055711718567
191.7837605329816597	1.0649148177765051
192.7556293611741864	1.0968468245341578
193.9132543672234590	1.1324148813037997
194.9167139676057445	1.1675871183472284
195.9113276190252293	1.2046422662340404
196.8518412756154135	1.2445581260418213
197.6903744015710060	1.2777883421219522
198.5582627904605886	1.3175765078920949
199.4164374241562143	1.3621303895855872
200.3844527281839305	1.4093783494734136
201.1677546400773053	1.4526535812580894
202.0126072264823733	1.5022555277968423
202.7620818479957734	1.5522216254891086
203.5944686469364910	1.6052037508014325
204.2954303693082636	1.6555856399385500
205.0429975064086818	1.7124925050056177
205.7905131409315231	1.7728759803661354
206.5499411515544068	1.8379468809562993
207.2665829060232170	1.9030414794397821
207.9263606768928128	1.9705776484942388
208.6229373922815853	2.0376345461595795
209.2604791251359018	2.1066047829517958
209.9260404335252588	2.1827298996887947
210.5926038688529047	2.2634318055953107
211.2532769346764780	2.3481255019728242
211.8751201610442365	2.4372620757463772
212.5200765711320514	2.5245372292287862
213.1373678232160671	2.6177747635816817
213.7770851382188937	2.7196683174300547
214.3872923374680681	2.8277983502567481
215.0292954072594966	2.9355325278683755
215.6482046391045913	3.0507528527315171
216.3247421500310850	3.1845562073169980
217.0342276442864886	3.3312919901807350
217.7537494596463148	3.4866470776393701
218.5633902747907200	3.6760987736622548
219.3870484836814683	3.8610577460560660
220.2763431841319743	4.0769151479972443
221.2637536143293460	4.3250677984280923
222.4208577803106834	4.6248726248069163
223.9894777281879499	5.0413524589967444
227.0089858740650470	5.8570015953159418
228.3964629136705753	6.2151198544639534
229.8087399505704127	6.5670210362764321
231.0622101601270231	6.8660679651645413
232.2800624841842705	7.1427188753811643
233.5297650837359527	7.4114712758952521
234.7709631021964469	7.6626597096401099
236.0138574742691162	7.8982540290483438
237.3124173121741762	8.1275258153593857
238.6381060606305766	8.3442089180485670
240.0238844200983124	8.5524857844722266
241.4546964683523242	8.7489655827313619
242.9653609321055967	8.9371512706826550
244.5491097239174678	9.1146125796749526
246.2027205030846062	9.2799639724599423
247.9808012823308445	9.4370900405980258
249.8650148519827781	9.5824469791736409
251.9240124149571614	9.7193826535148258
254.1330919291279997	9.8440533169928717
256.6051039897182591	9.9603431976372452
259.3696873400764389	10.0660705703611431
262.5023957623268416	10.1607597335348228
266.1444503873955796	10.2445494767539547
270.4708349816770578	10.3166264296060177
275.9336464928180135	10.3778506481970769
283.3587414290384459	10.4273299660805723
295.0811246185975278	10.4641030610161891
319.0885605817710484	10.4878913665096469
374.7236684314968898	10.4896865893884659
551.7004660988019396	10.4909936746865657
551.7004660988019396	10.4811670302750599
564.0759586634468405	10.4204466411654959
577.6121239583130773	10.3576764537180743
596.2168982315507719	10.3266145829665508
618.4753086430109761	10.3125943347083222
629.1779086856862477	10.3103163507669855
646.9628324714424252	10.3084363991429431
711.4529318865410232	10.3075905024477947
733.9526387081492658	10.3075569337694581
756.6327656418604874	10.3075524548502777
779.1973253272437887	10.3075512444473674
1389.3587687713752530	10.3064966466539438
1389.3587687713752530	10.3075275590582827
1394.3865888751420243	10.3387716544124881
1401.2451302491983824	10.4029875540369190
1413.4015519290558132	10.4451132905790942
1437.0427296446878245	10.4814091779212735
1437.0427296446878245	10.4850185318229681
1469.4128672209089927	10.4796624736684230
1469.4128672209089927	10.4893257905283726
1485.1574434706037664	10.4896667508682295
1506.8507955438815316	10.4896771942313034
1528.6134848898479959	10.4896774256357084
