0.0000000000000000	12.0000000000000000
0.2684815228996049	11.9999880000000001
5.3455494793038385	11.7523600888358892
10.9888850080526073	11.5519067903169592
18.6093842425565761	11.2545634039976044
26.0746181268334354	11.0364609630935888
36.0294359520170389	10.7221972239756855
46.7274138096335747	10.4587331582230849
62.0726717559803731	10.0605346400399771
90.2305085745071409	9.4329207964752655
95.0713222546246755	9.3069343465967247
101.0471766467301222	9.1525559581569098
112.1678133282465808	8.8694478410386637
120.1190552561289309	8.6529075844329757
127.5297664638773654	8.4369367889485023
134.0758779806420478	8.2317113267207933
139.9883977858888784	8.0320001828762280
145.3625588761850338	7.8362583690071119
150.2815186793174860	7.6430708056814192
154.8101556355318564	7.4514050001174770
159.0013594601945783	7.2604493345525967
162.8990931915563181	7.0695434878817602
166.5405928415513017	6.8781266982290239
169.9579387295645745	6.6856995656343141
173.1792350984321445	6.4917930193001245
176.2295419164533143	6.2959401932639834
179.1316585352732034	6.0976475667041745
181.9068406761633412	5.8963612675240755
184.5755312694884651	5.6914229304747881
187.1582102593050649	5.4820058515334447
189.6765349197916635	5.2670142654910661
192.1551024471932863	5.0449105752637289
194.6245752115783603	4.8230266956001469
197.2270776117933337	4.5592099418716678
199.7536923535490132	4.3112089969008709
202.6794761149873523	3.9957482329010419
206.2144131164600651	3.6217756517034698
215.6401977574411717	2.5797197295110830
215.8849815027764123	2.5550794194279431
216.6309841827837772	2.4806907879357496
218.1694894169808379	2.3355537081382018
219.5264843500393965	2.2076624120658042
220.7688252727269287	2.0947791607983528
221.9554373725630398	1.9909705763166923
223.0920093107660875	1.8954059111302255
224.1877072703260581	1.8069949840554660
225.2493060570585328	1.7249081945452989
226.2823536714026886	1.6484627770477129
227.2914433445843656	1.5770907813751278
228.2804507484316048	1.5103126098896404
229.2527007392751273	1.4448256986014045
230.1651551346985229	1.3890584389316769
231.1169604723916677	1.3336515277087586
232.0578735710687965	1.2816104311411542
232.9919243330161294	1.2325791169308282
233.9209811935808148	1.1863463337545874
234.8468536987703601	1.1427192611122852
235.7712520475546114	1.1015243304198887
236.6958152798412698	1.0626045109262392
237.6221338458845196	1.0258171738460642
238.5517698655314973	0.9910243371367435
239.4897157135378905	0.9579732336556864
240.4493214854192047	0.9262274149740868
241.4341698170496215	0.8957190993455195
242.4467659900008698	0.8664294876457332
243.4899085876666334	0.8383405105790884
244.5667128576051539	0.8114355618476999
245.6806698213579239	0.7856993803196650
246.8357180690466635	0.7611179600486753
248.0363325593263539	0.7376784721337679
249.2876356408462186	0.7153691977255356
250.5955374779755118	0.6941794715333804
251.9669159091015445	0.6740996355810577
253.4098500073024525	0.6551210030865747
254.9339280053412153	0.6372358330251551
256.5506601879971527	0.6204373163513788
258.2740431814966655	0.6047195755376779
260.1213480567945453	0.5900776799301684
262.1142486474880116	0.5765076818218617
264.2804844174601726	0.5640066793624360
266.6563958326584611	0.5525729180066257
269.2909508426241132	0.5422059482339150
272.2524649764009155	0.5329068716220497
275.6405351576986504	0.5246787326869280
279.6089953134212465	0.5175271701241563
284.4150733566125382	0.5114615699213358
290.5420214004928425	0.5064973125815276
299.0875353026366383	0.5026608384937672
313.6876781686966069	0.5000042766540611
330.1851813594563509	0.4986192814879004
902.3482348806744540	0.4986229730696546
