0.0000000000000000	0.9881000000000000
53.0503978780990195	0.9871000000000000
59.4682364872995421	0.9880112580622318
504.9493212912236686	0.9868026840645645
504.9815979714396121	0.9822596832834911
505.0987416220371529	0.9646630816722968
505.6051006226344953	0.8567547118213841
505.7062057031595828	0.8372838239043999
505.7889715246507194	0.8218250391306999
505.8796027005167844	0.8054303195381903
505.9678403598197747	0.7899622111616972
506.0569411644505635	0.7747992294290541
506.1453929143436881	0.7601810101394399
506.2340755440926614	0.7459421674382237
506.3226708335097896	0.7321173768744611
506.4112765354259977	0.7186752606701429
506.4998655305047919	0.7056043437772263
506.5884302965245070	0.6928909909113277
506.6770876712922131	0.6805032738902173
506.7656374833675272	0.6684552507454012
506.8541938640723288	0.6567180516823856
506.9427149412402400	0.6452848424437635
507.0313268591021370	0.6341264366712596
507.1199293546865761	0.6232427621352269
507.2084113607528479	0.6126368233385027
507.2963877081748478	0.6023599094167134
507.3844616448594138	0.5923541913259441
507.4730552828881969	0.5825603371029989
507.5614678055854370	0.5730481691120026
507.6499540125071235	0.5637782170373370
507.7383805317637666	0.5547558635587680
507.8268052896829658	0.5459654762834979
507.9151770467676670	0.5374042007968266
508.0037578947266752	0.5290344542166182
508.0921016625873108	0.5208933576630809
508.1804583377124231	0.5129492292977325
508.2690604306260411	0.5051692867920756
508.3571982919095262	0.4976145539679425
508.4456096596316570	0.4902097895925265
508.5336823584208901	0.4830097588677197
508.6218512490320336	0.4759796408750372
508.7102502082297519	0.4691001960400215
508.7985368963473434	0.4623942401541402
508.8867752814132928	0.4558511380924463
508.9752139476859725	0.4494435935833574
509.0636669568127672	0.4431781966045032
509.1519101625105463	0.4370675239935701
509.2400314313882177	0.4311026158356135
509.3281837997740240	0.4252731825753826
509.4163511342501920	0.4195767180721934
509.5048214891567682	0.4139837394276570
509.5929079950610117	0.4085545634487044
509.7213105088019915	0.4008492521723477
509.8320372623423395	0.3943776250258837
509.9523635246875983	0.3875548898133643
510.0680351335358864	0.3811749372283785
510.1859859890939788	0.3748466020298882
510.3023075965911062	0.3687792098853300
510.4198269991312031	0.3628170273270740
510.5366677622292286	0.3570501542280723
510.6545658979213727	0.3513796722864056
510.7708553161207305	0.3459363895969020
510.8881835134670268	0.3405868846190056
511.0051342808666277	0.3353876047633914
511.1216713871988304	0.3303385408978336
511.2386643548870211	0.3254006248539855
511.3560957703468830	0.3205668307747485
511.4736160252701893	0.3158401687226932
511.5898172201236775	0.3112838912247848
511.7068874495437285	0.3068011322269494
511.8237365760627995	0.3024278791948805
511.9399856360863623	0.2981813315293630
512.0569636496408066	0.2940043235067434
512.1737681308633228	0.2899259266795522
512.2905990707047295	0.2859333787271864
512.4068854649920013	0.2820513638461736
512.5237603320630342	0.2782325699651935
512.6406056501618878	0.2744920898833784
512.7567238170228165	0.2708588618254278
512.8735660170225401	0.2672776994274546
512.9903548159483080	0.2637819912904448
513.1466133582875955	0.2592140146193322
513.2858378280892566	0.2552452841678324
513.4336560704952035	0.2511326334536334
513.5775529648707334	0.2472274777201998
513.7230830336203553	0.2433729962000477
513.8679316564588362	0.2396251288064142
514.0125768248719851	0.2359744997033298
514.1579676986697223	0.2323880298785592
514.3025485889181709	0.2289023873471468
514.4472781925944673	0.2254937052768927
514.5925926474920971	0.2221438994370644
514.7369558666366629	0.2188926357813525
514.8824898766040405	0.2156838456601794
515.0274115243016695	0.2125560567242176
515.1723379020880884	0.2094911375576339
515.3169018988598964	0.2064991971945994
515.4615601245476455	0.2035658010605502
515.6059380868440485	0.2007117648660098
515.7897087334290518	0.1971495583695843
515.9573885972239395	0.1939830524511610
516.1323993926481535	0.1907520966553448
516.3050134292299163	0.1876377596752669
516.4778881685680290	0.1845895798446197
516.6506092274726143	0.1816145696155005
516.8238948776116786	0.1786958412100038
516.9966046013308869	0.1758504187758906
517.1686703334229378	0.1730797431216914
517.3419213922537665	0.1703493448358719
517.5151152061354196	0.1676736962692718
517.6867303096245223	0.1650871167516493
517.8599737429107108	0.1625398280386561
518.0702946740120751	0.1594993359334142
518.2669864317896327	0.1567354156772770
518.4691029040120611	0.1539551067348137
518.6694049762176064	0.1512662186687941
518.8698892043862543	0.1486390599538834
519.0716616304025592	0.1460482563187292
519.2705634180903189	0.1435594115152509
519.4711955066658220	0.1411016671753167
519.6713465769145159	0.1387230468624515
519.9109196833099986	0.1359155581707945
520.1336194180723851	0.1333910802950643
520.3646148629517256	0.1308233807219424
520.5910311331916773	0.1283779229437985
520.8205081637387366	0.1259547585706028
521.0500190812803112	0.1235891716297947
521.2783360074722623	0.1213095328474007
521.5447601206730042	0.1186891996731071
521.7975449060055553	0.1162860255673467
522.0549290911588969	0.1138959146095340
522.3107764842345659	0.1115830392031121
522.5664113144474641	0.1093480260884148
522.8607528269708382	0.1068209710911457
523.1418378672283325	0.1044917477143287
523.4268064200967956	0.1021881453678341
523.7098065312645758	0.0999673280176950
523.9930735057608899	0.0978222883271854
524.3136597194751403	0.0954348370120367
524.6212974311797552	0.0932333002168779
524.9338101045709664	0.0910667213874257
525.2815216624421737	0.0887112525080035
525.6175764131245387	0.0865238892763891
525.9576039478234861	0.0843727745565477
526.2964690327862627	0.0823141842249682
526.6715853836060433	0.0800798476957799
527.0385503756695016	0.0779839648580099
527.4073237820950908	0.0759582376238565
527.8102286131163510	0.0737938182892264
528.2075536918812304	0.0717618738041047
528.6408586265638405	0.0695974558721303
529.0668584762059936	0.0675776475942493
529.5304709949642756	0.0654294789501531
529.9833505310873534	0.0634470391533850
530.4770919650620726	0.0613438092105257
530.9945972961838834	0.0592268029498902
531.5052834473247003	0.0572523486674161
532.0534887988972059	0.0552026675632887
532.6323506037671223	0.0531341089852815
533.2361407008777405	0.0510684910030427
533.8386150531853218	0.0491270618724322
534.4759551961985835	0.0471528817482436
535.1441358380601514	0.0451875167318758
535.8510495550185624	0.0432067375347711
536.5920585463842372	0.0412503626998215
537.3919479829717147	0.0392391152175117
538.2314518731013777	0.0372719681827840
539.1267416242843638	0.0353215777449169
540.0960247781337102	0.0333690982287749
541.1393108034034185	0.0314620536950244
542.2627588053900354	0.0296227054035159
543.4753148860032752	0.0278761867217291
544.8166185823259866	0.0261854618898634
546.3592323316323700	0.0244303646235384
548.1288574264926865	0.0228846830785518
550.3339047986489732	0.0199286503408671
552.8812136243577697	0.0172773641771597
555.9557211445599023	0.0148375421745642
560.6973556114553503	0.0102297942087887
563.8884906411260545	0.0090993585230465
567.1522196060412853	0.0099165795557119
570.9332630491721829	0.0103187824335591
572.7740705660913818	0.0151783467746971
575.4037568404705780	0.0251167638539560
609.2190894270469244	0.2084377059181121
609.3375272905543625	0.2073484073552831
609.9260287984927800	0.1801024922387574
610.4638555425736968	0.1583981457804881
613.2129358723270798	0.0339677740486190
613.8812635419036496	0.0025830078963518
617.1621319247713018	-0.1536412983450852
617.5702404269038652	-0.1665917404403968
617.9662736204214752	-0.1765672907307731
618.3431304118247454	-0.1834216603437538
618.7128772237033445	-0.1880843948765045
619.0764515422059731	-0.1910395687332079
619.4408780747536412	-0.1926690172992140
619.8237479822078058	-0.1932233917462642
620.2050725391165997	-0.1927896933418509
620.5793667886620142	-0.1915822238283249
620.9557206989846918	-0.1897469593847748
621.3487167603778971	-0.1873143017976182
621.7404888545632957	-0.1844706749513730
622.1195313253331278	-0.1813591271278661
622.4990706863171681	-0.1778665056740092
622.8865453008373834	-0.1740003092899464
623.2682007964885997	-0.1699536526790871
623.6515371431713675	-0.1657216821069964
624.0503811523349214	-0.1611903728928287
624.4529292266453240	-0.1565124982111736
624.8653648257621853	-0.1516622776345918
625.2580854525330096	-0.1469901670969048
625.6793121415869336	-0.1420058001013484
626.0903800878386392	-0.1371565131916852
626.4976233328461603	-0.1323975944365297
626.9095366021286964	-0.1276540667877290
627.3364980362939605	-0.1228328619911190
627.7630022077024705	-0.1181207479201431
628.1860186631614624	-0.1135672551394202
628.6060527187255502	-0.1091724528229039
629.0304291046991239	-0.1048735023423383
629.4760773189909742	-0.1005380755848129
629.9128512506799780	-0.0964505162530191
630.3472067733778204	-0.0925556659967033
630.7864766656281290	-0.0887921351465112
631.2456689622594013	-0.0850613821519555
631.6952968153366328	-0.0815814593943470
632.1446344450387187	-0.0782796721001708
632.5977234552638038	-0.0751165913995481
633.0761340691182113	-0.0719711773886454
633.5462217801259612	-0.0690409080139999
634.0113949906927928	-0.0662874083807538
634.5021459775809944	-0.0635583484986888
634.9877258704336782	-0.0609992545931001
635.4729579955976533	-0.0585870602554691
635.9549134827808530	-0.0563145723751675
636.4635525088033319	-0.0540756153755686
636.9601609674804195	-0.0520027408847440
637.4629568144514451	-0.0500328344517945
637.9839918177151503	-0.0481297652086723
638.4996836018630120	-0.0463592250627130
639.0163204180415732	-0.0446927082039431
639.5525217887199005	-0.0430796826062809
640.0809853774488829	-0.0415661559528040
640.6145182009413475	-0.0401238196554458
641.1450408126924003	-0.0387477411464087
641.6996139903510539	-0.0373972853734527
642.2443775840295075	-0.0361167654757273
642.7897920382235952	-0.0348838348431806
643.3583169724840900	-0.0336667407907455
643.9328059018367867	-0.0324781392681233
644.5143286238077280	-0.0313231234909031
645.0929238519353248	-0.0302111326161526
645.6714183275438472	-0.0291332082985731
646.2632729330905477	-0.0280697639664774
646.8578296473824594	-0.0270283397997899
647.4502862313377136	-0.0260122822058211
648.0407167070911783	-0.0250093693270988
648.6545857332067726	-0.0240033208014949
649.2598459754840405	-0.0230031501626978
649.8881008931626866	-0.0219981772304930
650.5074129574213657	-0.0210041651717264
651.1300682372585698	-0.0200154027084850
651.7702591194206434	-0.0190255572353289
652.4087252617739523	-0.0180424168589211
653.0664420073184147	-0.0170659003093042
653.7202734187113720	-0.0161028985177055
654.3952970168421643	-0.0151522068451588
655.0658109214462002	-0.0142197886301341
655.7543358144749845	-0.0133054895003580
656.4385648851248334	-0.0124083677717099
657.1425819114649585	-0.0115287284528387
657.8430010574205653	-0.0106624960663514
658.5644318960893315	-0.0098052376966780
659.3024659940759875	-0.0089583136471140
660.0332664539472489	-0.0081203479183759
660.7869012956972483	-0.0072941732948978
661.5346200466019582	-0.0064693426307882
662.3006060858328965	-0.0056428808670485
663.0822353648693479	-0.0048105299730840
663.8597263896310778	-0.0039661657338628
664.6558088442005783	-0.0031057420718624
665.4685753291917081	-0.0022191919784674
666.2973533158115060	-0.0013122372105154
667.1211303369364032	-0.0003862098127828
667.9636546380697837	0.0005522771661515
668.8221948611023890	0.0014975547943684
669.6973477623665758	0.0024243877979701
670.5684178035901368	0.0033136519215639
671.4572085627401066	0.0041454189924052
672.3631722982842120	0.0049095422992209
673.2845518878644953	0.0055975021308160
674.2214881621270024	0.0062095627544021
675.1760770297462386	0.0067531289282061
676.1479215800466136	0.0072424341416923
677.1383152967096066	0.0076921489642342
678.1458748428648278	0.0081190078240246
679.1700736202607231	0.0085379697226985
680.2098933712088638	0.0089651561325294
681.2666328492412049	0.0094218987110623
682.3572532423542043	0.0099102667339725
683.4635448122184016	0.0104577105319975
684.5860759821532611	0.0110673210846624
685.7234407488721217	0.0117499207679007
686.8952687927785519	0.0124845351129359
688.0830008546336103	0.0132591733410656
689.2849533272749341	0.0140384487841454
690.5207021168034771	0.0147628983895120
691.7742846681773017	0.0154041858154494
693.0648150437000368	0.0159127769072288
694.3711607986714398	0.0163010824074543
695.7084042862724118	0.0165722639330915
697.0704033846296852	0.0167734832723731
698.4703309082460692	0.0169335821358701
699.9017048143891770	0.0170994155981032
701.3575385396834463	0.0173118801285111
702.8349075154671937	0.0176094141592961
704.3512827332320967	0.0179947290999136
705.9004456163430632	0.0184820372868036
707.4878536927419646	0.0190439112171938
709.1122279391887560	0.0196331087924170
710.7714380193915531	0.0201923337671782
712.4844611422138314	0.0206384017118472
714.2339837793415427	0.0209483297664297
716.0176216555958035	0.0211344361896280
717.8443958813016934	0.0212378207058197
719.7193574455096723	0.0213228365582055
721.6487928409079586	0.0214410584775337
723.6230082774990251	0.0216526533854339
725.6538537796275250	0.0219683882020542
727.7595608240104639	0.0223365686963685
729.9208341883323783	0.0227330731970501
732.1449053568287582	0.0230835398601516
734.4196342622400380	0.0233491530655138
736.7396424913833926	0.0235311513192795
739.1157932818030076	0.0236612076237780
741.5517398834656433	0.0238022363830306
744.0563896343438728	0.0239961058636439
746.6406472314027951	0.0242322212735738
749.2973358308962588	0.0244817876739434
752.0135268874121266	0.0247222461980271
754.7929138500377348	0.0249079584071144
757.5945898509224889	0.0250887450907661
760.4405009428973017	0.0252810900487601
763.3644417160995772	0.0254716117058183
766.3560641369462019	0.0256774776396467
769.4144421595135555	0.0258748103920441
772.5183765058130803	0.0260713750206320
775.6719183362747572	0.0262598703623842
778.8682217191837935	0.0264593280081229
782.1229741029609386	0.0266487073876568
785.4201144073327896	0.0268475198991890
788.7588018222058963	0.0278871983057338
793.1294749636832648	0.0274640055213849
796.9275812745929670	0.0276730602064822
800.6930285406091343	0.0279065646212588
804.4756620302855481	0.0281729352859736
808.3299966130479106	0.0288808888005410
812.8907073686214062	0.0286466776090914
816.9011715208357600	0.0289836551962076
820.9976320901014333	0.0295601856078345
825.6051769777666323	0.0293719201674081
829.6515361195432661	0.0300667099972470
834.2779796369070482	0.0300204121253314
838.4667278396087795	0.0306212013318165
843.1105383824659611	0.0309356991727856
847.8365566871391366	0.0309864084943924
852.1679712174322958	0.0315566179123274
856.8811226246380102	0.0318583812246462
861.6135555127140151	0.0321848156751163
866.3653510590996802	0.0323346990924417
870.8191312848930465	0.0328427404193182
875.5300772026004097	0.0331962213450424
880.2885765096086743	0.0335553755841777
885.0781964389871064	0.0338979209677421
889.8470733528420169	0.0341523972279619
894.4174660456314996	0.0346430445471535
899.1652304426064575	0.0350191722790643
903.9221678181269226	0.0353963108564907
908.6928508314354076	0.0357739839322891
913.4638479149823524	0.0361116300195226
918.1475493406373971	0.0365452463752493
922.8963108896174390	0.0369620960748013
927.6789583293059422	0.0372943026283565
932.3407517166766638	0.0377650074365256
937.1048730449488176	0.0380468095957540
941.6573781632498594	0.0385698507317903
946.3844131553901207	0.0388629355320451
950.9252546812182345	0.0393759595163408
955.6479980829234364	0.0396637600867945
960.1867312385106743	0.0401951471477569
964.9245780722201289	0.0404630272823908
969.4382965004090238	0.0409942224910427
974.1407666409847934	0.0412787975084548
978.6473301111659566	0.0418227889968775
983.3577768374974539	0.0420898998665629
987.8287745300900724	0.0424265462666032
992.1624763890770282	0.0430565783182120
996.8115629995845666	0.0433419249679885
1001.2477618948189502	0.0437106745677435
1005.3781102250857202	0.0437464592618064
1008.5436830774417558	0.0450258746828937
1011.3608613137655539	0.0466923554322602
1013.7247461044183865	0.0497856604720640
1015.8625476492019288	0.0538246869373134
1017.7395721905859318	0.0591839538132860
1019.4248195612063910	0.0658286393826599
1020.9372281151191828	0.0757525558593851
1022.8062625568260273	0.0885698350665253
1024.2546294852602387	0.1030419200737051
1025.2476108963885508	0.1163300917526897
1025.8728200080288389	0.1264951498623493
1026.3711145319102798	0.1357150585924777
1026.9381021418469118	0.1473753917487249
1027.6958903406687114	0.1647467721597542
1028.7293139065652667	0.1911685501967124
1030.0803911301779863	0.2269010499561697
1031.1211643592098426	0.2594577855630589
1032.1976610739779971	0.2957244369555096
1033.2755972801521693	0.3351086148249531
1034.4068704399419403	0.3782750505799093
1035.4659182218940714	0.4215715752056945
1036.5103996739117065	0.4659603302512224
1037.4991528365771956	0.5105493843168933
1038.4789636830034851	0.5560184442381717
1039.4212766379725963	0.6011720913250949
1040.3344417930429699	0.6462632651456363
1041.3716720141958376	0.6981488887560195
1042.3395214795543779	0.7472199124064020
1043.2783037306962797	0.7954082188805361
1044.1667557017869967	0.8417940422636911
1045.0362872725672787	0.8879883747491423
1045.8681346813239088	0.9330404748154343
1046.6772744244074147	0.9776928890033960
1047.4629780701745858	1.0218868648905590
1048.2485129970434627	1.0668800846302879
1049.0387989236194244	1.1129365826577486
1049.8315652125247652	1.1599057942806446
1050.7163011430454844	1.2126129143589939
1051.7237722488248437	1.2718774883146213
1052.7416666208412153	1.3310320040153325
1053.7547043384759036	1.3893039560935143
1054.7742558965794615	1.4474338738930950
1055.7899881821267627	1.5049173586123514
1056.8062742186325522	1.5620365735580322
1057.8371933703228933	1.6194302749090184
1059.4481970767367329	1.6993797330028506
1061.1918905321308557	1.7771829086274116
1063.7037805757975093	1.8841831015042685
1073.2631379531362654	2.2582599265326828
1077.1226901904537954	2.4011869175175740
1078.0224813935765269	2.4252236986198876
1078.8693752648189275	2.4409659927153062
1079.7193188781548088	2.4531298705461615
1080.5774369156201828	2.4623664213418084
1081.4512803472548512	2.4699950097812984
1082.3751423421695108	2.4773500469389336
1083.3439296816736714	2.4850144075036567
1084.3565635486438623	2.4934902820007796
1085.4406265298689505	2.5035320384465587
1086.5793097156615659	2.5153091334571545
1087.7991108646051543	2.5294844783196027
1089.1214380035835347	2.5466978317874363
1090.5551678186741356	2.5674301672002264
1092.1161622241020268	2.5922525489499582
1093.8808344786273210	2.6229478549938157
1095.8926408165325483	2.6608409831704289
1098.3211911546943611	2.7100619222100630
1101.6175760517110120	2.7803111516776093
1108.5349432876300853	2.9437196924445823
1135.6987817485528467	3.5777850487035714
1136.9810585882125906	3.5923936056314529
1138.1078348310777528	3.5961535679821939
1139.1933562599999732	3.5954046216511419
1140.2450442879849106	3.5912232235014234
1141.2876379318884119	3.5849827443595910
1142.3200235741878714	3.5774695916385642
1143.3521907236358857	3.5691047127543394
1144.3846822306481954	3.5601216415729295
1145.4277051409719661	3.5506633199935371
1146.4461322134802685	3.5410102344625543
1147.4679965116017684	3.5311129432503852
1148.4891905826332277	3.5210097701642527
1149.5147635552928023	3.5107089270096035
1150.5297939274589680	3.5003227666377237
1151.5512066243816207	3.4898037604025318
1152.5866740663088876	3.4791374676973192
1153.5850856966690117	3.4686025010975876
1154.5834391878856877	3.4579818627782766
1155.5726078730788231	3.4472949815875364
1156.5844100556068952	3.4363300672455837
1157.5986601749707461	3.4252543737610637
1158.5960660199343693	3.4142333362748678
1159.5930075686135297	3.4031607075258132
1160.5877742361076344	3.3920330278843465
1161.5782861920320101	3.3808629979868483
1162.5746607461651365	3.3695821485747786
1163.5627752242089628	3.3583011490295092
1164.5481772409275436	3.3469778739939140
1165.5401167054328653	3.3355328647546001
1166.5328658625778644	3.3240368308806154
1167.4989961852102169	3.3127378708864339
1168.4488590263213155	3.3015545277610698
1169.3945532569794068	3.2903457445220288
1170.3680737667659741	3.2788644741501045
1171.3155437109314789	3.2675234451830830
1172.2762798864384877	3.2560228578104526
1173.2399985518306949	3.2444081945652177
1174.2109772364749460	3.2326994839779126
1175.1508039544926305	3.2212226031791591
1176.0812769933875188	3.2097870844260954
1177.0236076661751667	3.1982257157133165
1177.9605898124455052	3.1866522539044375
1178.9155796385523445	3.1748688486418901
1179.8711496538003303	3.1630207420687584
1180.8117653382355456	3.1512609096224060
1181.7560665413693641	3.1394375713889007
1182.7006814017017859	3.1275900675285011
1183.6180770252647108	3.1159357218063470
1184.5566654244914844	3.1040604499258748
1185.5087194871362044	3.0920081663690322
1186.4571650169850727	3.0799324725187498
1187.4059840110123787	3.0678550398085629
1188.3350303768554568	3.0559433987101019
1189.2621920895785479	3.0440498154440188
1190.1642872603126762	3.0323576737781734
1191.1042641840003853	3.0203079237269979
1192.0373552542696416	3.0082606652953099
1192.9691379956677793	2.9961980629657452
1193.9143194122525529	2.9839695671973416
1194.8486894326765650	2.9718528727808997
1195.7423873195978103	2.9601648180384208
1196.6484687824890898	2.9483865847177775
1197.5754549047933324	2.9363551626190176
1198.5079184656442521	2.9242123448235207
1199.4398818794920771	2.9120806827913315
1200.3321332813916342	2.9003554870771917
1201.2298031765083124	2.8886311102432125
1202.1263644688231125	2.8768890941501102
1203.0530973722025010	2.8648686024121859
1203.9248482425887232	2.8534094514373969
1204.7753736412366834	2.8421700180534879
1205.6491591426515697	2.8307222437958619
1206.5556057788890030	2.8189447619887491
1207.4218556412472481	2.8075260146019625
1208.3158300618385965	2.7958331730598691
1209.1753408098691125	2.7845053960418538
1210.0648178867243132	2.7729063972574517
1210.9542642640487884	2.7612937840181289
1211.8201815734403226	2.7499369998629666
1212.6573672865704339	2.7389115548785381
1213.5381198362317718	2.7275017786597457
1214.4250870089447290	2.7160125980850522
1215.2648324112501541	2.7049721598310668
1216.1161299937753029	2.6938531821789700
1216.9758534327952475	2.6827311142600307
1217.8196505573048398	2.6717680553204635
1218.6469447682338796	2.6609734185170590
1219.4625062742593400	2.6503771485747021
1220.2956986018652970	2.6396846902221207
1221.1101116397178430	2.6291681030612306
1221.8933049629538345	2.6189864357667800
1222.7139427639253881	2.6085091679240628
1223.5070542496750932	2.5983110901184414
1224.2680713544466471	2.5884415095160214
1225.0533548890598468	2.5784665158803648
1225.8285757074377216	2.5685430830473828
1226.5809977311653256	2.5588495208187649
1227.3582566198756467	2.5490033075957901
1228.1364098739861674	2.5391712860485343
1228.8616982823316448	2.5298655083711501
1229.6167863086031957	2.5204005278069110
1230.3543689766338503	2.5110488141766121
1231.0668292521113472	2.5019615436090104
1231.8133853001770603	2.4925913147830578
1232.5528880057127026	2.4832269294098661
1233.2668178262717902	2.4742256774818880
1233.9984972821505380	2.4650722960385458
1234.7142627500745675	2.4560211337993589
1235.4412368151354258	2.4470000650105885
1236.1445892406843541	2.4382204868480506
1236.8071430445318128	2.4299105017575986
1237.5036984735534134	2.4212927963434421
1238.1824731795459229	2.4127661519750334
1238.8784866561659328	2.4042467050953782
1239.5401985198543571	2.3959951909619193
1240.2018266151767421	2.3878770569880894
1240.8707494462114482	2.3796466515838683
1241.5260549726967838	2.3715799627821039
1242.1993814330369332	2.3634409612359897
1242.8425512368039563	2.3554990179394846
1243.5353547741926832	2.3472256888514993
1244.1686898326445316	2.3394417606407858
1244.8236916874700455	2.3316113777103689
1245.4753139130255022	2.3237336448322674
1246.1048988510992785	2.3161611562234969
1246.7524890382412650	2.3084498298592995
1247.3753130076984235	2.3009845585804052
1248.0178542144185485	2.2934503669661819
1248.6378182044227287	2.2860199274108761
1249.3015009304547220	2.2782775208688273
1249.9079416203219353	2.2709374881740212
1250.5715413026382521	2.2632974400084991
1251.1945269310726871	2.2558977923943524
1251.8131726765041094	2.2487673690187169
1252.4404435970907343	2.2414231268914726
1253.0516514205382919	2.2343178247345561
1253.6665919220620253	2.2271010173611314
1254.2735822244753763	2.2200689036446146
1254.9017401370995231	2.2127974527302721
1255.4889408786871172	2.2060149770995214
1256.1078522912928292	2.1988993556176695
1256.6883980169666302	2.1922790660382248
1257.2838630223475320	2.1855017636357936
1257.8688231114401788	2.1789127989918353
1258.4440531867578557	2.1723063537548120
1259.0323555213726650	2.1657119906900224
1259.6112650816839960	2.1591287988637937
1260.1838033317726513	2.1527462614943342
1260.7544014718662311	2.1462750270615016
1261.3300680408003700	2.1399313993798241
1261.9014790525413900	2.1335241517274781
1262.4648281429244889	2.1273399704213376
1263.0159429161224125	2.1211341746924153
1263.5686326431430189	2.1151206608817543
1264.1120322130225304	2.1090613265001874
1264.6588602770827947	2.1031501563984181
1265.1754906179553473	2.0973789698606482
1265.7484179492894327	2.0912340329510952
1266.2808750388903718	2.0853926146900745
1266.8120935619219836	2.0796240971407354
1267.3358973742965645	2.0739932014630984
1267.8550554579551317	2.0683299811539939
1268.3760538372114297	2.0628244503939359
1268.8972313566368939	2.0571526214259115
1269.4260309860251255	2.0516209792805027
1269.9318896241272796	2.0461293868161361
1270.4670568298693070	2.0405162448456990
1270.9542750240982514	2.0353015702501640
1271.4610530470006324	2.0298927986687283
1271.9777608308415893	2.0245636654761996
1272.4598356154424437	2.0193615748159424
1272.9802738570319889	2.0140539872519443
1273.4710299726048106	2.0088494620238957
1273.9660106661710870	2.0037452137606291
1274.4265350845098510	1.9989881526566116
1274.8865127538344950	1.9941196848838982
1275.3676669898138698	1.9892778180771751
1275.8298856377050470	1.9844239402222521
1276.3087905532247532	1.9795099533970095
1276.7841543443182672	1.9747017039771795
1277.2414755638201314	1.9699001871389878
1277.7217586817432675	1.9651386525817585
1278.1610793475647370	1.9605659620343110
1278.6123942482956863	1.9559395782071354
1279.0814215080947633	1.9513105240788833
1279.5408507227134578	1.9465733455065728
1279.9878337949940033	1.9421368094459273
1280.4399644777195135	1.9375875930987869
1280.8886490793993289	1.9330156246344712
1281.3357287057165195	1.9286798301096262
1281.7642067718531962	1.9242928695911896
1282.2269022716670861	1.9197210629677117
1282.6558991187766878	1.9155299730002142
1283.0967685669495495	1.9110694816109779
1283.5289424431889529	1.9068850551669314
1283.9471487006501320	1.9027630002897895
1284.3804181947893994	1.8984172049854433
1284.8136969907470757	1.8943103690099858
1285.2344966658145040	1.8901351316255350
1285.6637449713291517	1.8858909080059669
1286.0825826266384411	1.8819482038777759
1286.4919953435023672	1.8778790432992258
1286.9261548284396213	1.8736607702057952
1287.3387915144317049	1.8697828963112217
1287.7591558567373795	1.8656468507287449
1288.1580642099795568	1.8618003036555000
1288.5776543815222794	1.8578990071322317
1288.9971088844299629	1.8537884954134984
1289.3899331937698207	1.8500655929825929
1289.7766865392443378	1.8464624962463259
1290.1790413403550701	1.8425373280469737
1290.5819386622740694	1.8387663100875125
1290.9667606133380104	1.8352042637206523
1291.3626940979756910	1.8313487781063571
1291.7802664172832010	1.8274968709345518
1292.1515006238992100	1.8240745630574495
1292.5173627375713750	1.8205120022450700
1292.8988560126192624	1.8169639708366363
1293.2629274676717159	1.8137006562860101
1293.6205801621490536	1.8102427256134703
1294.0055877329630221	1.8066282017747006
1294.3765675212412134	1.8033570455052357
1294.7261956819888837	1.8000374291049110
1295.0772468537361419	1.7966641810000321
1295.4683387211423451	1.7932564826343493
1295.8033530024160882	1.7901305121940674
1296.1584971217921520	1.7867402147208580
1296.5516593370878127	1.7832462311711668
1296.8957564668496616	1.7801745374018556
1297.2427634662956279	1.7768933730346343
1297.5905698509707236	1.7736833685203173
1297.9339041718699264	1.7707406390400953
1298.2658042996772565	1.7676628472385811
1298.6180183761250646	1.7643609841483099
1298.9696140007652048	1.7613017138353748
1299.2969712920225902	1.7584019902338701
1299.6463769283832335	1.7551253059166052
1300.0034542284652161	1.7518923478480268
1300.3440377973024624	1.7490182786419513
1300.6724158445122157	1.7459989519453387
1300.9920342875839196	1.7430090185942180
1301.3172539223910462	1.7402049547479779
1301.6223634448133453	1.7375837142070660
1301.9382471228605027	1.7346560139070424
1302.2657187954480378	1.7316769945204680
1302.5809578925222922	1.7290331663790857
1302.8820886725516175	1.7263889486142794
1303.2105728807882770	1.7233530806873989
1303.5329116685818462	1.7204453947014284
1303.8576725177470053	1.7178086445011891
1304.1543460225227591	1.7151364516141705
1304.4502080615561681	1.7123926429857264
1304.7469304242197268	1.7097481655140472
1305.0769046779196287	1.7071089568881015
1305.3664459951332901	1.7044847346473520
1305.6648364920920358	1.7017427325459196
1305.9552576209239305	1.6992004831058363
1306.2429602407280527	1.6968901173507975
1306.5213381968194426	1.6944160037994500
1306.8148874375017385	1.6917149650440662
1307.1036755785337391	1.6891079765432007
1307.4139269727954797	1.6866466353188463
1307.7168235384731361	1.6839726808788051
1308.0023438755390544	1.6813039840806523
1308.3049134194855014	1.6786429505188141
1308.5928082338132299	1.6763635552806841
1308.8635689099708088	1.6740168789795327
1309.1238299582732907	1.6716009512825947
1309.3892990964782257	1.6691789692526979
1309.6960305208290265	1.6667312616182588
1309.9577047257862432	1.6645354833837038
1310.2209518126328476	1.6621266619386257
1310.4855689399275889	1.6596882255875822
1310.7513639487463024	1.6574210699758603
1311.0098358889640622	1.6553867075688562
1311.2638432525980079	1.6531515357514845
1311.5292114716742162	1.6506892191097160
1311.7955410685335664	1.6482989784122744
1312.0640421539230829	1.6461774236848132
1312.3026012708596681	1.6442140271240524
1312.5711862301054680	1.6417874977327414
1312.8343247817354040	1.6393405059038511
1313.1008041828820296	1.6370367380278261
1313.3665719962966705	1.6350119057689767
1313.6116664210380804	1.6328855994676863
1313.8842564932494952	1.6303627375424663
1314.1417806998354081	1.6280066388188852
1314.4136171109089446	1.6258182240141770
1314.6593908163040396	1.6238981318731784
1314.8836959877037316	1.6218544442948231
1315.1173377184495621	1.6196585124538980
1315.3570673810174867	1.6175093835800372
1315.5891167455472441	1.6156272211631304
1315.8184585209708075	1.6138770877081245
1316.0382249580975440	1.6118937861853353
1316.2840890136576490	1.6096056911770122
1316.5124653600501006	1.6074852130640722
1316.7575902656999460	1.6054919987197407
1316.9802148363867218	1.6037994914560472
1317.2051022536734308	1.6018218586935837
1317.4399677001567852	1.5995880059085046
1317.6848194437955044	1.5972590333811896
1317.9427319214696581	1.5951497571324085
1318.1579233201339321	1.5935031934605806
1318.3873575144721144	1.5914891195483518
1318.5990606323782686	1.5894799742112151
1318.8407763987768249	1.5872376662909966
1319.0774008915798277	1.5852285890016651
1319.3078125955319138	1.5835228403016148
1319.5350128124814546	1.5815941116130408
1319.7361100024875213	1.5796867588130312
1319.9415427054311749	1.5777422271573687
1320.1451874684914856	1.5758813167234260
1320.3573246776290944	1.5742109868173273
1320.5556661629070732	1.5726969578187058
1320.7615052235375970	1.5708774254206157
1320.9662188063832673	1.5689055200528015
1321.1766137151198564	1.5668571284299762
1321.3946448930926181	1.5649197809056863
1321.5974490122841871	1.5632960465847838
1321.8038062976991114	1.5615976411642565
1321.9973584376457438	1.5598155632392530
1322.2100652516523951	1.5577476864008231
1322.4181160517839544	1.5557696355294672
1322.6279831675396963	1.5539842220216771
1322.8285337561958386	1.5524666245096963
1323.0337599283066083	1.5507745125103216
1323.2129833220762976	1.5490807589038367
1323.4253980020052950	1.5470153433655762
1323.6252144431937268	1.5450899773189009
1323.8389094773895067	1.5432700071786487
1324.0367704925870385	1.5418215564403459
1324.2334086915241187	1.5401865316849062
1324.4393754499967599	1.5381803136028818
1324.6542403009814279	1.5360099910175520
1324.8529632219090217	1.5340792768310376
1325.0739533919997939	1.5321961685197927
1325.2679917553273299	1.5307334321504098
1325.4389870401982989	1.5292311114543391
1325.6143029808074516	1.5274978117107445
1325.7948829340534758	1.5256688255674298
1325.9672950003714504	1.5239080512108274
1326.1500206718562822	1.5222056091560223
1326.3356064739023168	1.5208155030532320
1326.4964764149810890	1.5195653906820046
1326.6718855351552975	1.5179554143078968
1326.8474472243751734	1.5161628222329768
1327.0238568010652216	1.5143356175735943
1327.1986857286469785	1.5125795294068958
1327.3779625297258917	1.5109782044208118
1327.5540433811349885	1.5096875342541236
1327.7132252301616973	1.5084700699333684
1327.8993605043065145	1.5069495698234350
1328.0657742606917964	1.5055473268715944
1328.2443154116940605	1.5041359297158032
1328.4222543511261847	1.5029053038464479
1328.5991751243261660	1.5018673221522116
1328.7616584491245249	1.5006023521688499
1328.9448418959009359	1.4988796949874166
1329.1218073054362776	1.4970010700217928
1329.2890824406440515	1.4953423092295235
1329.4684438388505896	1.4938217147996735
1329.6407131534522250	1.4925637572390897
1329.7873571830139099	1.4916119111665966
1329.9688215606772701	1.4902801555746683
1330.1386661487661058	1.4889921065302034
1330.3164604897312984	1.4876658212092593
1330.5048846308559405	1.4863808655292490
1330.6786181088421017	1.4854846035133438
1330.8542813332992409	1.4844352453084442
1331.0299329749100252	1.4833068811752455
1331.1964349591983137	1.4820266422998367
1331.3655790593618349	1.4810464441687579
1331.5116562879759385	1.4803981793320651
1331.6531954662534645	1.4796646226503720
1331.8200344905776547	1.4786712237201576
1331.9290640761353188	1.4767782973904280
1332.1164290221308875	1.4751917609903895
1332.2693548188258319	1.4744430712805900
1332.4393737699365374	1.4738407377093874
1332.5984264548185365	1.4732594118050020
1332.7413147505913003	1.4726586063934868
1332.8918208584354943	1.4719166156975381
1333.0604094106056436	1.4710184343002071
1333.2188024712295373	1.4703278932446116
1333.3957604603676828	1.4696307878101802
1333.5308249535160030	1.4690326071693118
1333.6591322343331285	1.4682091776994546
1333.7421821240329791	1.4660140463848792
1333.9697732621734758	1.4649226119086207
1334.1228407674989285	1.4644137304023790
1334.3088091899985557	1.4640150602573341
1334.4174787031565756	1.4630427285910053
1334.5650067269373267	1.4626207531963256
1334.7123636788508065	1.4622414488380429
1334.8552528975560563	1.4618964466836135
1334.9510734236398548	1.4601154086872163
1335.1688058593106234	1.4594094000550297
1335.2996764505112424	1.4583830144680174
1335.4436433240027782	1.4578768808588449
1335.6689301599626560	1.4570690455065272
1335.7932318259922795	1.4567018651203656
1335.9327066304415439	1.4564952759381631
1336.0840502901480704	1.4556817922371235
1336.2392433360244013	1.4550869425394690
1336.4767033498897035	1.4539771413284861
1336.6134814524623380	1.4528965489880923
1336.7594554060440259	1.4527889939928922
1336.8852345697853252	1.4520044926169273
1336.9743335432062850	1.4503200813719976
1337.1629350932496436	1.4498360008391720
1337.2729972830256884	1.4490704405655115
1337.4070640670581724	1.4487785329961014
1337.5745285935579432	1.4467960835550189
1337.7448962346138615	1.4464421657634512
1337.8251902216532017	1.4441812714370621
1338.2151060772098390	1.4418761080083640
1338.3751217636811361	1.4418093453848095
1338.5539384687428992	1.4413865493524707
1338.7050665498848048	1.4412814917702379
1338.8312236656029199	1.4404651993369129
1338.9222730352153121	1.4381768857638813
1339.3794162201706968	1.4345530977515430
1339.5156622156941921	1.4340243854433454
1339.6460064049988432	1.4340738461082576
1339.7427284941213657	1.4331682959567602
1339.9547260417853067	1.4316035945114947
1340.1286737670129696	1.4311870484273268
1340.2715475822683402	1.4312075245338503
1341.0682167739630586	1.4270798323671654
1341.1995708231295339	1.4266209697506242
1341.3267533333578285	1.4266776668125891
1341.4229368088947467	1.4259686139025687
1341.5746323272521749	1.4260090755801076
1341.6687515928715584	1.4244727765993521
1341.9860440280308467	1.4219304070606660
1342.1400571176588983	1.4219182556299581
1342.2135560573747171	1.4202457371036645
1342.4284427117265750	1.4078076214123481
1342.6847721153910697	1.4088337087053044
1342.7150368863137828	1.4014582977292747
1342.7307617365145234	1.3994385184685569
1342.7403740251409090	1.3993774507322150
1342.7874916741675406	1.3900539398755423
1342.8966426233653237	1.3740760234640699
1342.9119694155178877	1.3734218093256549
1342.9595072618139966	1.3689037275475102
1342.9856528662207893	1.3683561836343652
1343.0355137795058909	1.3670520934879429
1343.0788447595693924	1.3682563709717797
1343.0855201323468009	1.3648447164092294
1343.1744395720220382	1.3650655271414291
1343.2084146810425409	1.3634321094108390
1343.2618795981857147	1.3639488176253098
1343.3109158866222970	1.3640420827300734
1343.3441020134023347	1.3624673018766653
1343.3790261656083658	1.3614344800891522
1343.4732788621417967	1.3621513178561306
1343.5250434967535966	1.3623248707058471
1343.5462521911333624	1.3625814764099606
1343.5603438496623312	1.3593438280399981
1343.5839623224376282	1.3547419058348729
1343.6082135477531665	1.3502284159221358
1343.6144346488717929	1.3524110110321075
1343.6497307002796333	1.3464486886390075
1343.6955280959386982	1.3429575649157623
1343.7229693190263333	1.3384864192272186
1343.8000640331956674	1.3234000584530896
1343.8170055265622977	1.3243348161414337
1343.8407613740716897	1.3246398578960801
1343.8855668530027287	1.3237337443688642
1343.9090563103763998	1.3240379139674892
1343.9156472660115469	1.3206711205224635
1343.9539554869234053	1.3231569102557603
1343.9657769436823855	1.3181863065445527
1344.0087663771196276	1.3184137129502072
1344.0354622229633605	1.3186386504929835
1344.0422261169483136	1.3152431476673496
1344.0873345011539186	1.3155459878239313
1344.1381203276048382	1.3147638135033819
1344.1671634999822800	1.3149331979192318
1344.1739789192588432	1.3115434061819027
1344.2210292843105890	1.3118594211708361
1344.2720603994896464	1.3112916989286389
1344.3227954920364482	1.3108621625589629
1344.3549107043763797	1.3085450488798933
1344.4010030818412815	1.3080761898396602
1344.4374034422246496	1.3057103756642479
1344.4760402821650587	1.3078761531444514
1344.4825630663904121	1.3042123895542288
1344.5340614747944983	1.3055349760479833
1344.5457883809706345	1.3007150333381172
1344.5936414174796028	1.3014646056858021
1344.6386817984921436	1.3036256592001545
1344.6533607447718168	1.2983971765963871
1344.6909478124127872	1.2982730190351968
1344.6985539064007753	1.2968919411280586
1344.7568678181976338	1.2968878796495344
1344.8007754699235647	1.2969068612562562
1344.8493303498435125	1.2932636652356206
1344.8840769957980683	1.2941628883115899
1344.9490012362120979	1.2964737949281580
1345.0074911147369221	1.2987513446109946
1345.0577476375256083	1.3005980736901521
1345.0970114222795928	1.3034275350516000
1345.1028114466278112	1.3007773445019384
1345.1911262937137508	1.3040651799219880
1345.2242449100849626	1.3034515462258143
1345.2803371262048131	1.3057102960409115
1345.3305138772097962	1.3073743830712039
1345.3705404121228639	1.3100823880900738
1345.3763169546245990	1.3074521956724503
1345.4656063384966274	1.3105753346588702
1345.5009911065969845	1.3100095194397223
1345.5583860579363318	1.3123982482255012
1345.6044752766695183	1.3136960573184879
1345.6450118748145997	1.3162724096387814
1345.6507490185092593	1.3136544284058986
1345.7421354478256035	1.3165796153130485
1345.7744787085787266	1.3158192133535265
1345.8288754614106892	1.3177625856487458
1345.8811730396942039	1.3193444839554893
1345.9145607978673524	1.3215739599753429
1345.9202209940497141	1.3189984782308810
1345.9756492345190964	1.3217433499153894
1345.9939998030126844	1.3178055413332694
1346.0054985604822377	1.3179440711718089
1346.0422919109560098	1.3121116532337540
1346.0616897225802404	1.3070299315620051
1346.0753272652782471	1.3101007925854311
1346.1120053801423637	1.3042007954923163
1346.1659792017792370	1.2973144589175845
1346.2015639471105715	1.2901509443937034
1346.2179163683074421	1.2932693551499599
1346.2577053438512849	1.2872649044715150
1346.3101024685745415	1.2811074501158499
1346.3571160716057875	1.2754177883680193
1346.4047242205269868	1.2697299543400218
1346.4620259507075843	1.2636331500891296
1346.5044166651632622	1.2588075635253624
1346.5562409676313109	1.2516885143671899
1346.5669286221914263	1.2550374444115233
1346.6119405419087798	1.2493110720083649
1346.6381940455478343	1.2459418923646277
1346.6450409619208131	1.2485504707346324
1346.6869318006727099	1.2413000697125331
1346.6979494455454187	1.2447339187863131
1346.7442036084487427	1.2391275928109147
1346.7961455035142535	1.2340254850610282
1346.8229785924111184	1.2307928346472108
1346.8299034304070574	1.2334308352838723
1346.8718884481831992	1.2264410504623764
1346.8829092064806900	1.2299086289897565
1346.9198993457594042	1.2264071321173275
1346.9669734219669408	1.2282885828642640
1346.9942139463346393	1.2274530646627413
1347.1135935120043996	1.2199312223758816
1347.4735060171724399	1.1710697230582732
1347.5481428638559009	1.1615135532395204
1347.6253759671535590	1.1519727596366649
1347.7021421599217774	1.1428568503473679
1347.7785973531606487	1.1341404436104627
1347.8570521703420582	1.1255177740110465
1347.9343709489753564	1.1173214654423533
1348.0111886714171305	1.1094622169696484
1348.0878734225759672	1.1018935363614415
1348.1657345050089134	1.0944510634587388
1348.2433215562418809	1.0872594569661829
1348.3199484064277840	1.0803832622583394
1348.3967391737228354	1.0737337250534902
1348.4736207599021327	1.0673851658724891
1348.5514678009858471	1.0612537271474767
1348.6292238570454174	1.0553956658642012
1348.7063041763228739	1.0498380787132799
1348.7834236994333423	1.0445150057051089
1348.8615056002620349	1.0393292570095849
1348.9382223707816593	1.0344396896799912
1349.0168125156219503	1.0296019077483172
1349.0941649950480041	1.0250046679251030
1349.1720668749730976	1.0205188077717706
1349.2505615325355848	1.0161220813953222
1349.3281285271584693	1.0118891659514797
1349.4063394173795132	1.0077087858706624
1349.4833128359055081	1.0036848091805388
1349.5617470963263713	0.9996456098726495
1349.6388027360196702	0.9957418982650141
1349.7167560662767301	0.9918537828719096
1349.7968760789740372	0.9878656087740192
1349.8740225037843175	0.9840511508055146
1349.9496396745530546	0.9804289664714901
1350.0289715746605452	0.9767416981026236
1350.1066997230025208	0.9732367926297715
1350.1849262846235433	0.9698017832018941
1350.2634201079472405	0.9664244869221272
1350.3408771912147586	0.9631626661784288
1350.4195845277361059	0.9598930180642311
1350.4976260809839914	0.9566911931950096
1350.5760124714822723	0.9535002181581010
1350.6545400229626921	0.9503084567557414
1350.7321460232999470	0.9471643632927362
1350.8108222042048965	0.9439663731913490
1350.8897071729220443	0.9407338499290367
1350.9675435771671346	0.9375287962638787
1351.0477779341126734	0.9341698481562557
1351.1262814233382414	0.9308405860281720
1351.2045734285859453	0.9275139070846731
1351.2820172602519051	0.9242828569957930
1351.3613847337762763	0.9209972948201273
1351.4391113425106141	0.9178137132300845
1351.5180677508797089	0.9145903340641661
1351.5968983311381635	0.9113763105248048
1351.6760860686779324	0.9081315858630351
1351.7546701974545158	0.9048884762185750
1351.8326984832560811	0.9016540504260030
1351.9127316872777556	0.8982892722798113
1351.9893360471189681	0.8951176060116363
1352.0685633960026735	0.8918878464295321
1352.1469419112524974	0.8887426904374147
1352.2260156521956560	0.8855982064315883
1352.3046861232035099	0.8824947487794007
1352.3835613405462936	0.8793939801110757
1352.4629326283572937	0.8762663734807106
1352.5415720471789882	0.8731598038979027
1352.6208912035629055	0.8700010310145617
1352.6978114551852741	0.8669811812691185
1352.7777583985277943	0.8639018266527564
1352.8564276196514129	0.8609351413326937
1352.9354937451846581	0.8580011426959548
1353.0145970686655801	0.8550973822247826
1353.0934146171202883	0.8522314843525873
1353.1729617403859720	0.8493417701329090
1353.2515000908961156	0.8464970188945936
1353.3308743446727931	0.8436045867562215
1353.4089658300301835	0.8407685406674512
1353.4862828537907262	0.8380458036897447
1353.5657760200542725	0.8353127341018324
1353.6448513183052000	0.8326542268074588
1353.7241063668757306	0.8300330078175112
1353.8032329270006358	0.8274508471666020
1353.8824882095843805	0.8248843864473571
1353.9617480252331916	0.8223256925234285
1354.0409490959038976	0.8197683794441113
1354.1202970169995297	0.8171903674711508
1354.1968002579944823	0.8147843310948650
1354.2772083289596594	0.8123151649449329
1354.3560055034035940	0.8099705348980035
1354.4355290616654202	0.8076532980356808
1354.5148535757650734	0.8053818222212528
1354.5942049935931664	0.8031373833190144
1354.6735608523113115	0.8009093094568007
1354.7531565939125358	0.7986745069400188
1354.8323950303674792	0.7964447601756637
1354.9111014083557620	0.7942405971106594
1354.9884523658304261	0.7921712766989448
1355.0684480635934506	0.7900919806085570
1355.1476766625314667	0.7880979314823557
1355.2273453128423171	0.7861363719036911
1355.3068138405283207	0.7842144507894933
1355.3864414485681209	0.7823081679073403
1355.4660067692941539	0.7804114049654738
1355.5455221825695844	0.7785137857787833
1355.6251190066802792	0.7766001556443380
1355.7027558086251702	0.7747854621882801
1355.7813958537972212	0.7730316361962017
1355.8613103689310719	0.7713098785780674
1355.9408802118737185	0.7696508989273756
1356.0205712677786778	0.7680282380998595
1356.1002592409201952	0.7664321916408701
1356.1799468112424165	0.7648502367107500
1356.2596237938537342	0.7632707632915714
1356.3392946213398318	0.7616822810871408
1356.4189582395476918	0.7600739098603178
1356.4954141018877181	0.7586240854182333
1356.5758040021821671	0.7571468089009220
1356.6552667018543161	0.7557534807100248
1356.7349396413858358	0.7544014820594440
1356.8145540199850529	0.7530842718407418
1356.8941727275894209	0.7517876331539028
1356.9737812158869019	0.7504997444128051
1357.0533829426990451	0.7492088417271200
1357.1329772084025080	0.7479037363192726
1357.2120329924382531	0.7466032176998570
1357.2896096651343214	0.7454075166479354
1357.3695898547630350	0.7442261651027942
1357.4490625740695577	0.7431110411508928
1357.5286330015558178	0.7420347458821677
1357.6081742250123625	0.7409870652815138
1357.6877126569347638	0.7399549028502229
1357.7671703481403256	0.7389411267365601
1357.8850803475565954	0.7374251393591446
1357.9828267116038205	0.7361106121567940
1358.0896107700018547	0.7347787901100755
1358.1949519836250602	0.7335756812980707
1358.3010659725991900	0.7324457081467151
1358.4067116671642452	0.7313692106460864
1358.5125983213638392	0.7303107061458181
1358.6183201215044392	0.7292459694073946
1358.7241099092984769	0.7281467116283931
1358.8281544267326808	0.7270570157687247
1358.9315993601910577	0.7260904707993782
1359.0385601897698962	0.7251924102236113
1359.1435949586705192	0.7243707323313553
1359.2496470124845018	0.7235750598055031
1359.3551249298359380	0.7227878630985641
1359.4608880071227759	0.7219765266933474
1359.5664716391902402	0.7211190276081103
1359.6688467950502854	0.7203142494118455
1359.7741888212885897	0.7196040575834738
1359.8799566560935546	0.7189727636528036
1359.9854638318797697	0.7183925314968964
1360.0910756502498771	0.7178324467540360
1360.1966100648999145	0.7172661147030387
1360.3021601739847029	0.7166670028730032
1360.4076769010396220	0.7160107846429543
1360.5084675177038207	0.7154450008094717
1360.6161618006360641	0.7149444936306508
1360.7205779652049387	0.7145294015450188
1360.8265503470856856	0.7141485202176846
1360.9317572085135453	0.7137830222932915
1361.0373067545174308	0.7134015711913152
1361.1426675807729225	0.7129810020388845
1361.2480946466012028	0.7124960783615986
1361.3481535936580258	0.7121089626507182
1361.4558335389092463	0.7117850919951961
1361.5601161646786750	0.7115389431443528
1361.6659214279584376	0.7113265162160037
1361.7710252912486339	0.7111252519427007
1361.8764146964658721	0.7109056003070671
1361.9816449848376578	0.7106439987074856
1362.0869164269695375	0.7103160125819232
1362.1870051290561605	0.7100705378308081
1362.2943055987907428	0.7098941027918111
1362.3986098536620375	0.7097900433482168
1362.5041572599527626	0.7097177392709212
1362.6091545957110611	0.7096539428182121
1362.7143542174137565	0.7095706953412555
1362.8194390210483107	0.7094440732533877
1362.9245429728052841	0.7092502569104464
1363.0252437774850023	0.7091077100125345
1363.1319745885948578	0.7090416677655959
1363.2363416771534048	0.7090462563822795
1363.3416176119860665	0.7090850335640765
1363.4465086724335379	0.7091330932980933
1363.5515227861039875	0.7091634536032385
1363.6564599006414937	0.7091519195754999
1363.7613992324145329	0.7090750091116165
1363.8633940851170792	0.7090016393833122
1363.9675069588427050	0.7090173402052455
1364.0726867014295749	0.7091017369079158
1364.1774299144512952	0.7092275551623511
1364.2823055677720276	0.7093663216536684
1364.3871047518341584	0.7094923473089476
1364.4919046400520983	0.7095808654838716
1364.5966771574478571	0.7096086339184754
1364.7005132789472555	0.7095813765824901
1364.8003784959109908	0.7096548560883584
1364.9066753922595581	0.7097940442657270
1365.0108208240285421	0.7099864418851751
1365.1156834772102684	0.7101995683151302
1365.2202748500567395	0.7104086661017930
1365.3249329620630306	0.7105884114443496
1365.4295420385915349	0.7107155271650221
1365.5341421512196121	0.7107677107639764
1365.6344984607897004	0.7108503935767926
1365.7380514649848919	0.7110218311092448
1365.8429307499689003	0.7112553353518749
1365.9473381819905171	0.7115238751543088
1366.0519151466614858	0.7117989507338000
1366.1563632357726874	0.7120560439399802
1366.2608857188752154	0.7122709704279697
1366.3653721305279305	0.7124211725055710
1366.4690613338759704	0.7125091044702641
1366.5689278531190212	0.7126831018890203
1366.6747192998345781	0.7129220786158065
1366.7788333898899964	0.7132118085204133
1366.8833439715233453	0.7135230326634467
1366.9879401486616644	0.7138292922243757
1367.0925353379561784	0.7141060643136093
1367.1971538971329210	0.7143298815350922
1367.3017139554106052	0.7144786125826793
1367.4037864122853989	0.7146048372809662
1367.5047355591136693	0.7148314248006992
1367.6102429050529281	0.7151173834703994
1367.7145731285816055	0.7154459292800154
1367.8194565353062444	0.7157833218409851
1367.9238950625576763	0.7161084532112464
1368.0285257818645732	0.7163956198144955
1368.1329198911325875	0.7166268702701816
1368.2378781427098602	0.7167750303640344
1368.3380895977736600	0.7169517700031530
1368.4414509591656497	0.7172123058110775
1368.5464355703384172	0.7175332012145326
1368.6513084712607906	0.7178866129371407
1368.7563133392570762	0.7182441042485588
1368.8609897317453488	0.7185848389492341
1368.9660188104983263	0.7188947359853866
1369.1094285378328550	0.7192051302436028
1369.2302721989651673	0.7193920353423379
1369.3616406392732188	0.7197264972326989
1369.4925231122454079	0.7201539384231270
1369.6234505720269681	0.7206227953720356
1369.7547877071431230	0.7210830465849772
1369.8857171145659777	0.7214866243418058
1370.0171925956371979	0.7217924364020645
1370.1464831895125371	0.7220007739598817
1370.2722137327086784	0.7223149791994351
1370.4059617193270242	0.7227616632179830
1370.5364700076625013	0.7232454954345585
1370.6683311640047123	0.7237326508125846
1370.8001477782884194	0.7241677024104620
1370.9310459218727374	0.7245033598431245
1371.0610601270270763	0.7247266469904988
1371.1857195054444674	0.7250247119965999
1371.3209470974493343	0.7254713328729767
1371.4503596600036417	0.7259609785679401
1371.5829320940893012	0.7264711778064953
1371.7150352505263982	0.7269365345529719
1371.8466279027350083	0.7273205895472126
1371.9789997300333653	0.7275757327950686
1372.1007724929834239	0.7278886046811698
1372.2370321153664463	0.7284553847645029
1372.3665783568455936	0.7291466065230250
1372.4992163217052621	0.7299494718238668
1372.6314280031890576	0.7307833200984594
1372.7634145513441126	0.7315964677954637
1372.8961932501015326	0.7323416620231195
1373.0266209002761570	0.7329682089144923
1373.1595349199060365	0.7334478363092700
1373.2824373200385253	0.7339341817235919
1373.4177884253779212	0.7346024060775037
1373.5495824290512701	0.7353360968700033
1373.6833907209575045	0.7360948187595640
1373.8148923383234887	0.7368131637644559
1373.9494106332797401	0.7374523823171339
1374.0798873247551910	0.7379561408742801
1374.2116726789861332	0.7383335743859553
1374.3348417048828196	0.7388048370788016
1374.4705883619635642	0.7394317160737661
1374.6025663219797934	0.7401037426177534
1374.7361742011084971	0.7407849256562385
1374.8686024189626096	0.7414141977581761
1375.0012973054697341	0.7419556579505092
1375.1354101411786814	0.7423553533539278
1375.2618898895309485	0.7426894544745561
1375.3914457780647354	0.7431710035114760
1375.5264438575522945	0.7437692999156420
1375.6583590304360314	0.7444093920567586
1375.7923484356242625	0.7450582433219449
1375.9278164508582449	0.7456463297082973
1376.0610297273901779	0.7461223318153025
1376.1952303702435074	0.7464526454073743
1376.3196000489374455	0.7468097991468603
1376.4522501151914184	0.7473823552736303
1376.5867113328934010	0.7481129891637730
1376.7218876820650166	0.7489229770172821
1376.8538506991244503	0.7497455207623448
1376.9884802670362660	0.7505603550726113
1377.1228371987117498	0.7512933476430600
1377.2566064585987533	0.7519029075405946
1377.3919243690115763	0.7523411312951144
1377.5153397223887168	0.7527900681571388
1377.6476205716564891	0.7534392488034600
1377.7813639128455634	0.7542317576204997
1377.9158483422604604	0.7550927977845832
1378.0488815886506018	0.7559666459200437
1378.1834717769563667	0.7568104030887234
1378.3189863606671679	0.7575649746595485
1378.4526225701213207	0.7581894186405881
1378.5912175431099058	0.7586325684934040
1378.7496057752132401	0.7592110654213152
1378.8745072643896492	0.7598315251435414
1379.0095384015758100	0.7605462719288902
1379.1435402183569749	0.7612904602429942
1379.2816580705778051	0.7619910021458315
1379.4137786624269211	0.7626072944864652
1379.5516808812446925	0.7630937334734349
1379.7213942278942795	0.7634882693638698
1379.8634289314763919	0.7639857439937382
1379.9983170615535073	0.7646172620208886
1380.1333595392225106	0.7653432970578902
1380.2677496103669910	0.7661215862322376
1380.4064489325639897	0.7668836772445441
1380.5406927604753946	0.7675707123039658
1380.6768429267856391	0.7681519144074064
1380.8148393505211970	0.7685863849297464
1380.9822673918679357	0.7689996250180592
1381.1344916244624983	0.7696010461659275
1381.3003062340465021	0.7704533459897853
1381.4624948388920984	0.7713548687638808
1381.6252297717178408	0.7722488597757529
1381.7908753035674181	0.7730479919975426
1381.9553897971268270	0.7736388190472067
1382.1170226529891352	0.7739902215091174
1382.2685161479319049	0.7744334771590260
1382.4358215058368842	0.7751481876777415
1382.5933294274207128	0.7759462626272511
1382.7614190219380816	0.7768074109310478
1382.9182725740276965	0.7775659232733593
1383.0883930028276154	0.7782195173103585
1383.2500412330025483	0.7786029531078765
1383.4032782587055408	0.7788700436071042
1383.5589547833892539	0.7793672220078123
1383.7249932088589048	0.7800756092253703
1383.8877646054488650	0.7808335388698627
1384.0490560972750700	0.7815695288590548
1384.2138586747512363	0.7822209698633937
1384.3802622084804170	0.7826840267678145
1384.5452927503079081	0.7828863912282538
1384.6900964167537040	0.7831983694697310
1384.8598414342002343	0.7837791310699022
1385.0272550809486347	0.7844710195486877
1385.1925430413932645	0.7851673139335815
1385.3587445578282313	0.7857956557375373
1385.5238199333141438	0.7862581445661729
1385.6886170867633155	0.7864979573216402
1385.8433231481963048	0.7866596580103145
1386.0033915444864761	0.7870486113685142
1386.1692971606203173	0.7876128190535768
1386.3358781377908144	0.7882379633463423
1386.5026257942809025	0.7888206317898452
1386.6659559603067464	0.7893070293436079
1386.8391502377437519	0.7895921125587199
1387.0008348346173079	0.7896746555309956
1387.1543030661182456	0.7899155731373320
1387.3213509909405730	0.7903599615881076
1387.4893395551284812	0.7909057922622830
1387.6550217122487538	0.7914638152457226
1387.8274723776644350	0.7919324556927754
1387.9911353918391796	0.7922380543462325
1388.1624663954712560	0.7922819978920402
1388.3089408996791008	0.7924090132380981
1388.4812877208928512	0.7927389349617592
1388.6473952614976497	0.7931899337496231
1388.8126470028876156	0.7936808516650370
1388.9810854034162730	0.7941410712126984
1389.1549627193703600	0.7944421130929745
1389.3187125402230322	0.7945447445781325
1389.4784319186214816	0.7945494027331755
1389.6342298175461565	0.7947787816227164
1389.8066257966668218	0.7951468734181740
1389.9693979667290478	0.7956034314209459
1390.1418439312149076	0.7960476145661823
1390.3103207903136536	0.7963868950519060
1390.4814279409461051	0.7965370202835316
1390.6466867306680797	0.7965037621495622
1390.8010566665441274	0.7966313678696757
1390.9705736718290154	0.7969267546321486
1391.1388538847506879	0.7973338447136773
1391.3107903326297219	0.7977352700721665
1391.4790124775488493	0.7980673435009372
1391.6835062053235106	0.7982702567704296
1391.8789196008417548	0.7982099314812142
1392.0546729944819617	0.7983328732127980
1392.2194402932616413	0.7986325496731398
1392.3913448572372999	0.7990167328671813
1392.5615644195545428	0.7993951500143228
1392.7333620150700426	0.7996902879936549
1392.9439569974272217	0.7998114704456913
1393.1315132722722865	0.7997520359828419
1393.3174764178827445	0.7999098266529527
1393.5164726729697122	0.8002750247851961
1393.7173216041703654	0.8006892914730958
1393.9095451126875105	0.8010396911356293
1394.1152070944251591	0.8012142180972386
1394.3078502595080863	0.8011369882037966
1394.4876662648548518	0.8012113360434696
1394.6570671488857442	0.8014718326951316
1394.8646427489677535	0.8018871234616705
1395.0702172975150006	0.8022729589845244
1395.2743156646019997	0.8024790523798769
1395.4657216504092503	0.8024812452134911
1395.6547337440908905	0.8024577396620228
1395.8478902224997000	0.8026768663057342
1396.0495331561503463	0.8030344627317889
1396.2526887098256339	0.8034114059477205
1396.4544243733673738	0.8036735241062227
1396.6644428608035469	0.8036661560696360
1396.8458090086260199	0.8036289856028159
1397.0407874305810765	0.8038100165258216
1397.2458362045676949	0.8041322539190497
1397.4419400657802726	0.8044949212755657
1397.6489772869360877	0.8047577137054768
1397.8537619247135808	0.8047973047545978
1398.0434618408858114	0.8047542020017849
1398.2401482466741527	0.8049229345410883
1398.4505919914961396	0.8052471546632280
1398.6532160081098937	0.8056170302110170
1398.8648790013896814	0.8058883105412739
1399.0756837304547844	0.8059687600745936
1399.3132500698418426	0.8059159873908424
1399.5298624994757120	0.8061534719098691
1399.7380571611618052	0.8064870850017960
1399.9821370880893028	0.8068766945126987
1400.2245668437024051	0.8070624859124204
1400.4585570950453075	0.8069955002212579
1400.6765586884057484	0.8071280241851736
1400.8767017766583649	0.8074323702464262
1401.0858393134956259	0.8077875876460997
1401.3020877677545286	0.8080592385413849
1401.5465123387687072	0.8081140455496867
1401.7625598059198637	0.8081042138754727
1401.9643767823233702	0.8083257654717002
1402.1766976020608126	0.8086606106815336
1402.4233097103963246	0.8072830128604880
1402.8403311207998740	0.8120708904897087
1403.3064262334976320	0.8243866534407546
1403.8174034578455576	0.8447965493502342
1404.3830726770429465	0.8741989866777052
1405.0157847824903001	0.9137764363439164
1405.6432038350010316	0.9555454460713710
1406.9701473047175568	1.0485196562828569
1408.2948654612025621	1.1461880062101326
1408.7725369307056553	1.1755909727889575
1409.5883498219809553	1.2180159304630147
1410.5469733815909876	1.2595427925480269
1411.4080497004645167	1.2892411622287805
1412.3497934470490236	1.3209488572785180
1413.1492095899857304	1.3482838481152930
1413.4641195344397602	1.3522690080102164
1413.5817227004974939	1.3521472435356994
1413.7976707575085129	1.3501746890343804
1414.1443952550564518	1.3444335248483474
1414.3545292352896467	1.3384257977212668
1414.8663670239050134	1.3197496534116997
1415.1261123736728678	1.3091879029263764
1415.5539878823626623	1.2921071348325066
1415.9929289242293180	1.2732064183443215
1416.4168112227616803	1.2537533761820159
1416.8569886956252049	1.2324961944402351
1417.2863387616785076	1.2109513593975585
1417.6105846682471565	1.1952383982093702
1417.8780359790771399	1.1845638507610516
1418.1501042936970407	1.1756674738023478
1418.4157883748105178	1.1686429816109942
1418.6902005886636289	1.1628487830514240
1418.9585363485889502	1.1584459475032596
1419.2263092705557028	1.1551244455324616
1419.5027038564101076	1.1526405691581838
1419.7841826622254757	1.1509814805163330
1420.0697362322432582	1.1500438870664218
1420.3638581137283836	1.1497229629769437
1420.6417775942466051	1.1498922202390083
1420.9266708029715574	1.1504429235463867
1421.2124076466809584	1.1513159853928605
1421.5153252688642169	1.1524630710711221
1421.8265004241939096	1.1538363354251266
1422.1416345193817961	1.1553403374182698
1422.4445949169332835	1.1568590959393477
1422.7465386765841231	1.1583727130819417
1423.0496182240021881	1.1598566285127421
1423.3629575597676649	1.1613204138473707
1423.6806735094121450	1.1626854180457746
1423.9895600327756711	1.1638994579499757
1424.3076439859830771	1.1649816588967714
1424.6399711128642593	1.1659161241451836
1424.9617019682718819	1.1666229212804542
1425.2893373458705355	1.1671264855221386
1425.6235211452255953	1.1674010483847048
1425.9477920492170142	1.1674494586160458
1426.3068901983444903	1.1671808153391816
1426.6406603055736468	1.1666909040469355
1426.9754277724534859	1.1659328100095629
1427.3109581965322832	1.1649176128631604
1427.6484490661307518	1.1636320802147189
1428.0000805729177955	1.1620068052694257
1428.3596127415214596	1.1600575318792437
1428.7019005618542451	1.1579530689584558
1429.0643415844990614	1.1554281274194802
1429.4161155111116841	1.1527213204574200
1429.7645529994965727	1.1497888860779679
1430.1188893208370700	1.1465564583477033
1430.4817970963827065	1.1429865877231451
1430.8418958222748643	1.1392047600721285
1431.2117823056180441	1.1350636297051420
1431.5698940531881362	1.1308323105505211
1431.9415095701615428	1.1261893981919329
1432.3069655217245781	1.1214093113231192
1432.6839722955082834	1.1162458819386731
1433.0700506388786835	1.1107384095466453
1433.4400166697757868	1.1053993094412484
1433.8063756386598016	1.1002346653357760
1434.1797135852818883	1.0950376939708177
1434.5422047140070845	1.0900237011199712
1434.9206675174648353	1.0847588288170711
1435.2856902828921193	1.0796289054075900
1435.6548118748451088	1.0743680086710066
1436.0334944203646046	1.0688654831443534
1436.4022713509141340	1.0634047547534031
1436.7983080380115553	1.0573557311056860
1437.1872836658258166	1.0512923003923935
1437.5559379417297805	1.0455412119254661
1437.9393823518944373	1.0394946056490497
1438.3205093870292330	1.0334334776274701
1438.7049994064786915	1.0272304924313762
1439.0817329133089970	1.0210585122799281
1439.4783034270999451	1.0144139364891471
1439.8616470730555648	1.0078821376325158
1440.2500589848855270	1.0011923403824545
1440.6419970856882173	0.9943819645453108
1441.0425758160683927	0.9873333945604067
1441.4444620468175344	0.9801543445816971
1441.8452874937609067	0.9728762413864810
1442.2491750520975984	0.9654231885724548
1442.6601785907505473	0.9577595904392985
1443.0621759325238145	0.9502012834685432
1443.4701050772207509	0.9424210664697499
1443.8746896664506494	0.9346040620934424
1444.2881404901115729	0.9264976835515026
1444.6971515770740098	0.9184173658074237
1445.1135716319224684	0.9101015808378844
1445.5354080194056223	0.9015807547603024
1445.9581637270412102	0.8929424765129967
1446.3812241800746961	0.8842146107124476
1446.7970716959566744	0.8757184972230569
1447.1960514918314402	0.8679355535522622
1447.6076340420254382	0.8602289475320766
1447.9909756773997742	0.8534328764470005
1448.3678156154501266	0.8472908561337746
1448.7636600519324475	0.8412636888476622
1449.1542639048493584	0.8356882261848597
1449.5322704611028257	0.8308233641513880
1449.9059804242881455	0.8264533082848584
1450.2900704374583256	0.8222781929049244
1450.6448768353106971	0.8188067223763437
1451.0084284639669931	0.8156437826422377
1451.3780281357778676	0.8127264372946775
1451.7441684251871266	0.8100825457265565
1452.1134083169069982	0.8077905778730897
1452.4829277230776370	0.8057947567109192
1452.8616325714165214	0.8039291040905167
1453.2117636352165846	0.8024762620723052
1453.5644679541082951	0.8012626425258936
1453.9448355617571451	0.8001137809071937
1454.3269587224642692	0.7991064662316878
1454.6993860122572642	0.7983811610945446
1455.0540802891530348	0.7978629312251261
1455.4283847625658836	0.7973633900496936
1455.7878274774841429	0.7970831059090392
1456.1570655202963280	0.7969403043802351
1456.5185726883262305	0.7968684475935879
1456.8667260790505225	0.7968877889623732
1457.2274811468878397	0.7970515904397657
1457.6050815164633150	0.7972894725904210
1457.9631634915915583	0.7975470398447295
1458.3294283840891694	0.7979431854420148
1458.6915321057656456	0.7984187771403559
1459.0703649116467204	0.7988805667580602
1459.4143663066854515	0.7994195425654592
1459.7826751914628858	0.8000610640028183
1460.1556942209710996	0.8007160444678488
1460.5121020487783881	0.8013528727053784
1460.8665035764311142	0.8020963677435875
1461.2226463432432411	0.8028745976315406
1461.5954020647754987	0.8036288644673509
1461.9578202372188116	0.8044618438401606
1462.3190089506349523	0.8053400354611669
1462.6982487963766744	0.8061989460545376
1463.0571323562719499	0.8070526431323107
1463.4049710198789853	0.8079686897190210
1463.7736771564193532	0.8089004212465621
1464.1455502035723839	0.8097971800167251
1464.4873802995386995	0.8107354737281404
1464.8523362980413367	0.8117210508818737
1465.2239912954676129	0.8126526664242144
1465.5678822724751171	0.8135924782199662
1465.9250904980417545	0.8145977698879471
1466.2980217916310721	0.8155978717909349
1466.6540806597577102	0.8165425049997566
1467.0102971898377291	0.8175621882909704
1467.3625688694121436	0.8185605249141282
1467.7116605942330807	0.8194814033123402
1468.0537324114784496	0.8204637375262588
1468.4143363907039657	0.8215077717857719
1468.7728657164536799	0.8224887409207858
1469.1164997224936997	0.8234304850287330
1469.4649351824925816	0.8244546777018575
1469.8276196097467619	0.8254909738432439
1470.1796252889553216	0.8264415143696930
1470.5360360785630292	0.8274676119028734
1470.8798668971032839	0.8284848525138884
1471.2294395872484074	0.8294533091265871
1471.5887460863800698	0.8304446102732519
1471.9469052793403989	0.8314957911777433
1472.2982753710082306	0.8325053508765939
1472.6666686305479743	0.8334858161032711
1473.0313395647385732	0.8345457409164095
1473.3843886943097914	0.8355880756216371
1473.7484500393618418	0.8365600268931978
1474.0857585342600942	0.8375128379717693
1474.4347030348969838	0.8385388760306163
1474.8009319604509528	0.8395570753760325
1475.1444588704459875	0.8404768936179017
1475.4939044344298509	0.8414890468138994
1475.8499140575086130	0.8425159665361671
1476.2154530637931202	0.8434748211827422
1476.5694057705181876	0.8444584615192471
1476.9070927866005150	0.8454622960425440
1477.2777038130225264	0.8464580359112029
1477.6164092994254133	0.8473693628015830
1477.9778235491010037	0.8483986108330583
1478.3307100323029317	0.8494052679789311
1478.7041994155788416	0.8503640009535304
1479.0562576668874044	0.8513618854092153
1479.4195796619496832	0.8524012140708190
1479.7838872832635388	0.8533599410140832
1480.1370604960795845	0.8543107646525731
1480.5024045391996879	0.8553429041593034
1480.8605946967936688	0.8563164965610588
1481.2139444863453264	0.8572138474966887
1481.5491150215132166	0.8581612630595893
1481.9092998773282943	0.8591649333515843
1482.2715113472029316	0.8600863264577923
1482.6333513026777382	0.8610573376964897
1482.9974557770171941	0.8620797991072449
1483.3579586469138576	0.8630269500413077
1483.7057477970652144	0.8639100005207405
1484.0515249862569362	0.8648731060691605
1484.4113953583648708	0.8658523110461842
1484.7651284773655789	0.8667379543774495
1485.1268721857104538	0.8676974496861279
1485.4652527776875104	0.8686536932631022
1485.8262832493412589	0.8695816356109367
1486.1761655283319215	0.8704592200404631
1486.5290030816265698	0.8714284873828646
1486.8924467284682578	0.8723975845023688
1487.2562404182349383	0.8732740703874993
1487.5975708966345792	0.8741890438057605
1487.9528058981707090	0.8751526035253486
1488.3147964762692936	0.8760559990775212
1488.6756500061724182	0.8769553580313999
1489.0395310469073138	0.8779333305465665
1489.3983580146825716	0.8788542218916215
1489.7536498571839729	0.8796936033158451
1490.1030934641239583	0.8806129605436015
1490.4643169787188981	0.8815595479647245
1490.8287903368493517	0.8824178236733256
1491.1755319829696873	0.8832836240518945
1491.5224542356279471	0.8842051974153725
1491.8963629414338357	0.8851248300984316
1492.2477610497196565	0.8859660474131049
1492.6133124142204451	0.8869225092299000
1492.9880368436752178	0.8878836066373502
1493.3537193339536771	0.8887329556738078
1493.7111856322135282	0.8896325118148097
1494.0571160280735512	0.8905328444167595
1494.4365821522903843	0.8914028382374022
1494.7958465396516203	0.8922567285840599
1495.1585797374825688	0.8931881785826331
1495.5226477313458417	0.8940772494637826
1495.8845211553057197	0.8948894318525837
1496.2397516797711887	0.8957899613218775
1496.5881010948705807	0.8966670299000842
1496.9374425822679768	0.8974560455876045
1497.2947486289813241	0.8983037105680004
1497.6387032675900173	0.8991819443865214
1497.9904242157176668	0.9000223271182737
1498.3621558416773496	0.9008479430795596
1498.7276637025317996	0.9017613344116664
1499.0960829009447934	0.9026665749756416
1499.4689819399081898	0.9034752731339236
1499.8143742944243968	0.9043235524275417
1500.1664777443361345	0.9052083850385785
1500.5264060560739381	0.9060137687209701
1500.8746221616961520	0.9068057052392567
1501.2234871823786762	0.9076735131685862
1501.5760066027689845	0.9085178434325291
1501.9500592628496634	0.9093033572880405
1502.2971844907494869	0.9101457890096296
1502.6527806880299067	0.9110107239465588
1503.0269565621640595	0.9118108499606863
1503.3764264162512063	0.9126113393808410
1503.7248708917463773	0.9134684057463668
1504.1024558264446114	0.9143077984394850
1504.4548405001389710	0.9150671745044432
1504.8203171427621783	0.9159383871487868
1505.1982008271534141	0.9168188101945909
1505.5662089145578193	0.9175854431031851
1505.9194958458556357	0.9184055210672258
1506.2733367549571994	0.9192533102341239
1506.6558484069546466	0.9200552975438243
1507.0080301438783863	0.9208214717648560
1507.3630871190857761	0.9216533290309107
1507.7458234870407523	0.9224790090091612
1508.1111173900051199	0.9232197652657781
1508.4796808034752758	0.9240610610510590
1508.8626678476196048	0.9249074758935352
1509.2310905345354968	0.9256381349388351
1509.5929437083866560	0.9264369281351065
1509.9485532037663233	0.9272521381786075
1510.3346202037603234	0.9280058901459894
1510.6799904751185295	0.9287425337350037
1511.0354904283803990	0.9295446190851869
1511.3913151512692821	0.9303100569251724
1511.7682634720795249	0.9310338323721669
1512.1297366685953421	0.9318403799602887
1512.4876318521437497	0.9326333422952509
1512.8694828870300171	0.9333538565355395
1513.2252819616653596	0.9341198924586066
1513.5837566560226151	0.9349219472211722
1513.9733959232560210	0.9356733762976387
1514.3246985436824161	0.9363889297805449
1514.6796018988993637	0.9371727634969634
1515.0371238163777434	0.9379278025441263
1515.4174063989189563	0.9386338424617449
1515.7806748592022359	0.9394253039849860
1516.1690711761605144	0.9402421072311330
1516.5416473637230865	0.9409395833954335
1516.9022716548952303	0.9416852103882136
1517.2582472575741122	0.9424656112897879
1517.6532156606001536	0.9431961605885817
1518.0011966582933383	0.9438941733786573
1518.3617793125386015	0.9446700630334525
1518.7512064939678567	0.9454367267469210
1519.1186377119929602	0.9461255324030377
1519.5038010286818917	0.9469326684603940
1519.8962600904128522	0.9477307186843241
1520.2768811122939496	0.9484222511687546
1520.6560636671545126	0.9492043642212311
1521.0290795254627483	0.9499740694324899
1521.4003987609039541	0.9506333354003749
1521.7645257328424577	0.9513461340161100
1522.1290138919280253	0.9521112642273364
1522.5261395815232390	0.9528298974954388
1522.8920336805681472	0.9535124330474452
1523.2537489051871944	0.9542567626338551
1523.6202130916326496	0.9549660317628700
1524.0004928849539283	0.9556227668884328
1524.3769955455202307	0.9563751403084447
1524.7423044834126813	0.9571091952292324
1525.1366308192075394	0.9577678003289019
1525.5000668324362323	0.9584811747140027
1525.8658093250696766	0.9592196347986917
1526.2633151564853051	0.9598903444769116
1526.6251433360923784	0.9605671821725380
1526.9901353994112014	0.9613020995264149
1527.3879053488055888	0.9619945000023553
1527.7518452658157457	0.9626339856677366
1528.1117480670513942	0.9633496902954163
1528.4828549311339430	0.9640510260786463
1528.8761643862092114	0.9646912129209573
1529.2477610546852702	0.9654157545088821
1529.6468604905762732	0.9661649300029838
1530.0348404935234612	0.9667993960483041
1530.4061842884029829	0.9674964216836180
1530.7784810024218132	0.9682130542880840
1531.1781506554052612	0.9688511936989384
1531.5417416558200330	0.9695084316844391
1531.9105587801643651	0.9702181617712831
1532.3132996499944056	0.9708798819972358
1532.6794609557287004	0.9715122311022076
1533.0756787147483919	0.9722477389234987
1533.4706787497168534	0.9729269159556918
1533.8477234909883009	0.9735413422949020
1534.2342390215487740	0.9742572445502711
1534.6336871231546866	0.9749493880744307
1535.0163875043508597	0.9755494329156477
1535.3938295482475951	0.9762456692235671
1535.7991034659530669	0.9769509303565268
1536.1852176503657574	0.9775498396395460
1536.5618153319680914	0.9782266019984645
1536.9639790705150517	0.9789304033521148
1537.3542012173622879	0.9795252895992633
1537.7313686030113331	0.9801717518371411
1538.1340244960467771	0.9808579367806918
1538.5271988551719460	0.9814330380564971
1538.8957902214312981	0.9820566089258219
1539.3008489114160966	0.9827524128821984
1539.7041978541528806	0.9833462309790848
1540.0745930259267880	0.9839445188491966
1540.4510719582581260	0.9846037933843468
1540.8592777333421964	0.9852162383271260
1541.2350549824502650	0.9857990115025708
1541.6324863928687137	0.9864740312221019
1542.0338165145308267	0.9870937966904201
1542.4141065082721980	0.9876595267108337
1542.8067834251330623	0.9883227879564813
1543.2107419760000084	0.9889492802084827
1543.5939540750439392	0.9895010887908698
1543.9794055591969482	0.9901490841823712
1544.3898321076019329	0.9907856154266043
1544.7760015157784892	0.9913274324530377
1545.1564463536237781	0.9919595191684011
1545.5647718733482634	0.9926000680859446
1545.9583018512337276	0.9931468231128627
1546.3660497164783010	0.9937921174369635
1546.7646861392470328	0.9944309615050767
1547.1649303788256020	0.9949742454171175
1547.5716281858158254	0.9956075942431576
1547.9729523500716368	0.9962420307463237
1548.3704327306122650	0.9967788829997314
1548.7782818328689700	0.9974028012574434
1549.1819434891558558	0.9980334012911076
1549.5799991348744697	0.9985650009783485
1549.9878278990083800	0.9991752248435394
1550.3884394088418048	0.9997981696110774
1550.7888075475311780	1.0003257022881948
1551.1963005674638225	1.0009256754241667
1551.5974164723236299	1.0015474322665379
1552.0007933887454783	1.0020751740906131
1552.4083721928211617	1.0026645500120863
1552.8103262258273389	1.0032775911086531
1553.2129272543816114	1.0037948278891315
1553.6167520610399606	1.0043703692751254
1554.0205640356591630	1.0049780515616908
1554.4234743871197679	1.0054934873529271
1554.8261577759844840	1.0060575134755598
1555.2324262086963245	1.0066619375200485
1555.6354691861979518	1.0071775473865492
1556.0406280280840292	1.0077324391931073
1556.4470090229344805	1.0083285055064828
1556.8505200976910601	1.0088389792595411
1557.2554236682901774	1.0093820586610105
1557.6603113357916754	1.0099830541167880
1558.0990106483491218	1.0105069736686927
1558.4953682061263862	1.0110544326224002
1558.9029328209335290	1.0116431448807148
1559.3408567452465832	1.0121508882128694
1559.7345005782424323	1.0126933221573839
1560.1427575847762910	1.0132763453383520
1560.5825105578255716	1.0137777746969279
1560.9782663064663666	1.0143200002882673
1561.3882547393052391	1.0148937316831512
1561.8251624783617899	1.0153824160736857
1562.2256469254130025	1.0159222589079113
1562.6332375140154909	1.0164860863848897
1563.0703388957736024	1.0169606344750575
1563.4677182309492309	1.0174969302915859
1563.8762405645179570	1.0180535501815926
1564.3126814889724301	1.0185220706877423
1564.7133747376292376	1.0190550893687993
1565.1214135453926701	1.0196030850617959
1565.5590933165669867	1.0200627641657287
1565.9618313675782701	1.0206032436691270
1566.4034414259624555	1.0211537782592426
1566.8257987896499799	1.0216085489012299
1567.2330543701157239	1.0221487894326309
1567.6741038912400654	1.0226854633407287
1568.0938724667958013	1.0231372248534909
1568.5070180985455863	1.0236767592812734
1568.9469676248559153	1.0241940452639888
1569.3632945056706376	1.0246437144474037
1569.7825121240909994	1.0251823867933150
1570.2214699825224216	1.0256784998244997
1570.6335354233431190	1.0261293337020387
1571.0598864578762459	1.0266631394605326
1571.4970938121291510	1.0271368939521357
1571.9059848200161014	1.0275932847945350
1572.3397485628122467	1.0281221430906129
1572.7750985294323982	1.0285823017778384
1573.2087178487065557	1.0290618716165738
1573.6456286879135860	1.0295873425208988
1574.0781943468523423	1.0300234305154210
1574.5141980625696760	1.0305168609201274
1574.9491972296743825	1.0310258220750959
1575.3791052235931147	1.0314470161490192
1575.8198495910241945	1.0319495894868191
1576.2541825175728718	1.0324370026495640
1576.6787921361028566	1.0328424649678423
1577.0942535886329097	1.0333341173160984
1577.5352509678184560	1.0338093221170190
1577.9854112603102294	1.0342342039302159
1578.4335027092888595	1.0347465609011868
1578.8658728588909526	1.0351923311303608
1579.3052470769284810	1.0356201621057344
1579.7359560859742942	1.0361163482622207
1580.1738277401400410	1.0365279128155847
1580.6087429918502494	1.0369742271955924
1581.0449322854337879	1.0374662479473853
1581.5117926047830679	1.0378653320349731
1581.9411999493343046	1.0383353865268121
1582.3799457349612112	1.0387957605404243
1582.8369567342931532	1.0391878501635872
1583.2766980767835321	1.0396668099959685
1583.7130805659585349	1.0401029810594282
1584.1606406613529998	1.0405006236811696
1584.6145623257496027	1.0409850023994847
1585.0813991856712164	1.0413797020060442
1585.5058562008327954	1.0418068925433426
1585.9458130158018321	1.0422692295158513
1586.4141514242401172	1.0426488588729235
1586.8458798830906744	1.0430988232600131
1587.2848904459572168	1.0435421357111110
1587.7441674718579634	1.0439095335421169
1588.1853155608721408	1.0443737261457209
1588.6568358998074473	1.0447838661677602
1589.0918433614554033	1.0451780236097477
1589.5529545760050496	1.0456366903022116
1590.0182779582848980	1.0460170382873895
1590.4779692513709506	1.0464519555117577
1590.9440451401940209	1.0468980144838060
1591.3986389450947172	1.0472562763207409
1591.8403118506582814	1.0477002249805727
1592.3124066661303004	1.0481008016672200
1592.7519370772051843	1.0484749746827959
1593.2096095976687593	1.0489176986336612
1593.6773908359893994	1.0492880438048280
1594.1370570587637303	1.0497025648219582
1594.6040521542406623	1.0501369186440332
1595.0613563613455881	1.0504818684335733
1595.5014422117244521	1.0509119872709958
1595.9745693881841362	1.0513037861586176
1596.4176694698180654	1.0516624389155615
1596.8722782522884245	1.0520927157689426
1597.3420421875459851	1.0524549708216882
1597.8015313452806367	1.0528521451784190
1598.2694941039278547	1.0532760263780989
1598.7290395672580416	1.0536221579871703
1599.2006193870020070	1.0540439891518452
1599.6660176969644453	1.0544434022778981
1600.1421493237191953	1.0547930364446712
1600.5919192282137828	1.0552228624411057
1601.0626253537782304	1.0555670983859782
1601.5230604889025017	1.0559607998139999
1601.9914030420509334	1.0563817957380413
1602.4804909284853238	1.0567312873074182
1602.9481222808658458	1.0571630107512522
1603.4151618750886428	1.0575427788977734
1603.8845757741407851	1.0579023871227187
1604.3439891390596586	1.0583208683644840
1604.8111155926324045	1.0586569824767365
1605.2785396276631218	1.0590525273342946
1605.7464346027218198	1.0594520324249439
1606.2315146349462793	1.0597861768461090
1606.7055045176393833	1.0602127361879823
1607.2059816487310400	1.0605565211283796
1607.6616689402671909	1.0609401518135269
1608.1324158021429866	1.0613396114604168
1608.6243935039708504	1.0616589050604290
1609.0902556819298752	1.0620750881332544
1609.5939054538134769	1.0624268548500608
1610.0524772596436378	1.0627829259373041
1610.5192802344154188	1.0631835316486198
1611.0181202144844974	1.0634928075252892
1611.4775822779834016	1.0638859820290731
1611.9484753816614102	1.0642547076981619
1612.4298757749343167	1.0645774327779594
1612.9126012563206132	1.0649810464461291
1613.4109932366827707	1.0653061670040338
1613.9004210068030716	1.0656943654135942
1614.3982683206102138	1.0660695700763980
1614.8747224367650688	1.0663923474779020
1615.3561190703023840	1.0667871431732228
1615.8562111114779327	1.0671074833313743
1616.3448865247005415	1.0674839248263681
1616.8435911190554179	1.0678551443957303
1617.3229497959853234	1.0681677613826766
1617.8015873349195317	1.0685560536538510
1618.3033901913663613	1.0688733431644073
1618.7954168852347721	1.0692368037168605
1619.2938434812922424	1.0696008585305237
1619.7754870075702911	1.0699018689560720
1620.2512598683279066	1.0702820223865741
1620.7544511783050893	1.0705909261266184
1621.2448259921575300	1.0709434228605765
1621.7444025860445436	1.0712992985138594
1622.2274762495742380	1.0715930943240950
1622.7042375099870242	1.0719650857509391
1623.2077250265435850	1.0722677199706749
1623.6996450508886483	1.0726111626492691
1624.1994655328442150	1.0729707094110437
1624.7147533767224559	1.0732674613438458
1625.2197665818082442	1.0736385911749460
1625.7147678804390125	1.0739385414575693
1626.2106086612004674	1.0742819863811863
1626.7102810529181625	1.0746259897435493
1627.2206720010369736	1.0749234637526199
1627.7334408756744324	1.0752951908315960
1628.2579949821415539	1.0755804215766576
1628.7493870127054834	1.0759390041746051
1629.2505194700104312	1.0762565674466185
1629.7515598985442011	1.0765542286863907
1630.2434046992038930	1.0769140364966157
1630.7708519293671543	1.0771838621584287
1631.2658814053274909	1.0775396391520888
1631.7668231717766503	1.0778368683882575
1632.2610662475110530	1.0781455025963309
1632.7610044706748340	1.0784972353590172
1633.2822416012513713	1.0787769958711604
1633.7837116917521598	1.0791463574484834
1634.3172447660799662	1.0794259950338021
1634.8040573298262643	1.0797661351651349
1635.3073643165364501	1.0800931237938960
1635.8212016169227354	1.0803709223023235
1636.3326276215104826	1.0807234897248186
1636.8610684808122642	1.0809868307732415
1637.3527703160041256	1.0813377606184751
1637.8904241901650494	1.0816247252384390
1638.3829459215712632	1.0819341919353591
1638.9121861091325627	1.0822593666408216
1639.4295439788886597	1.0825223397939747
1639.9310785962206864	1.0828667670824994
1640.4664204130892813	1.0831357256950673
1640.9865449447236188	1.0834583556110315
1641.5179741236665905	1.0837607662119144
1642.0220224518900523	1.0840387764327439
1642.5398311471180932	1.0843638439363075
1643.0664263989287974	1.0846208576741030
1643.5946549537725332	1.0849478972776088
1644.1249299057060398	1.0852237535719866
1644.6470013397711227	1.0855182159730461
1645.1839781635017061	1.0857940385198719
1645.7247028400593081	1.0860231591269305
1646.2673432568092267	1.0863025757623122
1646.7896094220013765	1.0865141675248122
1647.3234435937297349	1.0867641709882625
1647.8575567175098513	1.0869527812422410
1648.3830057329091687	1.0871728455744178
1648.9202668573716437	1.0873798044302276
1649.4620397978953861	1.0875357189854309
1649.9812520098287223	1.0877533437444651
1650.5125606014780715	1.0878832014058757
1651.0437920674621637	1.0880792014698919
1651.5803636617347365	1.0882132793060857
1652.1097928870012765	1.0883864135254222
1652.6490266963039630	1.0885382251374769
1653.1886295111967229	1.0886598357181569
1653.7146641920674028	1.0888289175271098
1654.2439649022392132	1.0889310733116029
1654.7880158270079392	1.0890850523605426
1655.3230438602556660	1.0891844267601485
1655.8564755375905406	1.0893325431499339
1656.3977256340972417	1.0894406582357274
1656.9271693875573419	1.0895561816278294
1657.4652965877403403	1.0896911780673881
1658.0153107908840866	1.0897702841931514
1658.5644711913089395	1.0899143280537587
1659.1240414912872438	1.0899744458140530
1659.6550224687734953	1.0901193072036164
1660.1970238141416303	1.0901944137423079
1660.7321679283863887	1.0903082774783575
1661.2749163054365908	1.0904081984007983
1661.8189425279874740	1.0904938237391137
1662.3839433749956243	1.0906013916844035
1662.9372792820902305	1.0906652424377861
1663.4853794477755855	1.0907933302559023
1664.0544733606302543	1.0908397217125947
1664.6182391630193251	1.0909528938171182
1665.1777563522127821	1.0910128088063746
1665.7392198345492034	1.0911168596314200
1666.3093877409110064	1.0911765512253349
1666.8716124581371787	1.0912651129909863
1667.4470788772614469	1.0913325113133632
1667.9885741674195287	1.0914091738132783
1668.5549647606521830	1.0914871975209177
1669.1086832154912827	1.0915222813430185
1669.6526154355992730	1.0916284817954023
1670.2222453131475959	1.0916521097971872
1670.7931598350669447	1.0917443528112916
1671.3680614887143747	1.0917758771566124
1671.9374364535719906	1.0918469973005589
1672.5029558795295088	1.0918857519162624
1673.0609466377388799	1.0919464120285090
1673.6361957447281839	1.0919933235387043
1674.2081474611813974	1.0920255263666840
1674.7752140759216672	1.0920897914291841
1675.3356015066060536	1.0921080943727834
1675.8947750759430164	1.0921786225257910
1676.4676329667133814	1.0921790801707574
1677.0406554485095967	1.0922409189778817
1677.6110444332207408	1.0922513384448429
1678.1876638092426219	1.0923065440085753
1678.7674429518665420	1.0923132130087554
1679.3404965191557494	1.0923606921593743
1679.9244372350426602	1.0923527291999602
1680.4741260692630931	1.0924080414517432
1681.0621962552804689	1.0924235121717896
1681.6448194040065118	1.0924316921636275
1682.2385958473562368	1.0924528368888076
1682.8153729917496548	1.0924595264852439
1683.4133092912422853	1.0924869866407392
1684.0035465889716306	1.0924684580470019
1684.5818072601477979	1.0925192449375019
1685.1894137017720823	1.0924790416880332
1685.7719420124458338	1.0925307215480966
1686.3831694243829133	1.0924822269093195
1686.9613257917510509	1.0925338349641800
1687.5776804412171259	1.0924733325284133
1688.1515346330027114	1.0925234117166298
1688.7654894869799591	1.0924622039730612
1689.3390148611040331	1.0925016426369307
1689.9492685853117564	1.0924425039386090
1690.5216043687439651	1.0924736043110246
1691.1132606771006976	1.0924376645672198
1691.6926448982546844	1.0924418554222228
1692.2843297058925600	1.0924171137088041
1692.8668624788533634	1.0924027030489678
1693.4549959360008415	1.0923914049978627
1694.0484708370875069	1.0923594044625735
1694.6638556542222886	1.0923242300859166
1695.2496060751047935	1.0922984053330325
1695.8537035123658825	1.0922713130452468
1696.4422852817363037	1.0922326414744294
1697.0464941957025076	1.0922194437345951
1697.6542603813618371	1.0921565983332218
1698.2539227007080171	1.0921500981367316
1698.8661063709780592	1.0920743954243868
1699.4626922616635056	1.0920739873870760
1700.0800462371801132	1.0919859867580217
1700.6753355723719778	1.0919784077506642
1701.2884593330713869	1.0918891694941222
1701.8833345587265740	1.0918844716380869
1702.5066864925081518	1.0917975941007392
1703.1330423969118328	1.0917695895328330
1703.7518318187212572	1.0916924275914890
1704.3802272696109412	1.0916598921794674
1705.0194525593303752	1.0915501152913767
1705.6213399812993430	1.0915422152030705
1706.2462476746354696	1.0914458933023279
1706.8687710785277432	1.0914088752521998
1707.4904594931865631	1.0913229464758454
1708.1222569573860710	1.0912805936300964
1708.7690333633011051	1.0911731555753745
1709.3970863311649282	1.0911338089210123
1710.0175338551107416	1.0910466632159135
1710.6532699915910598	1.0909928338339823
1711.2984230901477076	1.0908841748418983
1711.9362995534761467	1.0908324796812383
1712.5855652622706202	1.0907168756731831
1713.2176580140048827	1.0906685996747429
1713.8662602256513310	1.0905557503897536
1714.5106793889897290	1.0904851555785626
1715.1524184558556954	1.0903832101567508
1715.7996533616403667	1.0902952512096753
1716.4309985112602135	1.0901987447230084
1717.0699946709742107	1.0901049797178046
1717.6939497126854803	1.0900230737648218
1718.3560127386633667	1.0899030438226152
1718.9958978072115769	1.0898182115636332
1719.6631677955540454	1.0896901523961262
1720.3058278174314637	1.0896067155700393
1720.9606435625992162	1.0894789300900836
1721.5881980365645632	1.0894157447292001
1722.2626880524242097	1.0892547576803269
1722.8888943142226253	1.0892012880943909
1723.5634825088209254	1.0890387443820639
1724.2137400088993218	1.0889626679306803
1724.8878516611694067	1.0888026908590931
1725.5244190899040859	1.0887368922934300
1726.1921862551287177	1.0885694982976699
1726.8392053988559383	1.0884887668298227
1727.5086214151615422	1.0883362196268975
1728.1848410704817525	1.0882194684983539
1728.8359809254959600	1.0881119755298529
1729.4921367366396225	1.0880342859541672
1730.1444757729443609	1.0879295105166988
1730.8151081360661010	1.0878298664199293
1731.4889882168588429	1.0877220803341556
1732.1855409065590266	1.0875835792737649
1732.8531173760732145	1.0874984484332193
1733.5336096859086865	1.0873548051575628
1734.2011065607487126	1.0872523208333762
1734.8685725601260401	1.0871146481517024
1735.5435414209434839	1.0870126628541654
1736.2438242060422908	1.0868369016719430
1736.9311890005860732	1.0867174123426389
1737.5986481745781020	1.0865735158849212
1738.2703224119238712	1.0864478984753725
1738.9563809371950356	1.0862906767101861
1739.6405893327751073	1.0861361720983504
1740.3092914515220855	1.0860174031309480
1741.0078559446528743	1.0858363142563880
1741.6777942559838266	1.0857330068220137
1742.3744466928894781	1.0855467546964606
1743.0526647654592125	1.0854250475209957
1743.7324469424518156	1.0852588756801198
1744.4245528148560425	1.0851159030116080
1745.1181962883667893	1.0849470207573599
1745.8233774384298158	1.0847771753245536
1746.4997867646184204	1.0846403844121131
1747.2178751218616526	1.0844275594599218
1747.8857236715145973	1.0843111125738873
1748.5824133421385795	1.0841141513555104
1749.2686124858234962	1.0839822277046405
1749.9828267456193771	1.0837727333283100
1750.6761133641409742	1.0836342384623237
1751.3853047387594870	1.0834419031777023
1752.0987426008061902	1.0832597980480669
1752.7933955077071460	1.0830973409072204
1753.4942772073604829	1.0829060149299072
1754.1855082900381149	1.0827689543491081
1754.9202659900170147	1.0825330536689208
1755.6111821987669828	1.0824110671622327
1756.3420645339397197	1.0821956109792910
1757.0624448619350915	1.0820130147225391
1757.7590771328968913	1.0818558816189909
1758.4971556474044974	1.0816250140270540
1759.1945180374784741	1.0814822190298401
1759.9094692854043842	1.0812639779282380
1760.6131885670367865	1.0811103452064463
1761.3405692220283072	1.0808949684322495
1762.0716363709807410	1.0806920625916856
1762.7857441161852421	1.0805182806623519
1763.5278324415351108	1.0802956189702968
1764.2594696261990066	1.0801217415717828
1764.9987448818997109	1.0798986165606106
1765.7366284684667335	1.0797091222530317
1766.4565009615262170	1.0795134929607804
1767.1930566523369635	1.0793012121233596
1767.9315247578103936	1.0791017625131720
1768.6697800531815119	1.0788720962006615
1769.3920610196714733	1.0786912566357771
1770.1197548578757051	1.0784685080799197
1770.8484915503599950	1.0782626925173269
1771.5631480219224159	1.0780875910490295
1772.3305248000451684	1.0778253869046814
1773.0708066895531374	1.0776521038518738
1773.8299353420777607	1.0774122469900551
1774.5921388831061449	1.0771906866169441
1775.3346758717509601	1.0769862059954296
1776.0924658419021398	1.0767345487045319
1776.8213323322258930	1.0765665501769717
1777.5885998221122009	1.0763005902680396
1778.3269099936721886	1.0761048360097218
1779.0596072756602553	1.0759012793307163
1779.8283316841980195	1.0756386389591770
1780.5680386472452028	1.0754600780175305
1781.3416043882932627	1.0752050276292551
1782.1222890789683788	1.0749633764026272
1782.8609216983979877	1.0747727096027722
1783.6377539627219448	1.0745092640936642
1784.3982226233470101	1.0743022813361962
1785.1603235306802162	1.0740556866328641
1785.9268767510802718	1.0738232697702257
1786.6737638249148858	1.0736156500882625
1787.4616023510723153	1.0733340872856729
1788.2155926221662412	1.0731430237190767
1788.9931505193771955	1.0728787441996226
1789.7708754368359223	1.0726416617113423
1790.5497330470484485	1.0724122694302651
1791.3294340902584736	1.0721559749736356
1792.1071966296638038	1.0719372064634920
1792.9009278699793413	1.0716778054971381
1793.7105365049851571	1.0713900820039564
1794.4790592270430807	1.0712007599475752
1795.2941270236885885	1.0709210549249633
1796.1153345549726055	1.0706429952088172
1796.8873352948467073	1.0704422907807025
1797.6914438693720513	1.0701596120121648
1798.4971617369401429	1.0699141123832321
1799.2997156549804458	1.0696758360791929
1800.1361239661855507	1.0693797724939136
1800.9342360490238661	1.0691521124737486
1801.7237720739033193	1.0689253004626216
1802.5455028150574890	1.0686671596427619
1803.3592540600275242	1.0684635812090337
1804.1852408770648708	1.0682247424272926
1805.0162229243101137	1.0679728403470750
1805.8307428822565726	1.0677560621455802
1806.6423584027720608	1.0675200207650828
1807.4740047764312294	1.0672698836036068
1808.3043423090293800	1.0670432874325642
1809.1505470127765420	1.0667648474783382
1809.9792659099489356	1.0665073250485928
1810.7745530184099607	1.0663030768189958
1811.5972470350054664	1.0660407221704991
1812.4546060961529292	1.0657563532563130
1813.2707756486017843	1.0655225365608847
1814.0922917044620135	1.0652698433906187
1814.9543313627762018	1.0649859694761890
1815.7910332193521299	1.0647530023340246
1816.6474930772396874	1.0644667180015877
1817.5092169522806671	1.0641936347484142
1818.3556266743496508	1.0639500360820529
1819.2239522964291609	1.0636583726761881
1820.0997439164741536	1.0633755004056329
1820.9637600664834736	1.0631204979634119
1821.8478587957768013	1.0628267591108727
1822.7291763838618408	1.0625275536749774
1823.5832465125117778	1.0622850141204738
1824.4619857563698133	1.0619941936297244
1825.3399623392103877	1.0617022807548693
1826.2037491089986361	1.0614455166127561
1827.0748722474756960	1.0611742727116324
1827.9658896024739079	1.0608719324226801
1828.8603123223376770	1.0605883336895023
1829.7332028145353888	1.0603361205845176
1830.6323349070257791	1.0600272851536785
1831.5287278438004250	1.0597373331759021
1832.4156711574803467	1.0594831816875618
1833.3137409179103088	1.0591991585749532
1834.2420759286446810	1.0588737860643826
1835.1413935597588534	1.0585960794498295
1836.0268250441968121	1.0583227654332936
1836.9362000033797813	1.0580127319870656
1837.8400291726227351	1.0577293255778686
1838.7411496476447610	1.0574550915482310
1839.6408295207213541	1.0571711795343881
1840.5764705934354879	1.0568427091924064
1841.4857910133846417	1.0565746358142472
1842.3935723586130280	1.0562833267074223
1843.3025229812014913	1.0559910621395587
1844.2225658482734616	1.0556863651470578
1845.1070175906052100	1.0554530530076831
1846.0458841095294247	1.0551332741434483
1846.9997774704224867	1.0548088702720160
1847.9295591818950015	1.0545355606774764
1848.8481322435175116	1.0542710500230219
1849.8002284843573761	1.0539432826018540
1850.7410216835737629	1.0536515072986383
1851.6773854031621340	1.0533718871453912
1852.6273873629691025	1.0530754566404055
1853.5966144471044572	1.0527289372591668
1854.5314304724058729	1.0524548765428825
1855.4770004460515338	1.0521691498797288
1856.4306352320870701	1.0518597119683963
1857.3852919642470169	1.0515459167960930
1858.3433823587533880	1.0512449460844600
1859.3034731531220132	1.0509495069516857
1860.2685973569198268	1.0506458049396943
1861.2698218079183334	1.0502991849749441
1862.2586956013528834	1.0499845414382336
1863.2428744126671063	1.0496885735269204
1864.2250988802670690	1.0493796518078780
1865.1985651015047551	1.0490852042386045
1866.2040098519385083	1.0487613496880535
1867.1995656153339951	1.0484694824314844
1868.1754258140276761	1.0482117990419797
1869.1973711910516158	1.0478672482862179
1870.2172617196060855	1.0475327766012543
1871.1980751097992197	1.0472725412346469
1872.2065517998614723	1.0469484079661073
1873.1863339366482251	1.0467157105868490
1874.2358475820333297	1.0464074998222972
1875.2701972370928161	1.0461339277531776
1876.2677911933972155	1.0459039314378158
1877.2906291639692427	1.0456120883612507
1878.3112403546656424	1.0453305884103075
1879.3542596448789936	1.0450255358122067
1880.3873493897840490	1.0447330194918212
1881.3976043577174551	1.0444707578168604
1882.4233588130869066	1.0441891216127357
1883.4815145093948558	1.0438907639171848
1884.5578412930310606	1.0435926243898808
1885.5959615276035493	1.0433368031387253
1886.6292137595100940	1.0430658365663006
1887.6800652312697366	1.0427636238921534
1888.7470588112619225	1.0424481359781046
1889.8349912189726183	1.0421286303148460
1890.9355432541069604	1.0417996104070113
1892.0093892838997363	1.0414900699256286
1893.0474239267430221	1.0412341110160590
1894.1574936094452823	1.0408819393238573
1895.2620457888551755	1.0405631343069075
1896.3582979440705003	1.0402573251846239
1897.4622729348468511	1.0399376182175331
1898.5312637826202717	1.0396858702425364
1899.6512106130085158	1.0393511782952940
1900.7553488589358039	1.0390388733945417
1901.8572916686903227	1.0387471846025573
1903.0070532769286729	1.0383894175980202
1904.1276280940526249	1.0380783627602124
1905.2312819817466334	1.0377862781828460
1906.3370081392831707	1.0374910199981082
1907.4665537318996940	1.0371663110592149
1908.5968439496789415	1.0368448157691006
1909.7209495032582254	1.0365406537921817
1910.8649874897100744	1.0362279204572342
1912.0135370164432516	1.0359178574054881
1913.1675410365562584	1.0355894414030691
1914.2555848455670002	1.0354515519590026
1915.4061897868814413	1.0353517412752478
1916.6723676419342155	1.0352360399678289
1918.0570493206087122	1.0351610813060532
1919.6072235938984250	1.0350926050051650
1921.3377191044894516	1.0349977011842983
1923.2107950860176970	1.0350294296537985
1925.3888453856791330	1.0350137338267926
1927.9300259298554465	1.0350947275497229
1931.1166553516993645	1.0332352147314816
1934.9102568795233310	1.0330770473321611
1939.5743892879163468	1.0315302213754252
1944.7929295573117088	1.0300984551340213
1950.4187184470756620	1.0296168346851533
1956.5161491315122930	1.0294704565936701
