0.0000000000000000	6.4859999999999998
500.0070172894057237	6.4924730280000267
500.0302590109607195	6.5566966118196381
500.0536699966859260	6.6979145448254940
500.0780723679952189	6.9230176175595410
500.1033879065815313	7.2363359291027143
500.1297294468787982	7.6448665939347515
500.1576110359018230	8.1657682438816099
500.1821990643492768	8.6971859902719117
500.2124774546406343	9.4477617667148674
500.2160458407519741	9.5365838572835440
500.2429880027983131	10.2924926592239618
500.2760800930528831	11.3161353345700295
500.2829090910680065	11.5522262558577218
500.3202620610435361	12.8790347130276857
500.3522357724018548	14.1239041859006207
500.3842896869510355	15.4840810886514717
500.4094594729729693	16.6056057875999237
500.4548589752475323	18.8035336716847539
500.4952750345030381	20.9271405589970847
500.5435294059405464	23.6648464476648144
500.5553824598736696	24.3779516328505608
500.6102189563079605	27.8195804496307737
500.6694845975802650	31.8525649500073627
500.7349575434055851	36.6678889658402554
500.8105367574748357	42.6762014182484037
500.8920650477010668	49.6586602940006401
500.9848032895956180	58.1639805121272744
501.0948449676665746	68.9116968326969044
501.2376168944931010	83.6731878768915891
501.5166117460427131	113.9510834527872305
501.7188220889420904	136.3020314595090667
501.9867414665060892	164.6376775561675174
502.2326569200516815	188.9930713181147723
502.4887277018343639	212.2815976548528454
502.7592326320800566	234.4158438133655693
503.0161516580976695	252.9295864824904072
503.2576461438064257	267.5153845524209828
503.4739386760035700	277.7286145987970372
503.6973926283595233	285.0938292611741645
503.9489856663271325	289.7427894298915021
504.3236207947538787	292.2141197731583588
505.7685639883463864	291.4694693637625278
507.0094961722854237	290.7655940386829343
509.4648039864310931	286.0177494996892733
510.7591427835779427	281.1222387440925559
511.8981593224565358	274.1514643153421957
512.8642973062623014	265.3530815903971529
513.7793234111906031	253.9240502173771006
514.6552438938547311	239.9468823777824014
515.6332838207825944	221.2366899607830533
517.0852521978949881	189.7063105921170347
518.7449254541058963	151.9235570960946689
520.2360684815441800	119.2952874195608786
521.3577200745571645	96.0209326766003954
522.2707595994160101	78.1783404797645005
522.9168687602239061	66.3130154883516383
523.3879318819399487	58.1702880795837061
523.9436856584733277	49.1941294409488918
524.3860979061341823	42.6164940888076345
524.7918794258958997	37.0970774752294474
525.1487392979189508	32.6788391153668769
525.4222373277485758	29.6047755369621477
525.6904131775837641	26.8538609120317311
525.9479143836460935	24.4697424752716231
526.2006300772306986	22.3810074476392842
526.4326195726901005	20.6737351432133671
526.6773542817699081	19.0892882835805366
526.9233293737589747	17.7119590185760956
527.1604458006341929	16.5724564961757039
527.3976572995672996	15.6011440078438621
527.6726102246192340	14.6676816269324028
527.9612005203150602	13.8808057302816916
528.2429692140416364	13.2713461124855261
528.5627625934491789	12.7370527841581342
528.9799996376534637	12.2373076583176381
529.3320531912917204	11.9416375231965546
529.7791914331072576	11.6833901600150565
530.5741061958409546	11.4350886270272074
531.2393931083032612	11.3502242815037828
532.7689295481224008	11.3222622426254045
534.5837256184954640	11.3940556460547686
535.9634122275213031	11.5056050998773891
536.9995234829556239	11.6692777712160058
537.6466540536017646	11.8343006151881820
538.2959906875428260	12.0750014921594122
538.9050156714091599	12.3829989818042012
539.4869385774323973	12.7797066013716503
540.0190358326583464	13.2428694667609275
540.5745577659006358	13.8530110911490087
541.0870096358777346	14.5556249376542457
541.5286412350203591	15.2867854328989949
541.9242704490601454	16.0619784837263779
542.3518637814675003	17.0483508427935107
542.7660047236860237	18.1815612128649704
543.1587461368189906	19.4457165684192290
543.5127394603640596	20.7529727481933293
543.8798990512289038	22.2994763480053351
544.3197935419475471	24.4379012756141520
544.7173332234029886	26.6207065947802022
545.1450774585970294	29.2406002642795606
546.5573826966867728	38.6209596101951149
546.9774615205061536	40.9870923053018359
547.3359618695712925	42.6069472491850547
547.6068916582637485	43.5160873592046826
547.9132877516119606	44.1667956504989405
548.2468826917805700	44.3712963523432862
548.5683874736699863	44.0480973778966387
548.8779840924696600	43.2588929006283891
549.2158931624757088	41.8859323630989877
549.4972207416752781	40.3879033734844626
549.9370354007484138	37.5306457196378673
550.0105692672869964	36.9977748284338332
550.5826471081478530	32.6501835738308586
551.1047651923960302	28.5505495553873594
551.4828772840611464	25.7551733540340599
551.8952280168851985	22.9697998677024131
552.2618217977301356	20.7843352260943277
552.5716279464633089	19.1733743478208112
552.8884398649892091	17.7540887455141529
553.1582127469381476	16.7234041175320414
553.4357971006855905	15.8216536740164262
553.7930888960835318	14.8773866953049012
554.0601432961161663	14.3105701849384364
554.3918902827733746	13.7456008827594740
554.8277619991853271	13.1974718240584572
555.3177736185984941	12.7822697561469578
555.7626310772837996	12.5387674599883283
556.3348170454942192	12.3495574190093862
557.3378861111621063	12.2519783634900890
558.1461386272545724	12.3143009210648238
558.8331102024137635	12.4525356794918078
559.5010144893559527	12.6744093646255003
560.1323411268069776	12.9736608513027107
560.7551721631697319	13.3773623147350111
561.3356558675266115	13.8668696765227146
561.8532393565686789	14.4148929387488618
562.4117309996833001	15.1475854415967692
562.8691933975167103	15.8759397949560093
563.2617091828076354	16.6112733149664535
563.7200286619431608	17.6151684384083147
564.1876523654688071	18.8320689940680239
564.6358529978499519	20.2054442862242070
564.9821429631003866	21.4222384829363044
565.3529909718816953	22.8777490670483168
565.3983282663019736	23.0802654794425592
565.8425874681829555	25.0909286195604793
566.2373830102970942	27.0777113267743239
566.9686960375850049	31.1400197500738898
567.6457004630594838	34.9736552435501125
568.1011808720464842	37.2892156920538937
568.4923209856684707	38.9502526335186872
568.8501050105943477	40.0934580973226034
569.1874709585933942	40.7702348638438963
569.5064481831494732	41.0096260088603941
569.8287391342674937	40.8267126694528457
570.1586944270037520	40.1928890409722115
570.5010023972417912	39.0705807811732484
570.7859743058021422	37.8054983150666075
571.2181767559326317	35.4168784315926715
571.3064520868482532	34.8689845441985469
571.8531505951127656	31.2631048222292058
572.3809389306700268	27.6303618085502123
572.8052859334720779	24.8813352637591372
573.2293343696491092	22.3919831121731931
573.6180348591684606	20.3964879186959607
573.9511443789261875	18.9216055497107476
574.2829946041103995	17.6697499225307553
574.5718292492388173	16.7493646884453753
574.8749187412539641	15.9379636750135507
575.2690158865754029	15.0995147934191447
575.6703895291682329	14.4527772759422035
576.0510881075845191	13.9960224260500805
576.4455070493057747	13.6503244157389361
576.9462123337946196	13.3528253313075584
577.7698967621259953	13.1092894860137026
578.3792473124126445	13.0654775560075027
579.1105310653670131	13.1300951593041439
579.9746852959750640	13.3372116722423009
580.5429175462768399	13.5513793775851532
581.1462250738931061	13.8661586938115136
581.8688505722908531	14.3701282385176388
582.4434983366109009	14.8978933977778247
582.9360672072857597	15.4626289673810451
583.6014453852018278	16.3768359221408168
584.0731934781350674	17.1805220722849050
584.5994191762406444	18.2423357034117366
585.0686260867352075	19.3550589086452938
585.4829671532509110	20.4948526662473292
585.8663858237259774	21.6734456241017490
585.8903231508717226	21.7687982717733348
586.5508952238716347	24.1478809258123590
586.9543178793786637	25.7900732077080050
587.6538571763347818	28.8938225331279099
587.8059645480210520	29.6027494766416162
588.2659539643885864	31.7398984180647865
588.8647084781921421	34.2445800641455023
589.3141282750249275	35.7917848004408157
589.6768438089786741	36.7100398529039325
590.0566626515136477	37.2952083237352880
590.4178195045349185	37.4461881952304196
590.7706895247152943	37.1855585806877187
591.1212184022850806	36.5157825161963956
591.4161913400707817	35.6419220545808457
591.8151833319459456	34.0704332882289620
591.8896417667305059	33.7280152254972379
592.3620761192701138	31.3455188803605864
593.7310285311820053	23.6954115690934408
594.1641203800303401	21.6015691092894606
594.5191622924177182	20.1016699592338028
594.8821863335056150	18.7892153943631328
595.2806946504413190	17.5922870071271440
595.6886295809414378	16.6042315025313520
596.0555905044004703	15.9037665785105151
596.4465519819312931	15.3305520622875431
596.8524489055924960	14.8855265230627740
597.5725240563713214	14.3667502105731106
598.0642173467598468	14.1753975170658091
598.6912318442691685	14.0621954046067366
599.0425372733345739	14.0356166704365855
599.8014441828159988	14.1067118665165374
600.5050317018026362	14.2903740062692375
601.2391066234839627	14.5849520782427486
601.8959159343562533	14.9752368887540861
602.6695514803010383	15.5939090868760157
603.2534322391177284	16.1773670065195745
603.6876212718021861	16.6998956228941218
604.3983476358544067	17.7460394350931239
604.8302932461717774	18.5010043297825462
605.2767394792313098	19.3930392285102329
605.3497095534386290	19.5640510413377982
605.8508830174996547	20.7430396694711554
606.2836351011221723	21.8677806913378561
606.2935845545339362	21.9155216826995805
607.0298594762625726	24.1571568537391315
607.4831758798135297	25.6929286294974126
608.6533446538819589	29.9117435849452065
609.2742141524579438	31.9009447792805290
609.7252146985980517	33.0660567437705453
610.1001042202743747	33.7633257756090970
610.5248179313426817	34.2021080104994510
610.9067555807976078	34.2319758687954376
611.2680530811250037	33.9133432540794217
611.6618159497605802	33.1900972907873921
612.0898626623903738	32.0036387544964427
612.5399411598507413	30.3605050136340893
613.1079152916211115	27.8965515907079542
613.7165821505209351	25.0724319182263287
614.2422715721720579	22.7852781815013650
614.6998680341411045	21.0085922273584025
615.1491904262297794	19.5174399755178243
615.5593449612458699	18.4003934318275846
615.9498732826883725	17.5247579592641607
616.4205075165743892	16.6971856025745211
616.8760516707590114	16.0929813746094723
617.3134014445148523	15.6810914757454150
617.8544790789686658	15.3351473541116050
618.4777699527215873	15.1016400115442622
619.1309031650191628	15.0084679095377904
619.7920321738184839	15.0521426755242533
620.5187375468112805	15.2054143330715696
621.1855097304365927	15.4584647930809940
622.0200010257982512	15.9358755333174358
622.7295182726724079	16.4809994664966339
623.2613818088694870	16.9967152621904631
624.0189945401319846	17.9117971271359977
624.6020784180275314	18.7540450931184388
625.2008190262955623	19.7614606084683615
625.9684883805321078	21.3231698320948020
626.5818719412794735	22.7447404520157619
627.4907966751949289	25.1448288088062490
628.4060475107297634	27.7149300262345655
629.0643210458373460	29.3713678697491964
629.6030344834377956	30.4704720670796512
630.0391740174704864	31.1174456914580659
630.4899423259255400	31.4743725610726273
630.9183120983492472	31.4839165476585094
631.3485051701455859	31.1497687430829160
631.7995556312989720	30.4385770557700575
632.1634743359336426	29.6311764821939221
632.5610997962789952	28.5094120735576553
632.7498116678268616	27.9167007679935537
633.2538511113968980	26.2030785652843043
633.9808320048017549	23.5882962624127899
634.4140490212021177	22.1448671535951824
634.9704343193951672	20.5009909808984290
635.4635320301055117	19.2823972999445736
635.9148558089162862	18.3701243976540098
636.3986321703955582	17.5970914120108333
636.8267447942829449	17.0911272738137079
637.3661446570080216	16.6235907327817998
637.9567448396206828	16.2907562188489372
638.6127525390274968	16.0893579578940624
639.2108488779487061	16.0473772465869082
639.9066766988242989	16.1208302142258937
640.5189575839024201	16.2747277099445391
641.2529364648818273	16.5624750674748924
642.1926221979606453	17.1549500275972839
643.0247263453726418	17.8534760260771108
643.6930393280566705	18.5506490823757879
644.2887658230492889	19.2845597589506497
645.2368535164717969	20.7071846292472230
645.8176576806866933	21.7093419223749713
646.6596233178643160	23.3152862426652483
646.7946752805179358	23.6046019870431394
647.7749541845230397	25.6716729799455550
648.5029832533658691	27.0842690082432398
649.1058042446427407	28.0599772763000317
649.6697876673185874	28.7300462473286267
650.1832770282403544	29.0662561026420008
650.6543233056720510	29.0940510322888635
651.1495778141121491	28.8212999853630265
651.6531795632101876	28.2328434294634754
652.0739975288479400	27.5177883438839217
652.7887397143628050	25.9823692463968499
652.8165955143209658	25.8873530891750505
654.6661167271955719	21.2286050452496546
655.1627070637226780	20.2075360092413732
655.7768171685496554	19.1777838757535726
656.3404631457328833	18.4447738664141987
656.8643335777152288	17.9321691193911334
657.5274709733962482	17.4838574830809605
658.1232935528698818	17.2598568429372605
658.8540603099132795	17.1540338710417650
659.6701134698212172	17.2003049451029852
660.3064834943224923	17.3435689602756611
660.9635402520327716	17.5922845168447246
661.2679569347483266	17.7498484595426156
662.1221528301418857	18.2752899766194261
662.9699508776245693	18.9394326160827617
663.8605589246835734	19.8073743276893239
664.9037162424148164	21.0754560812338667
665.8097302981675512	22.3187820372824497
666.7309897806882191	23.6992470565675468
668.0434257063308223	25.5977303914864009
668.7825332228979960	26.4237704154196713
669.4096739631622768	26.8917156116888272
670.0135268169808569	27.0812264698038554
670.7272925352149286	26.9668604488368437
671.3259996320347227	26.5579537785344151
671.8174478354968642	26.0210555808140711
672.5377832362428308	24.9681386519895199
673.7527641953042803	22.8765186184284843
674.5053965722884186	21.5899284382413867
675.2965957342980801	20.4517102205748280
676.0208851109091484	19.6246682661104437
676.7231654676644439	19.0297369780241006
677.3794488876981177	18.6582881048725540
678.1308188498499021	18.4256749743750632
678.9979868421997935	18.3435333547855954
679.7958504214623190	18.4216601582544897
680.6961476943722573	18.6537711657228051
681.4039110208357215	18.9665969599625512
682.5092083116311414	19.6280622863473262
683.2942775347831912	20.2048216438496269
684.4502067164373784	21.1992555653175678
685.1897272305610613	21.9360766520550747
686.8007322203518470	23.6060293959482017
687.8160591663964851	24.5149384294581090
688.6778402991523080	25.0816781945986769
689.6537688698332431	25.4268052607551134
690.3812762603952251	25.4001538179160278
691.1381031289679413	25.0998938626341719
691.9720144319447854	24.4969445067664537
693.2977874764299031	23.1575184904404523
694.1920815453225941	22.1964362246461526
695.3524261829903708	21.0953336421725233
696.2923638601214407	20.4018829512198074
697.1999651592707323	19.9315147252371254
697.8331589356412223	19.7482919771482095
698.7432445431134056	19.6260556248911620
699.7006712451352541	19.6534329925521725
700.9391846770274697	19.8964541527852603
701.9358049576197800	20.2457752941476876
703.2274472933347624	20.9045639313267486
705.3117660893299217	22.1925738994304496
707.2322562968649891	23.3307947346758873
708.2934018961243510	23.8062448336181376
709.2053687150947781	24.0442280329128053
710.1446879910478174	24.0844599062963347
710.9251057498127011	23.9566827475479762
712.2702393480331011	23.5095119517458251
713.4489092308162981	22.9039229602497905
715.3892559259580821	21.8014083760617652
716.3846722099971203	21.3646490990410030
717.4911475914826724	21.0545111991835796
718.6953466542688602	20.8730086100494248
719.9128506385687842	20.8498309190359947
720.9638083681218177	20.9470342167817840
721.9656780442251147	21.1446707283621258
725.3332864363834460	22.1977863518147913
727.9875452828661082	22.9459259667828306
729.3550760491410756	23.1564030014358089
730.7438005871567839	23.1693696550498451
733.2089123923793750	22.8309699773677863
737.2327551984529919	21.9681528081747572
738.0375201395560225	21.8921025523800239
740.6243284582282058	21.8192721151590270
742.6607858607632124	21.9564403947590030
743.5168348199313186	22.0469021972957684
746.0590422695835287	22.4532807044599316
749.3224139468380827	22.7300205437590108
751.5566549029316548	22.7716754747484771
759.3028449727062252	22.4218592147005218
760.6384753546394677	22.4663128007042907
766.4324491187143167	22.6918247174599372
769.8836159068275720	22.7597353769540334
772.7525451448927925	22.8078503282333003
778.3476352020517197	22.8459103525185867
785.0643013431392774	22.9350879896522351
792.0298881158405493	23.0766671261279264
799.1008919256315721	23.1440658780854704
801.9249758046273655	23.1617736445504683
803.5662492697205153	23.1739180438204180
804.2341126675817122	23.2643609112269658
805.3559988770457494	23.2503897953860879
810.0887689834742105	23.2940332618672450
811.3381970756969395	23.3807857787542872
816.0452639955359473	23.3996242705587107
818.4838742538718179	23.4839882768044355
823.6760921282212848	23.4961285728818119
825.3409928423246811	23.5881390083929716
832.3281326115306911	23.7252740111730311
838.6903999765906974	23.7574195487488637
839.5682063700400022	23.8450979859042818
846.9936130447105143	23.9856642237965154
853.7449233986558284	24.0115579737827716
854.4386149714711109	24.1013035943407239
862.5394577400503522	24.2454955948284905
869.3627936567124834	24.3030882452775039
870.3683958499593700	24.3925495266429984
878.4437419161957905	24.5440576665145329
883.8898831170076846	24.5898321767098835
886.8368515604007598	24.6766211546420031
890.3655589892809985	24.7377193830349071
894.4778629608505298	24.8443367027564115
904.0066237858058003	25.0063817263064720
910.9947965718693013	25.0428097496530206
911.9691082812432796	25.1405776778273307
921.1490839036820262	25.3037842501234600
928.2190804979001086	25.3681159841484245
929.9198794324386199	25.4673032314370751
939.2554497683917134	25.6214329422480951
946.5569171509748685	25.6814709180040488
948.4741400289724425	25.7800390662934227
958.2438312961700149	25.9294346137414031
965.5864041771696975	25.9818239088042979
967.7377143519737501	26.0662160080895333
975.3658648094890395	26.1272868678925327
977.7319887117977260	26.2210535278793273
987.0949714704134976	26.3654444661721321
994.1926879859660175	26.4685693617236666
998.1844781330942169	26.5589846820209914
1000.1222878754006160	26.5561620416070099
1000.3880971892612024	26.2177069691072084
1000.7536977892068535	25.3911033228329437
1001.7052563834704415	22.7242259356040890
1002.2371968707902852	21.4577671536147925
1002.7405442151333546	20.4917064773120963
1003.2647400420568147	19.7104584768801168
1003.8108435592201886	19.1005912584236626
1004.4988974914784876	18.5610715783169695
1005.2762343931490250	18.1673926621041488
1005.9153895137591235	17.9558925009943628
1007.1247467105148417	17.7138854886352952
1007.4530764669614200	17.6992357209660724
1008.1035232862990370	17.6894703236910509
1011.9620444588930468	17.6504754692982821
1019.1669994796984611	17.7200144999861848
1022.8100920877000135	17.7301355067593320
1024.3656458636489788	17.7002953395357494
1025.9519645777322694	17.6682302665109603
1027.3837743089322885	17.6115088466293486
1029.6644196030410967	17.5816775408500412
1033.4575752299790565	17.4283780669792741
1041.7845702474332938	16.9339398881139473
1042.8702973707572710	16.8765389949102484
1044.0784819785155833	16.8019178596903807
1045.2029813357919465	16.7159374429253589
1046.2638980514182094	16.6285875133154413
1047.3003632636798557	16.5388394723037067
1047.8982567885580011	16.4886862270163483
1048.5265582478566557	16.4342143325865990
1049.3433277511776396	16.3317814604683882
1050.4408805052012212	16.2055717412217035
1052.9640795206728399	16.0707128165339732
1053.2986824922227242	16.0369168893506817
1054.4675734163549805	15.9243859044800136
1056.3392277964171626	15.7479963810379431
1060.6430736525458087	15.4311910123439819
1062.4246804564522790	15.3988477855920998
1064.0681525005691128	15.3802722500174553
1064.8490318397618921	15.4019094604522024
1066.1817326813295495	15.4179743315029096
1067.5145686893254151	15.4260947906432069
1068.8405977562836142	15.4264026240727787
1070.0704365924032118	15.4025902649057809
1070.8033342917688060	15.3870612147144090
1071.4794110829504916	15.3786234263486392
1072.1626952488552433	15.3729312367521711
1072.8647140884261262	15.3688236128169091
1073.5333737289563487	15.3638905132192036
1074.2530119584341719	15.3604939622689702
1074.9530243598976540	15.3566062009427000
1075.6353186790086056	15.3527623132052895
1076.7115042675297900	15.3785782010089012
1077.3791452833377207	15.3923939863789592
1078.0943428754858360	15.4040414779764419
1078.8228982716568680	15.4097289189351692
1079.5415855601129351	15.4107121797720694
1080.2337541409447113	15.4081547532555252
1080.9586521813002946	15.4051299648116355
1081.6772407514004044	15.4007793123862839
1082.3981612939019215	15.3957285758102245
1083.1370942425091926	15.3908286712367417
1083.8609702179187479	15.3853305606452437
1084.5858493538942184	15.3800656649855547
1085.2973537843161012	15.3739727186250086
1086.0478149308298725	15.3689982407948964
1086.7682426079434208	15.3628243443382200
1087.5143551823268808	15.3572528178607453
1089.2402155658971878	15.4061692276965587
1089.9902604754588538	15.4082220260521243
1090.7716108972438178	15.4086871899277398
1091.5442658433769338	15.4059836592062442
1092.2835782406345970	15.4005167350594547
1093.0326751703910304	15.3939451531626812
1093.8187350088098810	15.3874738251101224
1094.5805166183083657	15.3797981918169473
1095.3594899349918705	15.3718876077232789
1096.1795108488347523	15.3645801122881842
1096.9596053022999058	15.3562769484708390
1097.7433580656856975	15.3478508883858282
1098.5529779152955143	15.3397228729256661
1100.3139652573640888	15.3786400753451442
1101.1468942382521163	15.3808509640518789
1101.9743196368274312	15.3797235409527957
1102.7870102463223247	15.3744585747797444
1103.6201442766209766	15.3669028641954526
1104.4829720230420662	15.3581109908912854
1105.3364831039432374	15.3481802117864721
1106.1708901507538485	15.3376874915003913
1107.0000361413844985	15.3269676072176040
1107.8471372157500809	15.3165221092254757
1108.6824691536673981	15.3053421585090845
1109.5538239931652242	15.2945753092635162
1111.7189486251090784	15.3370683483904902
1112.5845066688355018	15.3305177858486292
1113.4854064317744360	15.3225998341374758
1114.3935187732881786	15.3122290426116088
1115.2967912151996188	15.3000457821791258
1116.2044614299436489	15.2870518882776913
1117.1104177160711970	15.2734870629469057
1118.0198287959988193	15.2598691399844153
1118.9206433027570711	15.2459141505166631
1119.8290882727699227	15.2318546059813276
1121.5961798561588694	15.2528383782571648
1122.5097012435712713	15.2507229746564033
1123.4902556848467157	15.2468096526786443
1124.4540939504777270	15.2370449854926946
1125.4173490205580492	15.2234699047490150
1126.3772964514619161	15.2076481337323361
1127.3360799563636192	15.1907312649952448
1128.2995176200745391	15.1734309976755366
1129.2620695607886319	15.1558692120692271
1130.2297686019662706	15.1382748935007125
1132.2971233459720679	15.1566454703679412
1133.3092027326893003	15.1477193499175229
1134.3516328637490460	15.1358944943140052
1135.3781514537220119	15.1197484053763880
1136.3969357534049323	15.1004806017874458
1137.4328272429249864	15.0799386323050744
1138.4551262262546061	15.0583252078727892
1139.4864016005572012	15.0364155679701916
1140.5252564482605067	15.0146387597565845
1143.0549620848605628	15.0287637724428205
1144.1164061213553396	15.0102624846442900
1145.1571347649435211	14.9885158472108309
1146.2477834358498967	14.9652720520124110
1147.3319617563656720	14.9400479280904950
1148.4202436475761715	14.9138985397601669
1149.5029132656879938	14.8871840705955485
1151.3814725161723800	14.8640416668735860
1152.8589454079317420	14.8650180584302340
1154.0806405929804441	14.8442527932191748
1155.2498380736424224	14.8190715086004960
1156.3935145878431285	14.7905285198439849
1157.5149008778200823	14.7599003315081934
1158.6389677670767924	14.7284357675352329
1161.2153423577292415	14.7180353011419633
1162.3650877128491175	14.6913800107133774
1163.5551430832870210	14.6620188564497376
1164.7477667158443637	14.6300187019028556
1165.9411079466101455	14.5965891807911188
1167.0894445156918664	14.5615444035878241
1169.8465543524469012	14.5417302999755087
1171.0686207618289245	14.5091845318340695
1172.2876390217356857	14.4737476419294548
1173.5197921067301650	14.4365797891763439
1174.7389086846942519	14.3977959758102951
1177.2085164182235530	14.3571922494690707
1178.8406812559851460	14.3220316301495387
1180.3165460213708684	14.2844727799105566
1181.6509382461526911	14.2409484799004105
1182.9370980968303684	14.1961457789307026
1183.4762702341668046	14.2248699197030337
1184.6780638207046650	14.1793486619506979
1186.4143323819203033	14.1403629130474435
1187.8466819682746518	14.0929690646635457
1189.1788566725226701	14.0442311570411853
1192.5200745345575797	13.9894687082140869
1193.8513478484994721	13.9393533360857766
1195.2541047744734897	13.8873687686300933
1196.6454246161206356	13.8353232537089070
1196.9492469402264305	13.8767624943668739
1197.8042107766996196	13.8407574318309692
1199.2987318709472220	13.7880461496694231
1200.9379119273737615	13.7294530488764224
1202.5479968157055737	13.6689945295728741
1203.4384781371677491	13.6943821325324961
1204.6370963106364798	13.6419390115230463
1206.3826785615140125	13.5782418577038371
1208.0678610718737218	13.5150780025103820
1211.6929268833573587	13.4290931188429141
1213.3298473014408501	13.3608368450240285
1215.8188199809535490	13.3185034336055939
1216.7423437503659898	13.2758479360431281
1218.2623413790322502	13.2083029864690165
1220.1543116970669871	13.1318484295724094
1220.8357972390419945	13.1697700323555402
1220.8527847484265294	13.1695516251128542
1221.4284878689527432	13.1423107375097281
1222.6139516537768941	13.0875194207857515
1224.2999101097520906	13.0103672569331987
1227.7803926587807837	12.9246037557190405
1229.2958947328154409	12.8537917192886546
1231.1722934183335383	12.7721011719762920
1231.5714001193184686	12.8137104849759371
1232.2262809555866170	12.7898304421527822
1233.1948408789533005	12.7436245200461293
1234.7065169088227776	12.6717097940771435
1236.6241887503988437	12.5840363823949328
1236.7696441730950028	12.6283083481018394
1237.9210980518309952	12.5915577530909317
1239.1434112891884070	12.5341459561062809
1240.7681316860666811	12.4570628690387295
1242.7631277738730660	12.4310849317186847
1244.4072761561947118	12.3525187616488044
1246.2890275100630788	12.2625721545929256
1247.2290356281655477	12.2855961944078604
1247.7789309208494615	12.2586166175345124
1248.8937014816742703	12.2043707060448945
1250.5000703685398094	12.1278745317569374
1254.8487580393393728	11.9846623000506227
1256.6640553401744000	11.8960227001304286
1257.1150498157335278	11.9304702783529049
1257.9132460096582236	11.9008038424901113
1258.8191046764700332	11.8566108387797282
1260.1798042053726476	11.7891144821986256
1264.9056027109420484	11.6222479854390581
1270.0221614862662136	11.4330577741718944
1271.1430712271580887	11.4386889564670557
1272.0148162345874425	11.3968993465037070
1273.2683351667997158	11.3336042776089858
1274.9646562013770108	11.2508338248469251
1275.4730681939468013	11.2778179770089739
1276.4141890249300104	11.2387190639311374
1277.4830870111384229	11.1857937912730598
1278.9563394327487913	11.1132142638749851
1279.8003157399621159	11.1298134443568699
1280.0908725607796441	11.1158006894736037
1280.8000048862684253	11.0800657079338389
1282.0282126473550761	11.0195566914287184
1290.4251434552568298	10.7177898273055963
1291.7724110719209420	10.7070043633925973
1292.7405501160606036	10.6590107842308033
1294.0982134120786213	10.5915445237499952
1295.6278269827485019	10.5701563563651622
1296.8311274049299300	10.5107541845667161
1298.3575631139408415	10.4350860905085305
1298.8767291305812250	10.4572651707691442
1299.7548662229412457	10.4201907582636917
1300.6794345391097067	10.3748324917321391
1301.8633976104174508	10.3134203418184658
1302.4366546879680300	10.3331972700206975
1303.2914489982333635	10.2956613841961246
1304.3702322728051968	10.2431356502672646
1306.6417900458188797	10.1830632039073965
1308.3973880583032496	10.0962875312956974
1308.9186088997078059	10.1177371396137641
1309.6659667371661726	10.0851932908877959
1310.6471510512533314	10.0377399563733114
1314.9295712608313806	9.9275016577327779
1315.5460144912326541	9.8956211898994599
1316.6934828565342741	9.8384858044735921
1318.4593287453262747	9.7998598945472821
1319.8444149279250723	9.7314089740163006
1320.8576849019834754	9.7294443185489019
1321.5813679536784093	9.6931609218094454
1322.7450157948892411	9.6355588035162452
1323.5057406057187563	9.6458281835030260
1323.7701573747854127	9.6325458393958012
1324.4549804605028385	9.5983394147926688
1326.9525542256883455	9.5210254412143414
1328.5433355475395274	9.4866691319091547
1329.8834893453647510	9.4189808242996094
1330.6985776979759066	9.4211287949302793
1331.1918460557776598	9.3903825899548803
1332.1321410118628137	9.3605810808416230
1332.6312653160407535	9.3570438510375116
1333.4850473178175889	9.3306782039644798
1334.3622511079020114	9.2958217008764947
1334.8173599153064970	9.2942733015591301
1335.6671550570404179	9.2652035278404412
1336.5164559940030813	9.2391564866995033
1337.4125176352736162	9.2149057492205380
1338.3139140657801818	9.1806067911981071
1338.7771913131236943	9.1792285569689422
1339.6523920142019506	9.1493407825123363
1340.5374087951138335	9.1223933103502048
1341.4045686737713368	9.1004394736255723
1342.3080800875666228	9.0683518547769051
1342.9170040738104035	9.0573654532315064
1343.8156161989925295	9.0289474184061902
1344.5797408553912646	9.0087341008739497
1345.4795760159363454	8.9828778326684340
1346.2320802185392949	8.9635098353158362
1347.1303613502957433	8.9378173195896160
1347.8609752251741156	8.9230307647698108
1348.7751785968775948	8.8974346025097386
1349.6816569236932537	8.8669457708693304
1350.3540458504880917	8.8528654753733900
1351.2545535962519807	8.8342351650719433
1352.1713565751213082	8.8072252710779608
1353.0625480963933569	8.7766680726160686
1353.4917651201053559	8.7824325002551085
1354.4406589016086855	8.7595662078939363
1355.3531867618441993	8.7357070392980720
1356.2559529123893753	8.7095793855752976
1357.1844058143428811	8.6809836464272081
1357.8657649133331233	8.6688810639241414
1358.8334018014072626	8.6517684085164142
1359.7709121991751999	8.6357184207410711
1360.7210195951365677	8.6187378414971345
1361.6639595380270293	8.6019849481861161
1362.6172488782676737	8.5847566203319285
1363.5737360811278904	8.5673160938982136
1364.5248657262516190	8.5501152953147148
1365.4760785264943479	8.5328814291102937
1366.4248385718401551	8.5161636923200152
1367.4035122773370858	8.4979689339631310
1368.3571670286037261	8.4808762819611268
1369.3122444922530576	8.4639868930073234
1370.2874962382916237	8.4462091540125481
1371.2524185942097574	8.4287921831864843
1372.2087810050120424	8.4119756709073368
1372.9280492198404318	8.4030771085941680
1373.8640093990327387	8.4051107601884691
1374.8189103748827620	8.4056064275319446
1376.8856408644551266	8.3819010325236221
1378.7402475403303015	8.3482076794153741
1379.7176682934787095	8.3541179659191176
1380.5559684409374768	8.3181901835207821
1381.5252836036670487	8.3259531512940654
1383.8060128771921882	8.2992000157226276
1386.7553011581899227	8.2584123099899909
1387.6410166633997960	8.2682055529893042
1388.3246624809335117	8.2378485145376672
1389.2467917359456351	8.2478918780188000
1391.6403879739327749	8.2312980911148568
1392.0118359902562588	8.2034049678474492
1392.8051930028868810	8.2122929330890049
1394.7057164619677678	8.1961757341309127
1395.7035662724463236	8.2071409811352201
1395.9047088176428133	8.1710745121019581
1396.0468866986177545	8.1725000302991777
1396.4901238140100759	8.1784289286598604
1397.3521476214166341	8.1886253631055688
1400.3803372582140128	8.1509706158915414
1401.3106716849081295	8.1627862019349529
1402.0774176530533168	8.1357002138462882
1403.0585457218362535	8.1488945353471198
1405.8531253127778200	8.1216013739360431
1409.3556855383160382	8.1161968387163022
1409.7518940080033190	8.0897885864459926
1410.4737226247323179	8.1010722915047833
1412.7755876348512629	8.1000708703594011
1413.0183722617744024	8.0681544245314551
1413.4607015861797663	8.0746044841703597
1414.3473520384350195	8.0844885093269916
1417.1707848547171125	8.0635312288300174
1417.8498831714973676	8.0444452523861969
1418.9989860910347943	8.0515989043297385
1421.1647211739293652	8.0345257202174682
1422.8709609522313713	8.0124755919399906
1423.7046593523400588	8.0190498680090361
1425.4762296898009026	7.9965591236992681
1426.3151389762758754	8.0041470152990186
1428.5278865396912806	7.9858105312633709
1430.4317221477224393	7.9659005606486035
1431.4252769246672869	7.9742082031851718
1432.1472122890158971	7.9452015357496837
1433.1095713846393664	7.9538548090560139
1435.2630749239224315	7.9392324241548780
1437.3494018703977417	7.9241147301138746
1439.2486806592016819	7.9074704625571597
1440.1896748009696694	7.9171848356800929
1440.7128707962742737	7.8871211777595089
1441.4817286799350313	7.8951719791324297
1442.5524808720138026	7.9069424694053430
1442.6295687950953379	7.8743136329317025
1442.8373029960048370	7.8738165566206311
1443.2226263678737723	7.8787532444911523
1444.0238865888150031	7.8873198708239913
1446.3818347863848430	7.8782685238716290
1447.0420294368298073	7.8495631168158546
1447.8978640307780097	7.8598774938106830
1449.8374735805580258	7.8481300948312924
1450.8410081352662928	7.8599662994222133
1451.1245363081034156	7.8281602218621069
1451.5894173906638116	7.8337734948886490
1452.4110676031702951	7.8454520000239398
1454.9540175353945415	7.8377796631231922
1455.1504966160459844	7.8107187977723482
1455.7653000382711070	7.8195335587227826
1456.7479380160207256	7.8330751698678496
1457.2215197751952473	7.8040816481675259
1457.9058155812761015	7.8142399877024351
1458.9289279133756736	7.8296936045231886
1459.0681095211944012	7.8000076180152567
1459.6513961609107355	7.8049084832447937
1460.4917218535895245	7.8173074699912712
1461.6771782130933843	7.8001433136019953
1463.5981276804752724	7.7952876816259762
1464.5119339064567612	7.8106729071855412
1464.9274564068598465	7.7815311243359506
1465.5274231579307980	7.7922066170019040
1466.5199997605959652	7.8084162388631766
1466.7153634050609980	7.7764011376922122
1466.9576530196475233	7.7804950845715073
1467.5634343312933652	7.7911794946673369
1469.6229639070038502	7.7915580050419759
1472.0320522908448311	7.7980963177877740
1472.2150651905767518	7.7691766626488814
1472.8005857740961346	7.7768975710407231
1473.6846108961178743	7.7922806470536461
1474.2800325557641372	7.7674740198149923
1475.0741108426700521	7.7824936506154199
1477.4990599651032426	7.7912612307567413
1477.6820781383589747	7.7597722504020972
1477.9160163304488833	7.7642962716677006
1478.5233426310205687	7.7760158431054727
1480.5883102943594167	7.7793683995419523
1483.7845159724354289	7.7704053230374832
1484.6617693481503011	7.7881605961078302
1484.9227382896799554	7.7574653739285466
1485.2502602308300084	7.7644904291031418
1485.9849721131724891	7.7788211245811114
1489.7278989533574531	7.7843433436495220
1490.0401227290085444	7.7551185528248006
1490.4815205784886984	7.7653883739415930
1491.3668157384968254	7.7831471151768676
1491.9151513794549828	7.7601820573158617
1492.7381275550408191	7.7765585082272661
1492.7411731108129516	7.7765604605311731
1496.3477369467891549	7.7811503314644970
1497.2238693759784383	7.7645514127973110
1498.2832047599467842	7.7873264223820282
1498.5360456085331862	7.7572672862227936
1498.8804191600520426	7.7645952485865415
1499.6002165039064948	7.7796800266199098
1503.2752081345154238	7.7885295372821020
1503.6721575867331921	7.7625571277082646
1504.3178263232589416	7.7757494020384650
1506.3315000347909063	7.7834825920710022
1510.0717263138508315	7.7949169425505618
1510.3838061974761331	7.7652919904842577
1510.7598439328796758	7.7744863526020715
1511.5676066941884983	7.7918480120113474
1512.3540364781570133	7.7739697137328401
1513.3258517317021870	7.7954903592569540
1513.7850933409677054	7.7696312124947546
1514.4339837600716692	7.7838768398481877
1516.6163918345198454	7.7955401895147816
1517.5523010797826373	7.7809621408653005
1519.4899123161837906	7.7893320696609081
1521.7084837063716805	7.8019616502786855
1522.3305192833493038	7.7811902087711982
1523.2188304304902431	7.8006184249725621
1524.0556917457540749	7.7833069671848030
1525.0668828306520481	7.8057319717657627
1525.4759471638703872	7.7793371832691101
1526.1027136260238422	7.7928004034213636
1528.1740305699386226	7.8027483029359699
1532.8787168772194036	7.8003780218412118
1535.1123649715259489	7.8149939151534626
1535.5794326959132832	7.7902224816164258
1536.2910738384421165	7.8053881402565279
1539.8375041324611630	7.8131382919971735
1542.6055667386901860	7.8022946922260434
1544.9131012802104124	7.8177101220598795
1545.6807061617710133	7.7987170858331574
1546.6155996876047993	7.8197003731658548
1547.2183252566796909	7.7982441150835253
1548.0559738587658103	7.8173360074315728
1549.2729123061303653	7.8086639611895965
1551.7235481277261897	7.8275609983853052
1551.9665928615129360	7.7972768266635732
1552.2849618172756436	7.8042509909572990
1552.9767788242086226	7.8202278086633523
1559.1166944961885292	7.8130452706259561
1559.9138061313046819	7.8303123909981576
1560.3678199941969069	7.8052600661274916
1561.0671243104361565	7.8203006526405927
1564.9428885452396116	7.8337332817048972
1565.1380192634956074	7.8027039607077784
1565.3835820521799178	7.8079865158674293
1566.0100830547253281	7.8213462949969674
1569.8462713289168278	7.8333789042111741
1570.1382523356569436	7.8036557474366486
1570.5194315276521593	7.8125818471490005
1571.3317576807273781	7.8294892138009793
1572.0204725061837507	7.8095328635696415
1572.9621068668730004	7.8293668400535710
1573.5503413054307202	7.8062999284278130
1574.3449588770274659	7.8231768447183088
1579.6095596816949183	7.8290657006113982
1580.1682604014029039	7.8052157107592528
1580.9306145248483517	7.8210225492096237
1585.9391721660288113	7.8206221377327481
1591.2266779583408152	7.8240680884625293
1591.8327396899692303	7.8013136110471990
1592.6434435776857299	7.8184871675015337
1595.2658913175744146	7.8020296360400287
1597.1815282659122204	7.8061404143659106
1598.0325572853034828	7.8230151704232602
1598.4325541899363543	7.7958818796815734
1599.0212517336860856	7.8079409074812371
1601.3798660097356787	7.8207675136286063
1601.7122515070204827	7.7923745250157799
1602.2239441329350029	7.8028232853116295
1603.1130056014210368	7.8209918474647946
1603.3516012367213079	7.7903389288355305
1603.6580580767626998	7.7966772100844484
1604.3522196131063993	7.8105850489962627
1606.7522302215529635	7.7884776202519443
1607.8000890148282451	7.8099450926047087
1608.3308763040895428	7.7856497034206154
1609.0922559357945829	7.8008396645077429
1613.0499111322146746	7.8099615674977461
1613.2818657898021684	7.7786151603021993
1613.4729800141212763	7.7827247897847638
1614.0190679212187206	7.7936884277473562
1616.3817940382505185	7.8063968229505107
1616.6693503422961840	7.7764226981688536
1617.0556166516585108	7.7838779056302130
1617.8045321242941554	7.7988230833262042
1618.6283486652946522	7.7799664353366627
1619.6163379860884106	7.7997438805220964
1619.9818331284891428	7.7719903927421985
1620.5446269335689067	7.7828149791980525
1622.6387899671417472	7.7896910994033126
1625.2119093618232455	7.7702348721030967
1626.4056434491360505	7.7931016756385185
1626.5246748149656923	7.7618023530857103
1626.7234894057201018	7.7645570530702770
1627.2074043502780114	7.7740108217977255
1628.0669124440223641	7.7907186598499196
1628.3866364026584961	7.7615966113299306
1628.8304385687433751	7.7710868957347818
1629.7016770479112893	7.7877085492998894
1630.0675424309413302	7.7598432230430348
1630.6202462559649575	7.7706822602205694
1632.9122338257709544	7.7804695292197357
1633.5100281151126183	7.7566807053654454
1634.2961635221124652	7.7721631933814228
1636.8362272480892443	7.7521376966551037
1638.0268512679369906	7.7746143886343742
1638.2336091251572725	7.7434202182197200
1638.4347120692327735	7.7473597022883762
1638.9893940577135254	7.7579447109562567
1641.2797489851625414	7.7672648992251503
1641.8880144707638919	7.7439887295934646
1642.6952177516634492	7.7599127852168817
1643.8567373604391832	7.7473135640999695
1646.3189211693193101	7.7596972819144128
1646.7588639312261876	7.7331850307493299
1647.4075387746543129	7.7457445123466035
1651.2442093454112637	7.7487432870309787
1651.9787768323915316	7.7281519966478394
1652.9340536554623213	7.7461869739128524
1653.4793922970700351	7.7215245418468541
1654.2407346109127957	7.7356311090118846
1659.8738083124815148	7.7366910488748113
1660.0410340044961686	7.7055956448656708
1660.2605544733175975	7.7086450038954144
1660.7645015283792418	7.7182908484064683
1663.1404115652871951	7.7278632101873521
1663.5216002183840374	7.6999825891382958
1664.0907853895630524	7.7099758360759862
1666.4267755025136921	7.7184451105994691
1666.9380904332679165	7.6929735455025661
1667.6547291687013512	7.7060048676518935
1674.5046727952642414	7.6914631817626518
1676.9447212680877328	7.6655925384562131
1677.9789324129001216	7.6845559569318951
1678.6179325546042946	7.6609187721998504
1679.4413476881768474	7.6754678149247244
1686.6758353140157851	7.6653086645656794
1686.9336639986672708	7.6347794349718647
1687.2319901120179111	7.6402281689999132
1687.9251933268717494	7.6519648324445058
1690.7985279163685846	7.6329909337827928
1693.3209290168072130	7.6421322594408689
1693.7739111204214169	7.6160255276126012
1694.4588832534598168	7.6277430321571345
1698.5525778169119349	7.6291196936820240
1698.7848385662409783	7.5988566327095413
1699.1060873198903209	7.6040547253270665
1699.7917823071206840	7.6157492124078070
1702.2335570183299751	7.5888905884449791
1703.2887392831808029	7.6067171567657512
1703.9353873470929557	7.5827478784059812
1704.7367984648274160	7.5967261835642876
1712.0829145203642838	7.5827656942746682
1712.2863327369275339	7.5521326615031867
1712.5103220869557390	7.5553680783203747
1713.0457540968402554	7.5644430699673215
1716.8807045916994412	7.5599631119362734
1717.8154337705523176	7.5410611751788652
1718.8659566285753044	7.5584857318200322
1719.0813114544375821	7.5278720959604710
1719.2914964761648662	7.5312470412839563
1719.8394575472068482	7.5407888123549727
1723.8217271845012419	7.5379684047709254
1724.3157184874676204	7.5130174506289462
1725.0657279474362440	7.5244436899826601
1732.2772640544571914	7.5070363042651005
1732.6961960632761475	7.4798007432183837
1733.2952356255095765	7.4892339248764097
1737.2529712324339926	7.4867522650428580
1737.8469431112443999	7.4637628301451109
1738.6816129165117673	7.4769901343700003
1739.7164217279616878	7.4598739928403610
1742.0202788857845917	7.4647257925782622
1743.0775579899457171	7.4483475570365911
1745.5300363437747819	7.4547869816552366
1746.0833383084138859	7.4303745362508291
1746.8368259342748843	7.4425602444120269
1749.3979782317821901	7.4174382935751844
1750.4900123832492227	7.4349795148606193
1750.9162170851632254	7.4090260621168706
1751.5775777240908155	7.4193366192971091
1757.1274897109472022	7.4082889197412110
1757.8493068260231666	7.3872855024920483
1758.7902388046038595	7.4018086361859057
1759.3589118248826253	7.3779882701812758
1760.1360302418074752	7.3905462693807564
1762.6069865702334027	7.3637328990410786
1763.6297256727996228	7.3799428027484364
1764.3656050089082328	7.3583091404847769
1765.2622896239156489	7.3721815881147670
1766.2473310752882298	7.3556082534041956
1768.5018594135567582	7.3580650415183468
1770.9594467001088560	7.3309553473060367
1771.9616367301057380	7.3469818914931047
1772.6999964355184147	7.3255270775047956
1773.6146625744202083	7.3398885838180128
1774.4842327820992978	7.3204978642914176
1775.4897225454035379	7.3358385682725658
1775.9695681862533547	7.3113167069869327
1776.6975787066066914	7.3223180097093996
1788.9115275029710119	7.2840447589538497
1789.3644255598612745	7.2583611514782369
1789.9982355307543003	7.2683426824064625
1800.4862612741926569	7.2352972867808294
1801.3269630670370134	7.2161825740432342
1802.3474346468174190	7.2316596909846513
1802.6910354748683858	7.2041824354717514
1803.1403123611196406	7.2114964516073838
1803.9816828133145918	7.2237795721373113
1804.5215894357456818	7.2007829268854744
1805.3309341455847061	7.2125222285811699
1806.6706540276663873	7.2006942260798041
1814.0873130896120529	7.1854358067188784
1814.5383929286670082	7.1603270873310674
1815.1793733843405789	7.1700750184084185
1827.6019223960086038	7.1348419686556293
1827.9551652102572916	7.1086877887785827
1828.4772871075940657	7.1164866792433639
1829.3745001574495745	7.1288275314039868
1829.7441674706119557	7.1026223941212008
1830.3058285308029554	7.1104349372667324
1832.7793549792004342	7.1147812855020058
1833.2765784069586061	7.0907703792124677
1834.0070954035429622	7.1009864041000981
1844.7697651295502510	7.0671522140014584
1845.5948131053578436	7.0476742205219640
1846.5697213696164454	7.0618009332160865
1847.1657713566307848	7.0389727958473438
1847.9496597206041315	7.0506302409068384
1850.8182063102813117	7.0292576849956063
1852.0614081149458343	7.0465690161696886
1852.2002994466886321	7.0188676757758026
1852.5601512917357923	7.0229319469596785
1853.2379404621112826	7.0326021304889101
1855.9798055966487027	7.0089526610674175
1857.0828462151134772	7.0249885548062583
1857.5372275175402592	7.0009910663458248
1858.2433611734065835	7.0105397413640711
1862.5456847338411990	7.0098984450703696
1862.8108530867107220	6.9830747915342348
1863.2466698971632013	6.9887567410297731
1863.9991611573113914	6.9994706482938973
1864.8413915141570669	6.9808428791208321
1865.8439442748149304	6.9954112033394624
1866.3216915390755730	6.9709154667967814
1866.9642168491106986	6.9800699519600355
1871.1834421385992755	6.9786393275411331
1871.6342732143195917	6.9542530369404867
1872.2769408446517900	6.9634046779806376
1879.8016288482842810	6.9477260440412110
1880.5043094478521652	6.9268860878533332
1881.3640393370251331	6.9394297577884858
1882.3589898766915667	6.9232463947839316
1883.4758477131326799	6.9381966876475012
1883.8461136278858703	6.9121914596648386
1884.3559226647953437	6.9191723719149687
1885.1990251210966107	6.9307697898659439
1885.8439068661577949	6.9095173640097762
1886.7012665206282236	6.9210325294565820
1888.1475183628240302	6.9102707638681506
1892.6152995230224860	6.9104550640485565
1892.8882290334850040	6.8839934579715925
1893.3129146531596234	6.8900126416908218
1894.1153530069623230	6.9005246999932401
1895.0643585052885101	6.8834205885685664
1896.1384690521531411	6.8977347516021004
1896.5400429035018988	6.8731987554506597
1897.1478971228802948	6.8815477394528015
1898.0776809602270987	6.8940144349747978
1898.3799618363866557	6.8682613422677292
1898.8660276038128814	6.8747423107986858
1899.6821060082349959	6.8858096555496822
1900.3357927263562033	6.8652356259110432
1901.2373642198206198	6.8769826792134703
1902.4488930049840292	6.8628696443195469
1905.0249648434196388	6.8685628732752733
1905.7669991387137998	6.8489512825647658
1906.7095721518348910	6.8614242994393884
1907.6705534198083569	6.8444669303266794
1908.7353319967373864	6.8588954647705496
1909.2210467925178818	6.8356661154870588
1909.9043605422373275	6.8453048800451688
1914.1085632353954225	6.8422187709031492
1914.9130701330288957	6.8234899129776450
1915.8998920743365488	6.8370067816149502
1916.5891242701081865	6.8164290457369647
1917.4724999832242247	6.8285763558144570
1918.8384004235781504	6.8177748919147012
1923.3909939912452955	6.8202941618511117
1923.6828229940256278	6.7949171953442749
1924.1697583104630667	6.8013016011193885
1924.9738608074469539	6.8124041053167774
1925.7220286994449907	6.7929385422129478
1926.6545964284198362	6.8057883357071445
1927.4864365475893919	6.7877207382671072
1928.4477758715825075	6.8014557982993900
1929.2164563213098063	6.7821918344355483
1930.1388080790688946	6.7950921424516890
1930.1475407381631157	6.7950741092681541
1931.1329945502445753	6.7796325612407271
1932.2306257973993979	6.7947728950374104
1932.5931772380981783	6.7706216305757856
1933.1774673610686932	6.7784931624527456
1934.0699772578850570	6.7907493309636591
1934.4868153986055859	6.7667894038342693
1935.0882039612815788	6.7754089196897871
1942.9931180702481015	6.7682071769837790
1943.3547464909283917	6.7433680710644177
1943.8787125042483694	6.7512227673255145
1944.7756844777500191	6.7637985892167727
1945.1105932146635951	6.7388340586096618
1945.5856596466260271	6.7462382655817343
1946.4496550171604667	6.7585174237173806
1946.8746019384570900	6.7353110458804988
1947.5088895174176287	6.7442008358002914
1953.5930271762481425	6.7417681405936500
1953.8835680498505099	6.7164942329610922
1954.3203704681668569	6.7227617367432231
1955.1153721176062845	6.7341144900324341
1955.8668562533794102	6.7147016295072026
1956.7563594623284189	6.7273651456011763
1957.6669343965636472	6.7115718197497367
1958.7200987236108176	6.7265915673934167
1959.1550600475752617	6.7038856260347703
1959.8313430041089305	6.7129880388436325
1970.3101648914982889	6.6864139652418757
1976.3996159557930241	6.6832332247139661
1977.1762695152938250	6.6643602559575763
1978.0829961614808781	6.6771443442939535
1979.0078240586669835	6.6615382695035139
1980.0963560466232138	6.6762222837819163
1980.5400836907801931	6.6542335187704316
1981.2603424779269972	6.6635061290159179
1992.8007123426591534	6.6497078772685034
1993.1721321261743469	6.6260193456445347
1993.7459249486389581	6.6341498001058410
2013.1749129698998786	6.5880746434628259
2015.8660718281889785	6.5967889155335211
2016.5158557170325366	6.5775270863340829
2017.3592584317907495	6.5892935068906304
2018.7445062205401882	6.5802743700341733
2029.0507928389235985	6.5525503597122992
2030.2991926946963304	6.5697756534437053
2030.5555747072719441	6.5454922135857485
2031.0235367766626950	6.5521143473491161
2031.8582164373785872	6.5633949774960252
2032.6612741410983745	6.5459318315894706
2033.6034195585953057	6.5592140714616267
2034.3646409173657048	6.5414770645504161
2035.2836632192306752	6.5540565354234861
2036.3123697196228932	6.5400283991317707
2037.4240285542225593	6.5556727662632746
2037.7261430154894697	6.5317166576881798
2038.2293190857903937	6.5384797881494334
2039.0231040664523334	6.5498157167705413
2039.6727626862591478	6.5315094235439890
2040.5624357045412580	6.5435133588105323
2041.5751605043590189	6.5298256457294501
2042.6858409102321730	6.5458191630485123
2042.9268064952225359	6.5212948577138441
2043.3459551455869132	6.5269844560955477
2044.0932832860028157	6.5373717033249044
2045.1092593607902472	6.5237163715807744
2047.8004925078771521	6.5342958424576558
2048.2614960744713244	6.5127280420469438
2048.9204730107703654	6.5222393180993858
2052.2091350878299636	6.5121985186701963
2056.9416354521722496	6.4961822277411114
2058.1084819586690173	6.5123230719758354
2058.6188922491146513	6.4913651863608379
2059.3485783434275618	6.5015463013686636
2062.3581319839213393	6.4887085035172660
2064.9624002284504058	6.4973505773709137
2065.9256631689518144	6.4833530270969133
2067.0260327367027458	6.4985526752040075
2067.3034125421354474	6.4745997773848085
2067.7563916872391019	6.4808017344571551
2068.5235156203989391	6.4913526504128480
2069.3671088540345409	6.4759925353239893
2070.4101716012519319	6.4900933070603326
2070.9074488884161838	6.4692966728111694
2071.6495295736699518	6.4793366654571711
2074.5245668013758404	6.4637523912755706
2075.6155419728002016	6.4789712878182444
2076.1879784865691363	6.4593957891666767
2076.9894976941664027	6.4710142517619325
2078.7524804168638184	6.4681429604753085
2079.4810119370995380	6.4508339792023097
2080.3763850712552994	6.4637630003741338
2082.9792231122000885	6.4447427312792822
2083.8939151034392125	6.4577379821288501
2086.4288251115208368	6.4373823698532497
2087.2642492222566943	6.4495482603149696
2090.2555783281363802	6.4360133879672219
2091.3881784725972466	6.4515412124801506
2091.8649739661996136	6.4306073642592549
2092.5605085055931340	6.4397869594894583
2098.9709281726095469	6.4188482671188689
2100.0842251160215710	6.4339948066497445
2100.7823388224496739	6.4163653735901898
2101.6789673768130342	6.4291969089239247
2102.7695120194462106	6.4164627191185710
2103.8874922973677712	6.4322103350207431
2104.1472441346231790	6.4088862225895591
2104.6465656013479020	6.4154099801823499
2105.4499576681282633	6.4265555188436885
2106.1670186179744633	6.4087284725289795
2107.0669364007244440	6.4214266944169021
2107.9087434926932474	6.4061672434051973
2108.9097097724879859	6.4203197600308348
2109.4822614274594343	6.4013184398616092
2110.2801340098262699	6.4121339958423897
2112.8326371033263058	6.3920046756969020
2113.6672761149643520	6.4037484239706215
2116.5759903311904964	6.3903305230710910
2117.6994070225896394	6.4056237746138533
2118.2276350866545727	6.3859896091659749
2119.0088201767457576	6.3965763342419040
2121.5889083605029555	6.3787251177189912
2122.4810241139298341	6.3913354557169324
2125.0730691750518417	6.3725931216284719
2126.0155317001381263	6.3853454972241313
2128.5686430122304955	6.3658800711725716
2129.4209149028893080	6.3780696518694882
2132.1541250149102780	6.3623631866826642
2133.1264331674883579	6.3761820005759269
2134.1830778825328707	6.3638641111362588
2135.3178818045716980	6.3796724932731266
2135.5993224936864863	6.3562813054930958
2136.0520388078161886	6.3626956947296680
2136.8272378950487109	6.3738039723522508
2137.5583991291455277	6.3571134877778297
2138.4685103241536126	6.3695642940769233
2139.3887935809766532	6.3547861529797451
2140.4261426040097831	6.3690742915783867
2140.9468451263960560	6.3496256244010860
2141.7284788111846865	6.3605102816983878
2144.2403330057136372	6.3403942788373318
2145.0220351762686732	6.3515604974389470
2148.4516147960766830	6.3458021877683031
2151.3883795593492323	6.3316617319388566
2152.4214128616995367	6.3466348050309209
2153.2847454558755089	6.3318688367416627
2154.2877318413370631	6.3458844719334939
2155.0024596173193459	6.3283190660329085
2155.8719309694220101	6.3405908030821099
2157.0085341426342893	6.3292890639266366
2159.8138935189208496	6.3413089315006532
2160.2025778916436138	6.3195894806374913
2160.7886598673858316	6.3282638124494497
2163.8355743800070741	6.3171161891030447
2164.9971692150534182	6.3336351808468390
2165.2541845850055324	6.3104458642546826
2165.6928712898875347	6.3165822331204140
2166.4678025456255455	6.3273603377640510
2167.3186606646054315	6.3122008382779518
2168.3222874616371882	6.3258403768075269
2168.9054740850456255	6.3070104645539535
2169.6877123130439031	6.3184611796201153
2171.1165983505720760	6.3111458540727137
2175.6988582042076814	6.2942074248941582
2176.6806739454082162	6.3075706426726370
2178.0874398412529445	6.3007168694315379
2181.1396896296419072	6.2904841150026494
2182.3151509702074691	6.3076251929214244
2182.5987412081913135	6.2849722945544153
2183.0767954276038836	6.2917135237269166
2183.8889444246692619	6.3029799312163757
2184.5865617523636502	6.2857627267728899
2185.4563237662468964	6.2979312070357567
2186.4553857992459598	6.2847634999308140
2187.5303260959130967	6.2998807161490840
2187.8868748083345963	6.2787432898486690
2188.5221704607456559	6.2870181692977942
2193.1465575838319637	6.2706845037501315
2194.1237351896843393	6.2848187936894622
2195.0662490722033908	6.2720339079806529
2196.1542683644656790	6.2871007613678813
2196.5958179882381955	6.2665827056736658
2197.2823910875008551	6.2757101903275103
2200.1797624012515371	6.2631502215542803
2201.2281829955227295	6.2784270418613568
2201.7729186461265272	6.2597449458764718
2202.5383966626759502	6.2703446736340398
2204.9855831051736459	6.2518128944504818
2205.7254987128962966	6.2618201903059125
2210.3755371157412810	6.2473144899754010
2211.3620691996629830	6.2607049625975417
2212.4834507461800968	6.2498219216026287
2217.7815303008837873	6.2443207770044848
2221.3813357165645357	6.2426531262728631
2222.8694511785447503	6.2366349697144816
2227.5604874190003102	6.2234952169606386
2228.4597860303620109	6.2362474858185850
2230.1370419113495700	6.2331328934603363
2231.2863684017711421	6.2224290755568941
2232.4505193879394938	6.2384637931641080
2232.9005799578371807	6.2186482618370373
2233.6253550105079739	6.2285088046944388
2236.4061478704238652	6.2139765611440314
2237.3535920757144595	6.2270881225262738
2238.5365737469423948	6.2171532511698082
2244.1393088826694111	6.2160569090179214
2245.1917929951077895	6.2040456154346364
2246.2946756102796826	6.2192237336479854
2246.9747472565136377	6.2024885628645130
2247.8588866875247732	6.2146898868529687
2249.0269238256564677	6.2045818286426515
2253.5466555481584692	6.1901322089278707
2254.2917250895479810	6.2005813537285981
2257.9685538334183548	6.1991847036547139
2259.0145895430005112	6.1878506396626900
2260.1143312230647098	6.2037322606139096
2260.6940994997503367	6.1853879807982617
2261.4543169190515073	6.1962425732958950
2263.9124225749505968	6.1777779378275293
2264.5743776201611581	6.1872131509553068
2265.5301187896307056	6.2005667006576290
2265.9324330143726911	6.1796274631677734
2266.5273404740105434	6.1882658642194883
2269.3949022521737788	6.1756190647154821
2270.3403874906648525	6.1894187052109215
2271.2314419463050399	6.1761978326722033
2272.2483909484453761	6.1909395352848353
2272.7562604676581941	6.1718687390062899
2273.4548203733461378	6.1821560113962351
2275.8766171115998986	6.1640631856955768
2276.4738475702811229	6.1721769658567078
2277.3447145716859268	6.1845281836220565
2278.0300250861323548	6.1679785277588524
2278.9180361426706440	6.1803418450171534
2279.8737403510776858	6.1673182172028964
2280.9055044217989234	6.1820740046514553
2281.3731880612594978	6.1624284943424561
2282.0527288480866446	6.1718481773344838
2284.8188123316172096	6.1583657410369863
2285.7710921837738169	6.1716541176815758
2286.8608857126355360	6.1609084495863788
2292.0117205004812604	6.1544120730792091
2293.1581526638442483	6.1705987818760848
2293.4632976468305969	6.1489402839109450
2294.0014281899275375	6.1566692531947691
2294.8840601202864491	6.1686943481175991
2295.3106088131012257	6.1489654166111780
2296.0007126720333872	6.1584183966625865
2298.5129025584751616	6.1413473700018395
2299.2305020444437105	6.1516246317399812
2302.2308093034675949	6.1430481669879615
2303.3222880636330956	6.1580899980879247
2303.8550853442211519	6.1396571004150626
2304.6446333871367642	6.1505022380557657
2306.3393787473705743	6.1476449520986263
2307.4408224699468519	6.1371971339588614
2308.6215058582374695	6.1535573431777015
2309.0348940129319999	6.1336202689214012
2309.6884747209746820	6.1425667737108851
2312.7367915769709725	6.1331774179685450
2313.8515761079693220	6.1487388702541903
2314.2770133646845352	6.1286501455162261
2314.9184904869357524	6.1375794097771932
2317.9077230646257703	6.1273655769060928
2318.9868331078973824	6.1424969766893627
2319.5278034131747518	6.1245744887757461
2320.3180634737864239	6.1355258151997285
2321.8994237412516668	6.1314176010730881
2323.2920222068987641	6.1252026174569743
2328.2261996294378150	6.1160959374167136
2329.2528571994262165	6.1304586131890710
2330.0890888736512352	6.1163447921499623
2331.0616314784315364	6.1296533909011499
2331.8526437726677614	6.1150938096797134
2332.8331952401722447	6.1290419023968834
2333.4658188553398759	6.1126757292987390
2334.3293203387333961	6.1249984694072328
2335.3385529080242122	6.1139278496340417
2339.9717921690462390	6.1020209828089316
2340.6542274430094039	6.1119698286121489
2343.7502583735381450	6.1048934928874612
2344.8347581010216345	6.1204661286816089
2345.2643840932209969	6.1007974023344893
2345.9016197965916035	6.1098549744504753
2348.7468210308034031	6.0981373942155344
2349.6984555504941454	6.1118289390018425
2350.6258058764979069	6.0996405454670768
2351.6785331644377948	6.1142602805739532
2352.2018199968456429	6.0957537159117141
2352.9478484745741298	6.1062191269136896
2354.8340642877196842	6.1066300875627348
2355.4894383082801141	6.0902409166058282
2356.3396847070011972	6.1020169273080898
2358.9799990839910606	6.0872628810714255
2359.7671296855469336	6.0985000771650961
2362.5655759782630412	6.0857171337593723
2363.4686868788094216	6.0985820652694347
2364.7504655144366552	6.0916160447888998
2367.6567991070132848	6.0823617132255414
2368.6093402015671927	6.0959677466497508
2369.7266548975712794	6.0855425703385011
2374.5782605132685603	6.0766588582061996
2375.4520731620227707	6.0887672623516718
2377.0295669841357267	6.0854799136242921
2378.2674233668876695	6.0784030064714170
2382.8333937550864903	6.0677551760699977
2383.4612536295244354	6.0766959518438117
2384.3617387374029022	6.0898693984225059
2384.8541557537150766	6.0715625022003383
2385.5970478306271616	6.0819723211926133
2387.2305409530522411	6.0788803939014109
2388.4313649086316218	6.0704974595940948
2389.6335431970178433	6.0872983767122060
2389.9384499975203653	6.0662195387945177
2390.4861347396858946	6.0738015152383831
2391.3374786573654092	6.0855847879841356
2391.8388426173250991	6.0671921675849303
2392.5965353417518600	6.0777082111244098
2394.0633340673875864	6.0726880378167074
2395.7985552997001832	6.0719062564092665
2397.0228076670541668	6.0638938260872006
2398.2175983370757422	6.0813116523037642
2398.5127750432693574	6.0604488381824106
2399.0763080350175187	6.0683549770187959
2399.9237575097981789	6.0806431993256593
2400.3290737519569120	6.0612085885496656
2401.0080500133681198	6.0705637519567919
2403.3531874938812507	6.0536106869142046
2403.8487592168062292	6.0605815884400149
2404.6463596972594132	6.0721911686975520
2405.6159104328130525	6.0604871267892380
2406.6822452209989933	6.0758982988012287
2407.0333025247241494	6.0554383801972484
2407.6015407805166433	6.0638223800403281
2410.3287683361008931	6.0523410347452575
2411.1312352633458431	6.0641146465024898
2412.7742161369174028	6.0623175896181944
2413.8980515318639846	6.0533978094559560
2415.0903730671175254	6.0702565597032763
2415.4423675303041819	6.0502819996899158
2416.0889987385339737	6.0591969356923032
2418.7409317742412895	6.0468721438262438
2419.5408174818626321	6.0583753805666811
2421.4051002510582293	6.0599359997752877
2422.0786806991154663	6.0449295563635665
2422.9878799853336204	6.0574175493635787
2424.6080779497297044	6.0547771356029250
2425.9667547377011942	6.0485177904168985
2430.6888574820873146	6.0385899685844358
2431.4234120225314655	6.0490132826116962
2434.5787070909650538	6.0421293665619409
2435.6671555787875150	6.0575078134536069
2436.1797903388924169	6.0394366699314395
2436.9362597834006010	6.0501523764279916
2438.5516717332957342	6.0475278825455741
2439.8589134292783456	6.0406530171390518
2443.6824941977538401	6.0450138259345225
2444.8214558226463851	6.0366317884387408
2446.0246152646841438	6.0537973357810682
2446.3340546935946804	6.0338024713869167
2446.9757959844732795	6.0424267510474223
2449.8855068798120556	6.0331304930869702
2450.9010592505305794	6.0476352687250312
2451.6386046454936150	6.0334683846887627
2452.6085289397196902	6.0466416181231031
2453.4386325147406751	6.0333824828828604
2454.4528264442506043	6.0474508527272999
2455.0844880790355091	6.0310376950625084
2455.9168760128350186	6.0431325441189623
2457.0545807879216227	6.0339446131579741
2460.2746299981126867	6.0294455314196229
2461.3620502951471281	6.0448639645849758
2461.8872191885930079	6.0277425816826034
2462.7156344972549959	6.0390195868770959
2464.0621146524554206	6.0331189876314939
2466.8765792170170243	6.0226925763892654
2467.7629204090503663	6.0349486348647519
2469.5958321975913350	6.0353342206174174
2470.4518127538049157	6.0227220563938166
2471.4699079448764678	6.0373426914876402
2472.4022016723192792	6.0254678767520833
2473.4793559953218391	6.0403906952640822
2473.9864561744498133	6.0228629968803320
2474.7796571283915910	6.0339602646749944
2476.2307623859014711	6.0289339175026857
2478.8865987383805987	6.0170393824757813
2479.7131513274962344	6.0285733020199146
2482.5004816002451662	6.0179055847943417
2483.4262934549137753	6.0307308445112868
2484.7786988782017943	6.0246622393665117
2487.5115770900183634	6.0149539449408573
2488.3971629253110223	6.0276084077415479
2489.9285379860393732	6.0240232381251664
2492.6740331841410807	6.0140702812006479
2493.6492353099120010	6.0272533034574183
2495.1081131847236065	6.0218716606779266
2497.9001538344846267	6.0145580106123777
2498.9423166909050451	6.0277457087471795
