0.0000000000000000	100.0000000000000000
500.0054949114204419	99.9998999999998262
500.2398292361103245	95.6397106196805424
500.4698313984347919	91.7496898135011918
500.7111162880440247	87.8565967889917374
500.9530497588468734	84.1371556264530795
501.1955836575611443	80.5847992923935976
501.4388214700386470	77.1910389939622661
501.6827794742370088	73.9490644410713998
501.9274409332498408	70.8527717003610178
502.1728051320361033	67.8960661920875737
502.4191702611248616	65.0697186899755877
502.6661990789691572	62.3721824124714317
502.9142464875505993	59.7943447795288208
503.1630649473241874	57.3338047917288804
503.4128842806746889	54.9835206008720334
503.6637848860102622	52.7383348396668339
503.9158356820173026	50.5934776907027626
504.1690929012727338	48.5445342262443660
504.4236001063751473	46.5874040959955025
504.6793899604851958	44.7182528348261101
504.9364879738494665	42.9334571983110322
505.1949185662660966	41.2295460737267163
505.4547141073648504	39.6031366681079717
505.7159281956650148	38.0508629794714821
505.9787015067532252	36.5690235060380928
506.2442666981668253	35.1484532970877197
506.5112071542582157	33.7945918967594494
506.7796231169635348	32.5042298159149254
507.0498470083930442	31.2732792527553549
507.3235681575295075	30.0923436529506212
507.5986560103914371	28.9689407516019735
507.8755977048436989	27.8987127842494509
508.1568730495720274	26.8706565986399433
508.4394409218740520	25.8945784270877404
508.7245135270873675	24.9641298257698097
509.0138712084927306	24.0724096009830895
509.3048586836476375	23.2263011749053554
509.6021037989315801	22.4112124692490617
509.9003476837227140	21.6408080757433439
510.2025188073804429	20.9055956507195653
510.5089325936849605	20.2042034350800108
510.8193348600798345	19.5360561728444182
511.1348333409522979	18.8982518671893516
511.4546370514772207	18.2914139199510437
511.7801396651163373	17.7124836805685320
512.1107189195421370	17.1617069100437476
512.4471995056509286	16.6374439490570545
512.7901792496833195	16.1379432657982740
513.1388420583238030	15.6643393724582953
513.5020865365149803	15.2045386923308623
513.8661336555154548	14.7762473718687186
514.2439889908889654	14.3633774107332535
514.6259501471267868	13.9765710959932878
515.0198606869200830	13.6075420508449270
515.4228401765520857	13.2587260230552637
515.8358214714579617	12.9295347624286077
516.2730130538718640	12.6091212761603941
516.7131222873125580	12.3138007667051195
517.1722513947366906	12.0322926366473606
517.6448727927893287	11.7680442895597182
518.1334713106130039	11.5201900707758949
518.6572267239994289	11.2798087566598468
519.1897400709218573	11.0599245686419128
519.7466125353590769	10.8540297261877985
520.3337490115824266	10.6598851255481506
520.9490254774775622	10.4797313290112726
521.6070301818077724	10.3102696385292898
522.3016001027555149	10.1535527500878207
523.0384872425908043	10.0098079457159255
523.8529202988103179	9.8737195876065282
524.7141372528730017	9.7516425296843181
525.6452467391585515	9.6418042538139783
526.7321751245702899	9.5365875491603997
527.8847772373267162	9.4472227161517246
529.1732425648008302	9.3697176054412878
530.8579023362486851	9.2930534858511002
532.6547011684730251	9.2357480549334525
534.9379239441788059	9.1878990713045194
537.8785878273904473	9.1493712572157424
542.0898048591186580	9.1236193449144078
553.6395580756317258	9.0974532336130718
585.7280211328920814	9.1062823848072334
585.7280211328920814	9.1053873598348005
591.7996993422652849	9.0995094049962333
591.7996993422652849	9.0919571415201883
625.2973619180070273	9.1011339256867299
625.2973619180070273	9.0986651410891071
631.7144728650108618	9.0937642039929987
631.7144728650108618	9.0868938974238542
664.5354391867077766	9.1109626416905254
668.7539224838751579	9.0811213437744129
710.7249333887751845	9.0990840348813382
762.6002719882764040	9.0810896209301948
813.3681824861532732	9.0991851846115228
862.1912429462926184	9.1013197352437363
912.1140554584698066	9.0808206794563624
952.9650236063787361	9.0907376218733251
952.9650236063787361	9.0765011604165000
994.1885793817739341	9.0986877717107237
998.7459854811777404	9.0732688478551964
1000.0054970673061234	9.0780438726257913
1000.9774010852410129	10.6717684056938289
1001.8196521083589232	12.0541520501881632
1002.7034283577345377	13.4321070635145094
1003.6702031346712829	14.9684689897188381
1004.6897510361150125	16.5311748155696598
1005.8254351464979663	18.2022420871733885
1006.9769066358668397	19.8942131179318693
1008.2295365263502163	21.7385643470510921
1009.5157720761385463	23.5492002592474634
1010.9096831930787630	25.4134259351665008
1012.3340428249391607	27.3167299016605050
1013.8942393611430361	29.3463924986270008
1015.4813845362399434	31.4150997103601988
1017.1376133140828415	33.4519285929287165
1018.9181063933195901	35.5032759337060639
1020.7502290369450293	37.6875011044521813
1022.6522812951930064	39.8080274697631253
1024.6493015069881949	41.8735523271113550
1026.7772084962196004	44.0749973620489328
1028.9856772763912431	46.2714207023961492
1031.2846501293174697	48.4660707460806819
1033.6826596770747528	50.6596221144956615
1036.1873119769900313	52.9567263837100981
1038.8058817986943723	55.0376967114685698
1041.5459700911837899	57.3317649011177792
1044.4162070068464345	59.3867709147215166
1047.4270121286899666	61.6672893363845773
1050.5978791014747458	63.6920301629029666
1053.8777807299161395	65.7875492143012934
1057.3202967470376734	67.8564903479685881
1060.9571819753693944	70.0460330221628453
1064.7411537535431307	72.0435652170325938
1068.7437803652076127	73.8642620701348136
1072.9237266571985856	75.7688704132482087
1077.3850897331244596	77.8039074193901428
1082.0612633842808918	79.4615098675671163
1086.9871592195768244	81.3744203753671798
1092.1959537182722215	82.8998974866192953
1097.7230001188759161	84.5246477011989015
1103.6151096843987034	86.2584192597536230
1109.8562865661026535	87.7428064162611889
1116.5489338841171048	88.9799583755225854
1123.7083866036655309	90.3123365956028437
1131.4170712772133811	91.5657875674443318
1139.7613466983791568	92.9242560428734805
1148.8525999947366927	94.0171388887459187
1158.7968183559441968	95.0229145356214104
1169.7758095022086309	95.9413662290245952
1182.0210680071641036	96.7711479746354115
1195.8252769105536117	97.5098108875184977
1211.6589273490887990	97.9614202257141926
1230.1054842208111495	98.5136420315741361
1252.2198076211780062	99.1706297672681814
1279.7149445085196930	99.5360233574705831
1315.9735411007193306	99.6084276870631840
1368.8201935993906773	99.7877561790562595
1463.5549329686366491	99.8789202489828796
1807.2969042449174140	99.8995421196945870
