0.0000000000000000	0.8554400000000000
0.3668359116861468	0.8554400000000000
0.8895657996144095	0.8550150307664112
1.2066888880020823	0.8543638830833984
1.2066888880020823	0.8544247474636524
22.9371667731258420	0.8544277831837459
23.4458414496680803	0.8544075126256708
49.8758901114517244	0.8524076933371155
50.2467224169466320	0.8544245060769958
66.8219408279291116	0.8557574570765051
67.0694770097043431	0.8570932269239045
67.0694770097043431	0.8570714811803881
68.6969528824155162	0.8547342873651450
73.1301450279354412	0.8553833224936517
113.0659375086365372	0.8580968164414718
127.7399438707018220	0.8609246581562016
141.8906402861520917	0.8574997084524362
188.5800234679754794	0.8476898700599877
205.0447754652796561	0.8456520010826704
206.6003631360883901	0.8432906079031210
207.4384938254896156	0.8446428507039543
227.3736915645250463	0.8514973386648150
270.7733645779831591	0.8496144939833681
296.9815320204779141	0.8545382207463783
316.8215267818207508	0.8541369206378330
343.2096283780289809	0.8515929900916214
343.2126042605389102	0.8515773306912843
347.3939002554268427	0.8542176823697196
347.7659636500758324	0.8522718043918115
354.6740480561649633	0.8548678343208870
355.1138188825990483	0.8533795773525131
357.8499486532608103	0.8556698848327432
361.5258482624305998	0.8554737353795043
375.3675058001670664	0.8539664717594696
375.7582593681340768	0.8557495005818319
405.6972177783510460	0.8564135609585901
477.3428045734550551	0.8589771194485378
477.7224027161720983	0.8580260090487526
500.2244296692530270	0.8595028960222659
500.2913658402601413	0.8621976464645899
500.3399718510918888	0.8662138881040056
500.3807637255391683	0.8715690248422315
500.4172066413830180	0.8783543063687336
500.4507749814089834	0.8866609520709859
500.4820886740566266	0.8965229608374985
500.5114086773037343	0.9079017972982519
500.5384444167768834	0.9204518621029596
500.5643285750811060	0.9345787452131628
500.5886867360053998	0.9499444332570809
500.6122057017065572	0.9668895724641237
500.6346433967802341	0.9851408218668080
500.6558648224615240	1.0044301407245082
500.6768013307097362	1.0255376589817218
500.6972062696350463	1.0482494067011010
500.7170099847414804	1.0724318111695195
500.7361890099347193	1.0979944896245255
500.7554942091419434	1.1259929312554193
500.7744530380593346	1.1558279689022148
500.7930658684143737	1.1875046866713206
500.8113756121992992	1.2210984952316148
500.8293194958071126	1.2564879463250429
500.8470014800341232	1.2938781422701084
500.8643663961907464	1.3331592448742451
500.8814275984834126	1.3743555302083306
500.8989013755831365	1.4193572170238511
500.9162388909906554	1.4669565900633177
500.9334645478148786	1.5172738522352460
500.9505382966354432	1.5702842418283942
500.9674754615305119	1.6261074030718903
500.9842498106371522	1.6847326257811079
501.0009218072168551	1.7464538268963823
501.0176720767776146	1.8120552687481668
501.0342120813247675	1.8805371108968874
501.0506746250773631	1.9525323582749035
501.0670413509839705	2.0280835424941031
501.0833449216170266	2.1074755930000793
501.0997901601274975	2.1918777621989163
501.1160943848390161	2.2800372460208003
501.1323341703463257	2.3725091397441442
501.1485368601207711	2.4696282464631882
501.1648017702146376	2.5721978818567441
501.1810607208285546	2.6799886285221071
501.1973075542753691	2.7932246721279110
501.2135435192683417	2.9121532354059214
501.2297689421199038	3.0370257125315341
501.2460082740855114	3.1682336193016210
501.2621764461965768	3.3054120986646325
501.2777535328144154	3.4440259088616298
501.2925954785021645	3.5825867232472901
501.3093951459177333	3.7465762319143683
501.3253850523167330	3.9101246668229122
501.3414279383950998	4.0821080163031622
501.3573384257188081	4.2609237141215752
501.3738133677939004	4.4552848276340766
501.3901232212555215	4.6563232282270448
501.4064628236795897	4.8673498807609636
501.4210769184492733	5.0652157508426097
501.4379391396204824	5.3033244977043026
501.4541546422181568	5.5428870268089465
501.4700353657869414	5.7884634648044262
501.4867531309189417	6.0593088674952504
501.5033465204493837	6.3399323143209951
501.5199254129769315	6.6333103314968245
501.5359186692191997	6.9292105995838105
501.5524117749711195	7.2478502531986120
501.5682907151013978	7.5687457083356557
501.5855398519055370	7.9331076863231367
501.6024090819360595	8.3048817158344725
501.6194382303686439	8.6972052942088336
501.6359185684876820	9.0936797474738711
501.6526821476266491	9.5144756359064608
501.6691807511267598	9.9469385160688546
501.6868976094891082	10.4320041018726393
501.7045188795415811	10.9345867336837195
501.7221981115656035	11.4611774387399556
501.7396102005616285	12.0020086961392991
501.7574259519441284	12.5789534920141168
501.7751476453090049	13.1775706558276333
501.7938608361963020	13.8377214309268393
501.8125238236573864	14.5224394889149107
501.8311640166194252	15.2348546796846982
501.8502198433931767	15.9931298334804382
501.8690720212451311	16.7744884392917228
501.8896124321070715	17.6613489759892275
501.9101830671671678	18.5837773098308681
501.9310955343468663	19.5591320836656735
501.9520584177830642	20.5742745094362185
501.9746089603856944	21.7074123815708901
501.9982072067708145	22.9376229182438536
502.0231296014267173	24.2840052918203106
502.0498973395843336	25.7801943852641884
502.0794971301404530	27.4883920334990322
502.1142875157037224	29.5549356243787074
502.1689346319658966	32.9416937301297139
502.2228714807515075	36.2015906354535701
502.2547150198815302	37.9774249876695080
502.2809982263688084	39.4308897002334788
502.3051188459136824	40.6890535352693021
502.3274613601576561	41.7758858603314636
502.3491818825517043	42.7489612884586734
502.3701535140181136	43.6027014883211237
502.3905485429368696	44.4371185805524291
502.4113363734147697	45.1107105375892914
502.4322135288131790	45.6076717287969018
502.4542680200447080	46.2294282387656210
502.4776209702800998	46.6969822151317260
502.5025703689764782	47.1020688178829019
502.5304126857178062	47.4577990067212099
502.5617289610458442	47.7606796584036246
502.5994567069784011	48.0261543002062865
502.6463010130581779	48.2541729464510922
502.7099868035965073	48.4612050967492252
502.7944557622833486	48.5389170959616223
502.9028338333750412	48.7570927985904419
503.0419948522173854	48.7973235449573224
503.8108956339524980	48.7059653884241115
531.3435788313182684	48.7673116189094813
531.3435788313182684	48.8111985830455311
535.7540976506683137	48.7416652325832729
537.2169045061447150	48.5258101062084322
538.2912179740312695	48.4528675400654265
539.4608002074089654	48.1755204423906704
540.4157561740819347	47.8525597571409662
541.5598824589130800	47.3503856358519783
542.3772702203042400	46.8006090341917016
543.4492056549311201	46.1041161982219450
544.1631924261365612	45.7696797403633582
544.6063659978733540	45.4893630103093187
544.9765251149442520	45.4261645312595164
545.3155490008927018	45.4614006364374674
545.3155490008927018	45.4614006364374674
545.6358705468211383	45.5905629148540044
545.9718864367650895	45.8260200567927996
546.3353245448107600	46.1762281409383135
546.9269877797787558	46.9546378283639427
547.6297797700908632	47.7392719096596281
548.0616151595686460	48.1363042136428589
548.4756378526932394	48.3404399378079290
548.9572728673240363	48.6973648197329751
549.4285343030026070	48.8255536734444675
550.1334790764533409	48.7554412185365322
555.7958772218382819	48.7821298174571254
555.7958772218382819	48.7787062443301167
557.6765449223972837	48.7471745505565011
559.0878971555575845	48.5945840242387206
560.9231373739628452	48.1110865164518060
562.0934269289514305	47.8224422170568744
563.1870493710217715	47.3418057621262918
564.3945759007200422	46.6882866369633689
565.1587593491656207	46.1734328115282864
565.7985096615898328	45.8972660363394951
566.2330158018293105	45.7981430169061241
566.6264002643251843	45.8047868352249665
566.6264002643251843	45.8047868352249665
566.9530711300715211	45.8917347350048814
567.3242294042265712	46.0844956074081011
567.7393832327386463	46.4017260648870362
568.2438232015348376	46.8800262925780231
569.1085404744954985	47.7652679576407380
569.5925314575548555	48.1919793433306012
570.1214520508066244	48.4308807513583943
570.6517949326098460	48.7593192771085810
571.3868693017999476	48.8681308668024457
571.3868693017999476	48.8681308668024457
578.8239386335337713	48.7485565763057664
580.9640165449792448	48.3592833748039226
582.1362867202658435	48.1805373793656102
583.3396179194054412	47.7971176388072436
584.7014661235642734	47.2282877434618769
586.5370917910898925	46.3461929626431655
587.0940016049020187	46.3235530931787736
587.5193444527430984	46.2647144065415503
587.5193444527430984	46.2233148078212963
587.9848807745482873	46.3260961581796451
588.4415156075433515	46.5333496549747707
588.9767816976566337	46.9840201628747423
589.9108056975647969	47.7163852639578252
590.5943415403127119	48.1990909405840000
591.1407505003513734	48.4125219111758369
591.8069261842678088	48.7782463275557916
592.4137847877065042	48.7884413682460263
593.3886357491087438	48.8093851469743925
597.0922450632243681	48.8319927022937676
597.0922450632243681	48.8759339848326846
599.2633330750089726	48.7790905668648378
600.7016086397513845	48.5229390053674265
602.0782122107111718	48.2811445269584567
603.3328545581024400	47.9620036415136681
607.3060807692780827	46.7876720011962632
607.8633694047038034	46.6562357863663237
608.2642839093475686	46.6972398752640387
608.2642839093475686	46.6972398752640387
608.8220004228260223	46.8501622940465978
609.3641405367176276	47.1891227077172388
610.0682729653901788	47.5011642089834467
611.3044906443024047	48.2153975354612427
612.1272930137494086	48.5716501383171959
612.7988284907343086	48.8504519646802180
613.6362636238718551	48.8365531364769296
615.2886109235397498	48.9375957690934840
618.8761740463666001	48.8433292397587806
620.5440610556523779	48.6915909818966099
622.1499104210230371	48.4385391747476248
623.5508440713496157	48.1188373127877824
627.4019990241506548	47.1523357195385344
627.9938314826920305	47.0420395059638778
628.6716030844671650	47.2223480301531922
629.3948999954615147	47.3380556476575549
630.2033248203858875	47.7772341173058450
632.3292899995375365	48.5571923600809541
633.0553648959491966	48.8309393461336114
633.8771926641214804	48.8368271517778965
635.1121716771581305	48.9168928489695602
635.1121716771581305	48.8631736865426305
637.8227700869764476	48.9045021294931317
640.1826563573736166	48.7418382451064076
641.7764030416548167	48.5256884115022302
643.5153688568079815	48.0979934726985903
646.5746377210032279	47.4754527168930593
647.3952745910312387	47.4049239251179984
648.3620597532309375	47.4503108525529527
649.1909275757610658	47.7038790443318277
650.1797937403654259	47.9951928216033394
652.5214383260127988	48.6987830800189485
652.9887881322661087	48.7931664400139624
653.9429096887253081	48.8158964883221884
655.0673601054695609	48.9598802877135242
657.4743121095604010	48.9185471656076487
657.4743121095604010	48.8208078106314076
659.2282502724139022	48.8209171933213497
661.2773134806714097	48.5121336446002900
663.0440136663283965	48.2451748718854247
665.6726574275933217	47.8425193360313159
667.1957043008621895	47.8349027527418116
668.0831790146646654	47.8178841818662903
668.0831790146646654	47.8705362422290150
669.0225908751652923	47.9927371980701238
670.1703117435206423	48.2246189457540240
672.7122266141598175	48.7393755559105131
674.0038045694176390	48.8814556795086972
676.3750134686818001	48.9294918526290061
676.3750134686818001	48.8317306301462324
678.1293318386087776	48.7716195647194652
680.4962517516951266	48.6043367816356948
682.9435593502014399	48.3986027924998083
685.5770734012031653	48.0549336119938673
686.7793086939665272	48.1025259802271989
687.9027648428775592	48.0778700789346658
687.9027648428775592	48.1307630629821190
689.1435644573750778	48.1506181574469139
692.8379759541007843	48.7539082035166658
694.5488723509309921	48.8736614589538334
698.2854052566973451	48.8464778557436787
700.3192919239467074	48.6411690195730486
706.9535252906376854	48.2754030693344944
706.9535252906376854	48.3720505229267488
708.4260669324601167	48.3607768414673700
708.4260669324601167	48.3172801815278561
710.8761399417902567	48.4985637346307641
714.3082949453852279	48.7249829049916769
716.4913233642304249	48.8162680437193544
716.4913233642304249	48.8602247459674430
719.2601658786584267	48.7112276056960241
727.9445166926693673	48.5068082720968832
727.9445166926693673	48.5068082720968832
730.2959192926215337	48.5783879331224782
735.9878044650879474	48.7399439132774575
739.5854451982480668	48.7749812012979405
739.5854451982480668	48.8188724303613810
747.0699624160230314	48.6860421201623979
747.0699624160230314	48.6422282112648148
760.3303117432949421	48.8402652523301626
765.6713067345934860	48.7750428685947313
765.6713067345934860	48.8287019379885621
783.6918440754799349	48.8777309799160165
783.6918440754799349	48.8777309799160165
795.6273243770357340	48.9141486704301585
839.2348230322413656	48.9822711464619545
839.2348230322413656	48.9822711464619545
846.7355978029446533	48.9898311997308653
846.7355978029446533	48.9898311997308653
867.3584608275149321	49.0074944452906820
867.3584608275149321	49.0074944452906820
881.6831072477443740	49.0180834434913351
881.6831072477443740	49.0180834434913351
960.1804674877388379	49.0544474266588963
960.1804674877388379	49.0544474266588963
971.3165238827758685	49.0603336658425206
971.3165238827758685	49.0603336658425206
1005.1527131164945104	49.0196009774899650
1005.1527131164945104	49.0196009774899650
1007.2687277494627551	48.9313505989839257
1009.4221895803709685	48.6607181389851462
1011.2494569770062753	48.5280288512711877
1013.1160576397820705	48.1986609654384992
1014.7458747978625979	47.8113217532314536
1015.8978933635536350	47.3576881835238552
1017.4112299997364062	46.8584633194267326
1018.4428799080651515	46.3211517173323699
1019.3304652222270761	45.7552358742520369
1020.1000949315455273	45.0629602042576565
1020.7898673725253502	44.5246081322916396
1021.2622787833327038	44.0042509052847350
1021.9262666969416387	43.1967199562082769
1022.3436187554306116	42.5141892323809429
1022.9242358566267512	41.6871816271359918
1023.3392307402119741	40.9578193017282572
1023.8417599474126973	39.9618321658507227
1024.3740612373906060	38.7363595932956812
1024.6820508729972516	38.0105357968273054
1025.2008517482561274	36.7060963386516761
1025.5213721770876418	35.8368246925395226
1026.1160429171573014	34.2049655186801758
1026.6638183568404656	32.5482275936318288
1028.3586460271235410	27.3281791752224059
1028.7223829954791654	26.3030943180789976
1029.1653410029928182	25.1125021461747195
1029.5530277076397851	24.1319988044070044
1029.8701469027921576	23.3788072049178730
1030.1987104277416165	22.6474206971346490
1030.5259290910248637	21.9690318241518874
1030.8567897014891059	21.3343730394290745
1031.1954636136583758	20.7377007141398302
1031.5451379503867884	20.1761442349303728
1031.8971613246626475	19.6654480872477571
1032.2019283906595319	19.2643196764484905
1032.5777104626156415	18.8136631861243337
1032.9126736399732636	18.4497622106120289
1033.3815832922975915	17.9878117852198827
1033.7379302399951939	17.6742998467416328
1034.1844252760174641	17.3180842010699614
1034.6878028049995919	16.9642603879217653
1035.4493004848850433	16.4809791789822491
1036.1253888205890235	16.1148178186178512
1036.7468626280258377	15.8129153635602115
1037.8962054800981605	15.3061265276717755
1039.0564929823901821	14.8582280215278946
1040.1825672767033666	14.4656996754257783
1040.6637715372025923	14.2201728206713192
1040.9843917701682585	14.0831164680420073
1041.8059777004568787	13.7544324141104184
1045.0729896924742661	12.5655193017393039
1045.8533343175865866	12.3227732404405632
1045.9778927046561421	12.2774576071834165
1047.8146474880466030	11.5624004358289909
1049.2511919989485705	11.0804416148362073
1049.5131654739843725	10.9984569427669410
1049.9832562561941813	10.8560040073581945
1050.4019110284148155	10.7117127227646716
1050.4019110284398266	10.7105336810346490
1051.2935518479569055	10.3952229245876744
1052.3439275879541128	10.0688132952216218
1053.6005279884200263	9.7349810372079695
1054.0011418706008044	9.5946640103795495
1054.9427339707910960	9.2421693203677062
1055.9729645877914663	8.8146001228348716
1056.1890951316408973	8.7446262735167206
1058.7331853621210485	7.9532597616800684
1059.5743053830788085	7.7418706907100585
1060.0989317367013882	7.6273186233239887
1060.3940416140299021	7.5770217155725268
1060.5128444119534379	7.5489064692239056
1060.9780301426062579	7.4183297438184281
1061.9106357161524556	7.2246822787542762
1062.5117721286708274	7.1141529206072880
1062.8408786182897074	7.0613171573327662
1063.6215860468050778	6.9555956867964479
1064.5092135601246355	6.8666509959152942
1064.7786182282407026	6.8236635263582457
1065.1637967197955277	6.7938310303443403
1065.9836774504226469	6.7436633494246783
1066.8003580485146813	6.7023927765400284
1067.0215649690685495	6.7001143798651919
1067.0215649690685495	6.6999472692178328
1067.5415316258327039	6.7053207563974100
1069.2289874261996374	6.6415932681540299
1069.5054264718596642	6.6399746525644101
1070.5237564465089690	6.6471011815710801
1071.6321334697281600	6.6742794894393356
1072.2461535348088546	6.6660450836619161
1076.3909195346259366	6.7350023332291684
1076.9391219840140366	6.7588997175117198
1077.7162360238760357	6.7700894069760515
1077.7162360239010468	6.7675898928877540
1080.1068243573558902	6.7844331825603765
1081.2203990973966938	6.7818678481756178
1082.6064614602344136	6.7784819725043226
1083.2760987778965500	6.8025264813736515
1085.8921260543388598	6.8347258942639444
1088.6374278059320204	6.8665449886700669
1090.1418370477920234	6.9282003740528806
1090.1418370477920234	6.9330254312728776
1090.7660156531101165	6.9169382377265896
1091.7179197947841658	6.9152680015146890
1092.4699533802242968	6.9209517255986910
1094.2266692402929493	6.9633609846021542
1095.6158692642459300	6.9848261182359668
1095.6158692642459300	6.9864140760960094
1096.5148515718387898	6.9764327778740336
1098.9453339281903936	6.9984828538703168
1100.1425805096612294	7.0012169267172997
1101.1745014862119660	6.9834413129196617
1103.0531838419581163	7.0277568950614313
1103.0531838419581163	7.0306344106390952
1104.6552194329981376	7.0078651014243496
1104.6552194329981376	7.0145194691933881
1104.9845477510077671	7.0198781556607708
1105.8948808305740386	7.0213763635294422
1106.2449421140811410	7.0440325553728851
1106.7227045710383209	7.0564531301319251
1106.8004176779818408	7.0546342838242602
1108.4386247841434852	7.0507993418371226
1108.4386247841434852	7.0533792578365455
1109.7728359910618110	7.0271723897769842
1109.9486564657897816	7.0271103449236545
1109.9486564657897816	7.0271103449236545
1110.5466451418619727	7.0323038380186889
1110.5466451418619727	7.0511829767787901
1111.1143572103528641	7.0197173070122130
1111.5422379778231061	7.0067015788302074
1112.7189076924776145	7.0069684943016171
1113.0549147488995914	6.9732932720991005
1113.2522995882695795	6.9677403464883305
1114.2099344589973953	6.9535633346730110
1114.7984659169262613	6.9469457149976401
1115.2908736466590653	6.9506357974769211
1115.8838407666391959	6.9678085514212729
1121.2097031679541033	6.9332222646207420
1130.6204517619114540	6.8842457148575660
1130.6204517619114540	6.8824930353049112
1131.2012749054863434	6.9190499723244123
1131.3763402936808689	6.9184321760341074
1131.3763402936808689	6.9184321760341074
1132.1144785886790487	6.9044331441482294
1132.8344367750646597	6.8922862878708724
1132.8380540308719446	6.8922247427664018
1133.4326423764548508	6.8635001394740334
1135.6619197835191244	6.8689041347197621
1138.4982913417279633	6.8885890480273773
1139.2116848336490875	6.9046062632938252
1139.2116848336740986	6.9014741266755744
1140.1232057803713360	6.9030801082619018
1140.5323369898685542	6.8831955861551828
1141.0495612201909807	6.8505617783090598
1141.4098094671239778	6.8465966014874882
1141.4098094671239778	6.8465966014874882
1142.3408307549641449	6.8456239484958248
1142.3408307549641449	6.8412739988326070
1143.5572954003396262	6.8453334951969449
1143.5572954003396262	6.8421487052374745
1145.4169632056280079	6.8253924259314438
1146.1309838247293555	6.7978280990255744
1147.0257082533057655	6.7596332299012678
1149.2349724576779408	6.7372939264399685
1150.7118617570158676	6.7222818596448697
1151.2463419961047748	6.7323796965106215
1151.2463419961047748	6.7344085542212229
1152.1636836866414342	6.7192203621478974
1152.8105167556955166	6.6934359136868800
1153.7245338298698698	6.6841155979035038
1154.4438221633899957	6.6590825866950469
1155.1997086878777736	6.6466801106391076
1155.8510712315633100	6.6431324743555606
1155.8510712315633100	6.6480989419002601
1157.5205198528262827	6.6530961694849520
1159.6495523612559282	6.6211042695718119
1164.8306677632047013	6.5486876207809761
1165.1945894507080084	6.5138802189772909
1165.7948243169819307	6.4923835238474608
1166.9197210215227187	6.4618870200305016
1167.0125274825832093	6.4596627869885905
1167.0125274826082205	6.4606132115931123
1168.7011572404417166	6.4386736747133755
1169.0916354110788689	6.4535274458185556
1170.0005080478026684	6.4487439110733495
1170.6100479023414209	6.4261577315751071
1172.7705951398274919	6.3498302574876213
1173.6667150325179136	6.3423446080972941
1174.5625155857201207	6.3461489279751602
1175.7642842955181095	6.3079811474566041
1177.2106397923512304	6.2967165657925896
1178.2721923064234488	6.2609000653294187
1178.9521721181461089	6.2374487007048014
1179.0989568688905820	6.2368946041219964
1179.5294908974819919	6.2302070895966573
1180.3069500543783761	6.2191121741520607
1181.7245950482499666	6.2120081648029268
1182.4601722434181283	6.1877746018128645
1186.5706972393518299	6.1175318072373610
1186.9867743812285426	6.0983890199048334
1188.6282527413554817	6.0590766027408591
1190.3286883520497668	6.0433792885073210
1191.3615926960342222	5.9727256301047458
1191.5310086442823376	5.9671483742469507
1192.5076186535548004	5.9472288401636657
1193.4776815662330591	5.9572179313170981
1193.7680350539912979	5.9322937795924666
1194.1393970295328018	5.9210557325111610
1194.1393970295578129	5.9267477390077943
1195.1346739253249325	5.9239160669505910
1195.5118325051523698	5.9105761326754394
1196.1666063172560825	5.8890252361906272
1196.1717207754911669	5.8888563620071501
1197.9628730756237474	5.8052745267998791
1199.9120829965088433	5.7987446323752563
1200.4614422635513620	5.7713266655919497
1200.8343856083477021	5.7757170110741773
1203.5404549711190612	5.7106049520670457
1204.2368886152410141	5.7058122498114008
1204.8126009226798487	5.6669195786155209
1205.4056063146913402	5.6209616471277029
1206.4144976253069217	5.5745409575453211
1207.6377322820590052	5.5442480548227033
1209.8464899533362313	5.4587773916553086
1211.3028948153330475	5.4003336113832807
1211.7212240250482864	5.3933028795878695
1212.1755283982281526	5.3749280127872643
1213.7494676994253950	5.3499753878602432
1218.0589481587480805	5.2250678856607724
1218.6983781878259379	5.2135211816286589
1218.6983781878509490	5.2151487914454435
1220.0054371467222154	5.1952205210616187
1222.4138414757442206	5.1628990895323277
1223.4414666776465310	5.1068388466740764
1224.1359325822450046	5.0902231278032000
1224.6308199724876431	5.0781185394548976
1225.6813419959521525	5.0630484780006242
1229.5301120693743542	5.0370119275759899
1229.6597716533983657	5.0326161725064269
1232.0018551207042492	4.9230541486919961
1233.8165761564328022	4.9037422445084209
1234.0785044687283971	4.8972042868046852
1234.8642428180105526	4.8731079414334086
1235.5671196258415421	4.8584306776047690
1236.2832497940080430	4.8381391677612751
1237.5708375716055798	4.7957747163161271
1238.3944957648539003	4.7849588129120804
1240.0236811812681026	4.7627173303510419
1240.6102458611537713	4.7193035269294032
1240.7100130486408034	4.7127132616367922
1240.7100130486658145	4.7154397463848605
1242.2566955210525066	4.6642560076489632
1242.7161723770166191	4.6652609636833775
1243.2554688957884537	4.6486135456938023
1244.9241925472947514	4.5704657591625164
1245.4134222602751834	4.5552507425551827
1245.7227126344721455	4.5616642905865739
1245.7227126344721455	4.5657593464239667
1245.9566558197659560	4.5608957085581689
1247.5924565256436836	4.4990901780374655
1248.9439296719183403	4.4842659835517509
1249.3717440050329515	4.4729063553787256
1251.7099001060944374	4.3898175012782774
1252.3127661920050286	4.3745370830743822
1254.8630568129567564	4.3255765399478348
1254.9208309155756069	4.3237626444247290
1255.4645779245604444	4.2904864814126373
1257.8592672649776887	4.2450839308476791
1257.8970730570260912	4.2448147220918333
1257.8970730570511023	4.2440381743425295
1258.9012933107535446	4.2155526293896743
1260.7057352564895609	4.1345340005434768
1264.8566598266208985	4.0353453445302598
1264.8566598266459096	4.0342302139230641
1266.8815738758339648	3.9705852943555207
1267.8739535875579350	3.9465428038884007
1269.6173858524289244	3.9104299406629108
1270.4809203625109149	3.8810018701725473
1271.3863900388892034	3.8643981859843990
1271.8591805670605481	3.8615261178696980
1271.8591805670605481	3.8692569008884559
1272.0492574483089356	3.8641254561330913
1273.9089214263628946	3.8072228117404232
1274.1881482074695668	3.8000325186340262
1274.9989835739118007	3.7709901130726320
1277.7948415793421191	3.7176888128318279
1280.8088134161582730	3.6381715622534454
1281.3292333164447427	3.6183327630238127
1281.3292333164697538	3.6154425160561492
1282.5225075462983568	3.5549762181190556
1283.0062474048190779	3.5487631134099691
1283.3376522842613667	3.5279691005800093
1283.6570918534189332	3.5156076055081535
1285.1391717981384772	3.4767577735299060
1288.9614467399314890	3.3916137590324813
1290.3349792592912308	3.3770136165456002
1291.5856706738372850	3.3344630912693054
1292.2688488273470284	3.3073249524246462
1296.9043819044484280	3.2311735511050954
1300.5437249359106318	3.1356727244745142
1301.2969862778904826	3.1224008808446779
1302.5975074728389700	3.1028616250794809
1304.4246436272153460	3.0755055455036788
1305.6758861113582952	3.0441658572934767
1306.8931386559254406	3.0308913268861528
1307.4283532061303958	3.0237957375447198
1308.9192403893837309	3.0014726684505439
1309.5596425806904790	2.9781639014325445
1309.9085840640411789	2.9806728295039231
1309.9272584353298043	2.9803275516193941
1309.9272584353548154	2.9802086059049264
1311.1945080028783650	2.9485778151699011
1319.0449125723189354	2.7982982369946443
1319.5001653993099353	2.7771541223379081
1319.7796024511314954	2.7689923565570811
1320.3154130148720924	2.7589162456131504
1320.5496459220630641	2.7593699986163029
1320.5496459220630641	2.7618514769876112
1321.1040347497526000	2.7392144342882823
1323.8105351104115925	2.6946287432272835
1324.1026371211066817	2.6959860780148794
1324.1762344106639375	2.6946804816068282
1324.6678497194825468	2.6819708472335924
1325.0666224894018796	2.6660040965006324
1325.3122271146369258	2.6609416307136997
1325.3122271146619369	2.6617078184221148
1326.0328270368431731	2.6499052996933417
1329.1067920295299700	2.5930622369862601
1336.2486056452648882	2.4673672651499596
1339.8547617545048070	2.4064928568172359
1340.4868503985962889	2.3970807823007085
1341.7952661153897225	2.3790471390913477
1342.5472137763410956	2.3653958492149956
1343.6576105311048650	2.3485751272049717
1344.5466864756319865	2.3468120032752466
1345.4009880050728043	2.3308669056290134
1346.0490053220848949	2.3092044843234389
1346.7925282851178963	2.3024973731155796
1347.4686753630917337	2.2857928225853064
1349.4489483662280236	2.2626399395374426
1350.4966661104829200	2.2387445689479315
1350.9003438959171035	2.2256041312042147
1352.6646489532540727	2.1869033213143796
1353.2988716716774888	2.1834715274061964
1353.6912571943219064	2.1717825438709175
1355.4537457467840795	2.1459908692836791
1357.4181708826495196	2.1190494541463329
1357.8102050323045660	2.1119623726079109
1358.2241702057283419	2.1095609999992235
1359.5040152007832148	2.0871244740519450
1360.2527090206165212	2.0799286450642391
1360.8948384180273479	2.0692047873209329
1361.2885359813808464	2.0697025511217868
1364.4539289701581311	2.0181548229133388
1364.4800513356303782	2.0175387077147331
1365.4457183475681177	2.0118604410935226
1366.3545211866810405	1.9906377696819506
1366.6813331552116324	1.9924362174407144
1367.6284355982388661	1.9778354946441195
1368.3618974111918760	1.9721193237728836
1369.0565656180783662	1.9617683934803409
1371.1352252099700308	1.9425107175409742
1373.2767429139180422	1.9101835358200805
1374.1901081249027357	1.9015260924413167
1374.4676644254211624	1.8971737579283312
1374.8530490245730107	1.8876501112855604
1375.7773878742602847	1.8783747912483715
1375.7773878742602847	1.8832256298974670
1376.3254846566255765	1.8771310083550969
1376.6892346927022572	1.8736350873553687
1380.4456034171357715	1.8232747790691859
1381.1818848318487198	1.8193967372356596
1381.3831846659279563	1.8143010414753582
1381.8129803525309853	1.8086331009725896
1382.4499233349204133	1.8076394325519036
1382.6828075793480366	1.8033522667576711
1383.0487609091358081	1.7940027525488889
1385.8331885312331906	1.7695448546026062
1386.9791898815785771	1.7550834320928759
1387.6132719876814008	1.7463678476059725
1387.7561892038099813	1.7450778024888591
1387.7561892038099813	1.7487558330074573
1388.3078021482638178	1.7434112898558891
1388.6638073319973046	1.7404967999106564
1390.1759485443665199	1.7234385093386546
1390.4926664863069163	1.7192028267884667
1391.7549163076562309	1.7039794951915999
1392.7395300408957155	1.6965090247269319
1393.2514771198775634	1.6892022918547225
1394.2185127962077331	1.6749583058575324
1396.8766608610637832	1.6569588010423211
1398.3198042911883476	1.6391284516914368
1398.9090480802522052	1.6312833954707822
1399.6615589365187589	1.6298412752803229
1400.1477655038593184	1.6252641203887250
1401.0997472153551371	1.6198980015992031
1401.4659904934978840	1.6137431772845789
1402.4025803434522004	1.6083312377950105
1403.0274290414563438	1.6008724909607002
1403.7645461956833515	1.5961613908873755
1404.4137704583406503	1.5881677925526070
1405.0631526875442887	1.5843892881376866
1405.7400642489537859	1.5764446575310731
1406.3546582250887695	1.5731071312027123
1406.9958018602483207	1.5656917935819405
1407.6859190555423993	1.5616346750919043
1408.2493003910747120	1.5552062189824447
1410.2389238512478187	1.5417252804901787
1410.5730947884133002	1.5328820735276207
1410.8092770672715233	1.5317311832385978
1411.2180144579642729	1.5293133285377982
1411.2190991619852412	1.5293069497345495
1411.4877741957145645	1.5312560772111921
1412.1733255443211874	1.5222076142414438
1415.5918538897376493	1.4932941463851053
1416.5274487276740274	1.4865696726818081
1416.5274487276740274	1.4905745406741964
1416.8661255271297250	1.4853027179144309
1417.1220508832443556	1.4796500669042851
1417.4834053094791670	1.4757074830477974
1417.6564772647325299	1.4738866969857056
1417.6564772647575410	1.4747635036673754
1418.3334396424672832	1.4711302368637751
1419.1513755322100678	1.4686715752637154
1419.4604652831026215	1.4615629606620906
1421.0875477057700209	1.4488333887549492
1421.4676342936636502	1.4450511773263821
1422.0656011439573376	1.4436683557292822
1422.0768036923989257	1.4435627907858830
1422.0768036924239368	1.4435217283681718
1422.4197460556677015	1.4384907858176037
1423.0438148642947453	1.4376917242845229
1423.3781084703896340	1.4304837323678257
1424.8363546130824489	1.4199757560707984
1425.6875075017255767	1.4157942527701655
1427.0062480090357440	1.4031893373280906
1428.0767896126931191	1.3942138643816131
1428.1194484325251324	1.3936699483896124
1429.5316506879858025	1.3874769973829946
1431.2100595794831861	1.3742078730190972
1432.6782480573849625	1.3615183471920982
1433.6216753323506055	1.3567448274946905
1434.8561497549908381	1.3455027524938317
1436.0618696596930022	1.3372787623046742
1436.2180195596115482	1.3390240766262522
1436.2536189917700540	1.3390142869303172
1436.2536189917950651	1.3387267551787072
1437.2987690050936180	1.3307403951169809
1438.8458973209023952	1.3172503725421163
1439.7893422273493798	1.3128594568471983
1440.4863363829999798	1.3061140953592443
1441.6124716263266237	1.3037631753848897
1442.4721254605956346	1.2953839541716505
1443.8988899303253675	1.2829716020630137
1444.7902674648407810	1.2750862624913548
1446.4059752059149559	1.2684799771449824
1447.0997821335704430	1.2621461906363101
1448.2198469136235417	1.2576399622642476
1448.2198469136235417	1.2577918772164731
1449.0775128332697932	1.2592804699797064
1454.0585940973542165	1.2282957339961247
1454.1729417736032701	1.2266777083184999
1454.7559664918928775	1.2245718445057392
1455.1899960476785054	1.2228330983361901
1456.4994358964984258	1.2190791196731274
1459.4064699910568379	1.1962143238059137
1461.1469377875828286	1.1899118797095776
1461.7793635425798584	1.1849375317766875
1462.3919035249543867	1.1829549975889573
1463.1291905259099622	1.1773920535485669
1463.7350539412675516	1.1752674035521677
1464.3681589445570808	1.1703661693336187
1465.5913157844754551	1.1667756868620243
1466.1583644111613012	1.1605624024269336
1467.1532936355986294	1.1535097287095224
1467.7004803492141036	1.1495037738742078
1468.2450346089619870	1.1455536493121301
1468.3921236984049301	1.1451390755917683
1468.7252334613347102	1.1459569996954855
1468.8479126498182268	1.1451170250703826
1469.0321290130643774	1.1420685753869497
1469.8021705798589664	1.1395335110752907
1475.0109935110924653	1.1140643132795658
1476.4210150610385881	1.1084579531208985
1476.8416799244137110	1.1048949592502211
1477.6521580521648502	1.1031677546248364
1477.9336791813857417	1.0979205433381929
1478.2145467610394007	1.0970819866338597
1478.7509456540158226	1.0952701377870131
1479.5131993044039973	1.0947955484694516
1479.6198047571926963	1.0938089536153741
1480.1697514610784765	1.0940068684711006
1480.1697514610784765	1.0942368593723866
1480.9108543416343764	1.0908744326892414
1481.0678364320212950	1.0914650501650065
1481.3952031872915995	1.0911795230239267
1482.6189477499115128	1.0844326090240881
1485.1116283627668508	1.0773643413624701
1485.5593787015825455	1.0739104933614856
1486.2274483706746651	1.0724117899955574
1486.2274483706996762	1.0719657179259516
1486.3676554648059209	1.0710406405394020
1486.6209356161195956	1.0720259326100448
1486.6209356161195956	1.0719720171614311
1487.2656957872081875	1.0687491324660061
1487.5488934724385217	1.0673470769555040
1488.0515207785751954	1.0653386950797734
1489.3232644209490445	1.0567428419491722
1490.7137914971744976	1.0534170005389869
1491.4050631091777177	1.0516471632672839
1493.2554922085598719	1.0426623810092874
1493.4144346876184954	1.0429988435350162
1494.0128241263057589	1.0414497697811338
1495.0672797574197830	1.0351229002488398
1495.7559751858921118	1.0335612602282320
1496.3909017394339571	1.0296959144436924
1497.3468764955632651	1.0268000287810877
1498.0660240421750586	1.0215792646576691
1503.9369424692599750	1.0014403510467782
1508.4879984746251012	0.9874542249775737
1509.6261374551825156	0.9847885933090087
1510.7406619633038645	0.9828684257859290
1510.7406619633038645	0.9841201104809288
1510.9196098518254985	0.9840607359031414
1510.9196098518254985	0.9840607359031414
1511.3333456703039701	0.9830727752691971
1511.3333456703039701	0.9839167769056508
1511.9387211904308970	0.9812575209722992
1511.9387211904559081	0.9810275333822216
1513.2486588726401351	0.9795245097527137
1514.5189662622562992	0.9720557818154394
1516.0575432675148022	0.9701107324210954
1516.6586309183480807	0.9674199457121879
1517.2481632893970982	0.9667553065817718
1517.3978395592703237	0.9653404474943743
1517.6177852695436741	0.9669465836824244
1518.0004772295544626	0.9656125344412554
1518.7195810523510318	0.9630667201144074
1519.2282410601073934	0.9575272164597532
1519.2291707175779720	0.9575248462100796
1519.2291707176029831	0.9575273145533564
1520.0506827816968780	0.9573626222496708
1520.4440388359269036	0.9558012464085119
1520.4440388359269036	0.9554716234605991
1520.6891776828026650	0.9571965111627492
1521.1636596890100463	0.9567920610872349
1521.5976399903852325	0.9557361495615482
1522.1353490259623413	0.9536966948165381
1524.3384462804883697	0.9435128536210972
1524.3384462804883697	0.9437349042474003
1524.7314085917487319	0.9449240853817422
1524.9638459102184243	0.9452804957573819
1525.3661345588027416	0.9424631924173138
1525.3767540831340739	0.9423861219687255
1525.9305958407842354	0.9429786137544102
1527.4483219268822722	0.9414142927381008
1529.3884462929227084	0.9323235392265499
1529.9390215661921957	0.9338888084578288
1530.1112814798132149	0.9340577115282631
1530.1112814798382260	0.9337887556038240
1530.6102813484139915	0.9332675245833667
1530.8540868119678180	0.9302109206613038
1531.1320939470006124	0.9314193456872453
1531.1320939470006124	0.9326461460644903
1531.8534409254548336	0.9260801943562534
1532.5921141827500378	0.9261436964114985
1533.1622772004425315	0.9246595940952810
1533.7780557545411284	0.9260457855416756
1536.1007769159737109	0.9160197216651516
1537.8734841365981083	0.9137618503912402
1538.3385104162093739	0.9105804511891441
1538.8050272257698907	0.9076714062669270
1540.4219217618674520	0.9055379562965635
1542.5145548197551761	0.9043512484436466
1543.9382052854539324	0.8989120674623061
1544.4261558842370050	0.8987326328319122
1547.6009549810407862	0.8910190896886327
1548.2099630080083443	0.8910366509521882
1548.3885885626768868	0.8905129981071378
1548.8118094452524929	0.8883090925689897
1549.0866671366945866	0.8871805697191376
1549.6413100230474811	0.8889659302178736
1550.2207650067132363	0.8845027117222487
1551.2414714482904401	0.8839729740435935
1551.9925157907307494	0.8818038604241054
1553.2952741094002249	0.8834913171941182
1553.6421947279452525	0.8811533558693384
1554.6203668269265563	0.8811227469019702
1555.4063460238069183	0.8793389976077437
1556.2831993029046771	0.8765569279565462
1557.0514557924134351	0.8763978626471518
1558.0410045284920670	0.8725245328662867
1558.7736045225904036	0.8724687414452575
1559.2576776410512593	0.8710483562748705
1560.4626439533421944	0.8688703126792651
1560.5514721726021889	0.8683335209237431
1560.9322311123271447	0.8692331133089098
1561.1683670931813595	0.8679310881340091
1561.1683670932063706	0.8680793356646052
1561.6874673474485462	0.8677324869183639
1562.1111844730505709	0.8656215252039193
1562.4840050431923828	0.8652106756085690
1563.4514329650914988	0.8648902845586415
1563.7435829683570319	0.8655733343758470
1564.3594022708948614	0.8648678736030329
1564.6692527378227169	0.8613469774100531
1565.2630958367617495	0.8613143708840368
1568.8268148744120936	0.8571725585919887
1569.7639291515413333	0.8538664761360949
1570.7596713236596315	0.8507863353202921
1571.3820532138777253	0.8515631923733907
1573.5542629643903183	0.8507539955028123
1574.0442114734871666	0.8475670992091113
1574.9076432840070083	0.8480180293679501
1574.9076432840070083	0.8459221793342785
1576.2660709546330509	0.8487555746603177
1576.5636491697296151	0.8453733314627228
1577.6227510727587742	0.8460412525104024
1580.6819778895055606	0.8398230989966068
1581.7099123825425977	0.8398299507979213
1583.0364927472239742	0.8378530054069721
1586.8934533178367019	0.8319718553950922
1587.9158674288901238	0.8324019761213062
1589.4720421283611813	0.8275250090339810
1589.5004570609401071	0.8273376295442698
1589.8812477034250605	0.8286283946421136
1590.6882957356901898	0.8295564791172202
1590.6882957356901898	0.8291248840478448
1591.0995938140752060	0.8280619485299172
1591.2327733706797517	0.8272156540676592
1591.6127949362664822	0.8258111083534970
1591.7260256805498102	0.8279357878156014
1591.8628142989657590	0.8275133206193332
1591.8628142989657590	0.8275133206193332
1592.2845505181333010	0.8237792491988267
1594.3682077061748714	0.8252186187012411
1594.6487527092267555	0.8213609583959426
1594.7423273936217356	0.8211253473401905
1594.7423273936467467	0.8214203104023333
1595.9058075629886844	0.8233982688203548
1596.5803713390953362	0.8214176937597794
1597.3267642591260937	0.8214547383312342
1598.1266575634413130	0.8205605283261053
1599.7519334435680776	0.8186595125559575
1600.1991416674168249	0.8177149911274654
1600.9042879120122507	0.8173631478499621
1603.6495302912021543	0.8144939961198090
1604.1173032683398105	0.8135436861156691
1604.5319944162920365	0.8128759853066316
1605.1104005831414270	0.8134909709864427
1605.7324623181605148	0.8137325449086927
1608.5359418843340791	0.8082333291547595
1609.8088754019436237	0.8096638338174649
1613.2288589028571550	0.8032885834390783
1614.8205161482392214	0.8038944577515464
1616.3849261091172593	0.8013394194873278
1617.0388122072802162	0.8044998368246626
1617.3717379231352425	0.8039981609474496
1618.9803696515270985	0.8042342250412177
1619.0234339443238696	0.8030368447179679
1619.9162369465786924	0.8017741864997764
1620.6060330015804993	0.8026787122091650
1620.7254400526785503	0.8038906961619268
1620.9772436238345108	0.8049226129930702
1620.9772436238595219	0.8047629187142596
1621.6366781929464196	0.8029685938075987
1622.1723076682087594	0.8018506423358528
1622.4983028800074862	0.7991692668937845
1624.1062532853222820	0.8013054394285983
1624.6858439773784539	0.7987560406647591
1625.8929490756606810	0.7987032760062407
1626.3451420076551130	0.7981576802601784
1626.7344809002024704	0.7991497161615154
1627.5545560674929675	0.7976270316417549
1628.0571130147829990	0.7961634596930619
1629.3045284309059753	0.7962176925529011
1632.0963365811260246	0.7940735118362126
1632.6940891275155536	0.7946508631760217
1634.6481497489628509	0.7913747066811953
1636.9128694324642765	0.7894962857377347
1637.4588514523782123	0.7855618384160701
1639.3811833050995119	0.7897676346132634
1640.3607121189420468	0.7874446730298221
1641.1567156113271722	0.7888948884903265
1643.1284160578363753	0.7879736224798577
1644.1029415951345527	0.7857153209267939
1644.3596224333457485	0.7849223052328719
1646.7990377887031173	0.7835850608070488
1648.0248415780386040	0.7817047530776730
1649.7045962270503878	0.7836519312354625
1651.4909718282658559	0.7804969850936999
1652.5163796227207058	0.7797965472533241
1655.6884905014849210	0.7777574722852444
1657.6392039517127159	0.7779126738333643
1659.4275253561936552	0.7782415084339064
1660.2194179549626369	0.7766358571589476
1661.0178539282057955	0.7770735749214963
1661.5150675115999093	0.7767836372391607
1667.1734219480892989	0.7765314548411133
1667.5137754521304032	0.7740077333337553
1670.0693386768903110	0.7741107890647431
1673.7816887881274397	0.7732529315568299
1673.9822401708272537	0.7726395015954193
1676.2865132032763995	0.7725108316681483
1676.5971824122495946	0.7691072613991207
1677.6593001473465847	0.7731053944814451
1678.0054455944514302	0.7720957745468240
1678.6497033083626320	0.7710014760029885
1678.6497033083626320	0.7723732656624163
1679.6893277113338172	0.7716998817507051
1680.3083577972806779	0.7704724657277121
1681.9948697854258626	0.7718048274272404
1681.9948697854258626	0.7718969534270379
1684.7472377672891071	0.7686068743421982
1685.4149764404669440	0.7697700085467277
1685.4149764404669440	0.7699566908743886
1685.8891335289592917	0.7679158462326112
1686.1642528240831780	0.7712253850550445
1686.1734308058416900	0.7712341723392988
1687.7919704624184760	0.7676953775465925
1689.5760197722463545	0.7689437515276206
1690.6594076035783019	0.7686101762138831
1692.3365465864703765	0.7674776788222391
1692.3365465864703765	0.7671973261705907
1692.7363876316701408	0.7700561958999199
1693.0325744060328361	0.7671004248292085
1696.2532690686277874	0.7676137633350585
1697.7192370335610576	0.7657700604051169
1697.7192370335610576	0.7664292761091948
1698.3251778354031103	0.7658644438046537
1698.8838197902114189	0.7665941746734215
1702.7199992958856001	0.7647501143008198
1705.0435875269008648	0.7660131970423827
1705.8462632305167972	0.7650740730203753
1706.3006201691725892	0.7653926752614945
1707.1989771264159117	0.7631576040254937
1708.3909898860458725	0.7645203722892373
1711.4359568259872049	0.7630495059897859
1711.8288603700020758	0.7624421030487037
1712.2347012520026510	0.7644016331228141
1713.3957211285937774	0.7621330504453590
1716.0131987090319399	0.7623654763781728
1717.1723612694038366	0.7620393613363011
1717.3521187116518831	0.7618136662139470
1719.4476269247186337	0.7618326412829431
1720.4995077828471040	0.7616102076692108
1722.3802207559435828	0.7616560105601714
1723.4735562226194361	0.7615511725183977
1724.9216435362404809	0.7619163546662941
1725.7624954594930387	0.7625553456682680
1725.7624954594930387	0.7608905852901994
1726.2722830365494247	0.7629544649483437
1728.6771929023313987	0.7611728319766156
1728.6771929023313987	0.7636060306233180
1729.3588442648642740	0.7606162276301345
1729.5598276914336111	0.7600431896311406
1730.7191628855960062	0.7625350406942963
1731.8186877842715603	0.7613105306652551
1731.8186877842715603	0.7639520518499906
1732.4855999871347194	0.7600593865590933
1733.9353215429066495	0.7625718392436593
1734.9279957957824081	0.7619028127208011
1738.7731937142025345	0.7589405909354485
1739.8337833128136936	0.7601995537603529
1740.5242391393621801	0.7600387384626867
1742.3006403280519407	0.7597946683574752
1742.7457060523415748	0.7599883427068912
1751.8886407936556679	0.7605746266643566
1755.9079341444621605	0.7607478167790914
1755.9079341444621605	0.7573794887067973
1757.6643210365427876	0.7633632617912443
1757.9779817890689628	0.7611248311448808
1758.9065142804147399	0.7626441818942746
1759.3365752249542311	0.7639156042982774
1760.0293612579760065	0.7616517339318755
1761.1826187663164092	0.7629548738634017
1763.4466357255466846	0.7636706384003076
1764.3576478285017402	0.7637112088706591
1764.8323829437726999	0.7644117769871845
1765.7021892889713399	0.7642905579548126
1766.4569673860835337	0.7614495495739225
1767.2343214558779891	0.7635082822202099
1767.8746679941145885	0.7637305817911894
1769.0931839270695036	0.7633355033075470
1769.0931839270695036	0.7654508006450025
1769.5209803717939394	0.7644931237139689
1769.5209803717939394	0.7652534090948143
1770.0866912050289557	0.7630324763592063
1770.7642665192693130	0.7638729758584185
1770.7642665192693130	0.7639910145269707
1771.5631603607300804	0.7639920534119524
1777.3066752758925304	0.7638253348615156
1777.6641132206266320	0.7660743093710177
1778.2889756654547000	0.7647506385717224
1779.0716806969810477	0.7637662640334169
1779.0716806969810477	0.7643244382141924
1780.6677782839876727	0.7660752773971723
1781.1211943919956866	0.7680340639157330
1781.7523793999350801	0.7673941315542669
1781.7523793999600912	0.7667587242891963
1782.1758574265395509	0.7635022671954940
1783.7437582252282482	0.7645376566948285
1784.2913755021588713	0.7652022796036262
1786.1732809863995044	0.7640933644371884
1786.1732809863995044	0.7665963103993800
1787.6092229644798408	0.7645380170385485
1788.5897608464656514	0.7659418894556246
1788.8292385600836951	0.7660441542812927
1788.8292385600836951	0.7661936570718428
1789.9764882391107221	0.7646430875635145
1790.3027183831070488	0.7646730534909327
1795.1293819125164646	0.7643090064413335
1796.0805504125714833	0.7645099975454062
1796.7394359616973816	0.7635837768665329
1798.5304378023738536	0.7659921925654588
1804.8069627964514439	0.7650838435477283
1805.0632063668128922	0.7647339709061358
1806.0258210751371735	0.7653063388554383
1806.5592489017908520	0.7659994405827999
1807.5032277743534905	0.7659691943719049
1810.3033872090634304	0.7655875395376568
1810.3033872090634304	0.7685061626489579
1810.9870738930264906	0.7644303235029027
1811.9746120517945656	0.7655708490961116
1813.4958157940041019	0.7674690202000649
1815.6096373738675993	0.7648675580670348
1816.4877932802871783	0.7664447644884498
1817.0573202780083193	0.7664674217258678
1819.2198237892487214	0.7666676569929523
1819.6663217074872136	0.7691651135298530
1822.4579696319231061	0.7724961052369520
1823.1693174803388047	0.7721714128241269
1824.0366917444155206	0.7717122841527954
1824.0366917444155206	0.7747663157646735
1824.8218261061688281	0.7717307138050669
1825.2917960289335042	0.7733408400033960
1825.2917960289585153	0.7730996476072912
1826.3506993129715283	0.7720911169956943
1827.0857705203347905	0.7725090655645531
1831.8078840343216598	0.7736316815617964
1837.8975359333842334	0.7755161732643013
1838.2590125719677872	0.7734641340111943
1851.4763086812217807	0.7733677505124484
1852.7142789585977880	0.7738533670724234
1853.3895094412123399	0.7754899552748032
1854.4183217878239702	0.7748775584369377
1854.8817535804180352	0.7747384435020281
1855.4886411742706969	0.7740487305336086
1857.7013166177268886	0.7767855572573245
1858.0667153092458648	0.7743830710132116
1859.5541652054616861	0.7728923593825108
1860.9280906088563370	0.7739154189691944
1867.6395285204050651	0.7749487908556616
1868.6169702470940592	0.7750761782946196
1869.0515823062119125	0.7754781775398671
1872.2826743839725623	0.7755214834233576
1872.7084747994933878	0.7753917807327513
1872.7084747994933878	0.7784139498454221
1874.6084346671912044	0.7735912346221531
1874.8924937470237637	0.7748582881516688
1875.5519136118532515	0.7770046068822828
1876.1324660018531176	0.7777590518763879
1876.5652752295641221	0.7783453163881942
1876.5652752295641221	0.7786075402163504
1877.0191675856647180	0.7754697896534799
1878.9184933054934845	0.7775783176311848
1879.8728648730329951	0.7771913301214576
1883.3128097764176800	0.7774881635148634
1884.3668669396085988	0.7796493065035640
1885.0898817730960673	0.7799571770576811
1888.0495802476077642	0.7813652199899281
1888.4587788595476923	0.7803179489094235
1889.2283391855658010	0.7798674849454494
1890.9837703115176737	0.7822876620236907
1891.9820431603689030	0.7817085231625365
1892.7094089903703207	0.7814915185025056
1905.3377226396553397	0.7846880917257043
1905.3377226396553397	0.7833725484941163
1905.5037015882328433	0.7833096252206690
1905.5037015882328433	0.7833096252206690
1905.8816791663980439	0.7840722076009644
1905.8816791663980439	0.7831181344386287
1906.3143378632844360	0.7850818656773917
1906.3143378633094471	0.7852043458483945
1909.3143638853825905	0.7850760548242297
1909.5899311087580372	0.7849755082733636
1909.5899311087580372	0.7873978156560172
1910.4356247079681452	0.7840553518072685
1911.4195103970937453	0.7862586715021069
1912.7149761744856278	0.7872936309719952
1913.9475220021624864	0.7866105198162543
1915.9195051474553111	0.7859120377512528
1916.3227806478023467	0.7865017516581517
1917.4424787678206030	0.7870072822606136
1919.5998327215886547	0.7881925395111834
1921.0485157387843174	0.7882077694052044
1921.9904037155542937	0.7886780191394313
1923.4548181518471210	0.7890086843467773
1924.8458071739109982	0.7869389564339224
1925.2059854872334199	0.7888389971194932
1925.9883610932724878	0.7898458694906612
1927.9594364190375018	0.7896133349406886
1928.8027680475781835	0.7902516347479821
1929.9836849655177957	0.7895005582364995
1929.9836849655177957	0.7907871911623588
1931.2250112093354346	0.7889271798058228
1931.6059638099113727	0.7911189669160774
1932.7668537848801407	0.7916162184000999
1934.9999529029369114	0.7914076704981545
1935.6406792725617834	0.7924464822475801
1937.1781196969461689	0.7905930790606391
1937.5436776333929174	0.7924244273681068
1938.5823663388814566	0.7930548253060237
1940.4701444602765150	0.7929270271378975
1941.2856369657959021	0.7937671192810337
1942.8794385367550603	0.7939815127602535
1944.7528517918474336	0.7931194474418707
1944.7528517918474336	0.7942812549409030
1945.1316197669630128	0.7939154937420018
1945.1316197669630128	0.7948681096793128
1945.7337093430676305	0.7927741411475502
1945.7337093430926416	0.7925895244311921
1947.8566551303956658	0.7951011041294912
1950.2903164955323518	0.7932132122882911
1952.0277384025462197	0.7964971778601465
1952.9341173682751105	0.7953194280490548
1953.6510543356123435	0.7987042480709449
1955.0111184393592794	0.7989837806913539
1957.1127074673486277	0.8027825518390436
1957.7416195005127975	0.8029099446603448
1957.7416195005378086	0.8026703915155410
1957.9567267640611590	0.8010936012834295
1958.6601581308780169	0.8004943525024325
1960.1845828958005313	0.8044086883783930
1960.5676529538354771	0.8036442123606126
1960.5676529538354771	0.8036681751100926
1960.7706649730650952	0.8042733149298600
1961.9624338422502206	0.8038615887900441
1962.7480746436845038	0.8042025477875964
1963.1364559650603496	0.8015156082879097
1963.1364559650603496	0.8014965588600822
1965.5111285615387260	0.8060309188319607
1966.6245858513782423	0.8045645869311016
1966.6245858513782423	0.8044147118830273
1968.4222718732412432	0.8081976632371789
1968.7182556545128591	0.8053030226173898
1971.8762103010164992	0.8077808380852336
1972.4563690475433759	0.8074462291233283
1972.4563690475433759	0.8068749436585967
1972.8636660793990814	0.8092636812012821
1973.0077370814792630	0.8093399975224842
1973.6188381819790720	0.8087634202144924
1974.2296306268342505	0.8054466214920635
1974.4257321736008635	0.8053435889148419
1974.8711611594621900	0.8032937697639824
1975.2409308532080559	0.8031975403696716
1976.2757571138492949	0.8033262728055399
1976.6279234224934953	0.8049479787569371
1977.4258363261524210	0.8041814660783460
1977.9347532375165883	0.8049234172172061
1979.3775748954005849	0.8046498448856170
1980.0158295025091775	0.8046234948073764
1986.0137926902243635	0.8072267935598773
1986.5213170773220099	0.8079363161235956
1988.3142871219304197	0.8075974533566993
1988.7607078937267033	0.8071509411626543
1992.6758711234904240	0.8071909697359602
1996.6678410979354794	0.8086775443810392
1999.0528825594765294	0.8096578032744058
1999.6194574837418259	0.8106139244363960
2001.2058702497972718	0.8106554264350783
2011.4909087548112439	0.8134220273723030
2012.0313023306314335	0.8132361523112708
2012.0313023306564446	0.8138088799951416
2012.2502242146204026	0.8151419536183933
2012.5515624678819222	0.8124795969615175
2015.2340852830202493	0.8157927967891702
2015.2340852830202493	0.8140047534078459
2016.5725251587764433	0.8163293387009593
2024.7728615998889836	0.8168278180976951
2025.7191469325232447	0.8188793809051287
2026.0513112980154347	0.8167228553615634
2026.9551511207387193	0.8165866190471188
2029.1793400968770129	0.8171252452812465
2029.6362151370649372	0.8173567743547050
2032.7899897574204715	0.8172707393218218
2033.2474835837124374	0.8176248364922248
2041.2910424773442628	0.8207032490851929
2041.3660119691469390	0.8210031530158812
2041.3660119691719501	0.8205073018607443
2041.8702151767952273	0.8188143927106792
2044.1373465173237491	0.8212238887218516
2047.0201206772112528	0.8187614414962421
2052.1438021223257238	0.8196432652341477
2052.8027988253688818	0.8189016457747620
2055.1455751195353514	0.8215645291299588
2055.1455751195353514	0.8215099927194927
2055.9616581990776467	0.8193464171632214
2056.4813063850115213	0.8205228756385023
2056.4813063850115213	0.8205963800830943
2057.0960450585002945	0.8185127697202019
2058.6515074886146976	0.8197638505814752
2059.1119937000162281	0.8191441797846810
2059.5411450861520279	0.8190780271877578
2061.8838719419277368	0.8193251674831129
2062.3954190600802576	0.8198953617731081
2066.3104929492878910	0.8213034033713416
2067.5815396081347899	0.8205348722985530
2067.5815396081347899	0.8229795682267106
2069.5122190926690564	0.8177427857927356
2069.8625271828354926	0.8204021923667653
2071.0363148944770728	0.8232444778048998
2071.8178974892821316	0.8222000631109145
2075.9155446753111391	0.8223944416785791
2076.5425063203369973	0.8249579067492536
2077.6234419799561692	0.8221520601990697
2078.3398686648024523	0.8229461597696577
2079.2537946592456137	0.8226359485129453
2080.9783088321510149	0.8273951627168549
2081.3746090723066118	0.8257597898809058
2083.0562618466656204	0.8247384565130756
2084.8941981332900468	0.8247147540729004
2086.9551905930693465	0.8254517602246836
2087.5970149300978846	0.8260993784822360
2087.5970149300978846	0.8247512004093458
2088.8991720721655838	0.8260459634856494
2088.8991720721655838	0.8246724807223713
2090.4477825337330614	0.8277406789401704
2090.7649123644569045	0.8252486842787630
2091.7511271481198492	0.8246861685291980
2093.5989587344110987	0.8274852327629648
2093.9646316948387721	0.8257558335318097
2094.3068915684739295	0.8248645220807929
2095.9184767750871288	0.8249108644714681
2096.8593387443947904	0.8263619544602107
2097.1583491117971789	0.8237690136672297
2098.8045033943035378	0.8266996719470829
2099.3532814923269143	0.8259481161991948
2102.9278888502926748	0.8245787948881701
2103.0039776367734703	0.8243032106856579
2103.0476822666373664	0.8249081939723006
2103.3673688184480852	0.8266569871899277
2105.9847272087763486	0.8269699448929199
2107.4724657230358389	0.8283360972850404
2108.2289946689197677	0.8260484318821986
2108.5087707292923369	0.8251939451322066
2109.4201841777708069	0.8276260412973844
2111.2130845025617418	0.8287238246475300
2111.2130845025617418	0.8270553185600006
2113.1002372818743424	0.8290572521941392
2114.0082865654021589	0.8276575353246356
2114.0082865654021589	0.8276605123522892
2116.0883541956641238	0.8290049984801144
2116.3786473422010204	0.8290055121551921
2118.6078594201408123	0.8289394528704614
2119.9203008034214690	0.8287580372315185
2122.1889118332965154	0.8299065111938209
2122.6044769516506676	0.8306117129735395
2125.1410115575413329	0.8281988903969035
2125.8604384830205163	0.8313456376816307
2125.9871255747075338	0.8311317445265775
2125.9871255747075338	0.8311317445265775
2126.2889787212088777	0.8282592429853992
2126.6688496360584395	0.8281354331092560
2126.6688496360584395	0.8312751533576143
2129.6323450136292195	0.8268283804732349
2129.9805495133618933	0.8293112481716316
2132.4308249197451914	0.8307853824188239
2133.4787627692949172	0.8289822916129096
2135.9740344873507638	0.8273701789556800
2136.6243220964565808	0.8280193058215128
2137.2324002039122206	0.8290054603006533
2137.8546066936910393	0.8271467766836921
2139.3767497194307907	0.8281151765224263
2140.0766855862411830	0.8284490533574308
2140.4409499780754231	0.8289246009557796
2140.8312661920685969	0.8272916180013891
2141.7025730296836628	0.8264770448744168
2142.7606143680613968	0.8277706375091085
2143.1691264046967262	0.8281675056924362
2146.1714200379742579	0.8287637440458155
2146.9556301865204659	0.8277588926419787
2146.9556301865204659	0.8297943993299070
2147.3286777556522793	0.8289624876848578
2147.9267722637810039	0.8295126665567842
2149.3237691867611829	0.8280877202702774
2150.1715417751961468	0.8262681069495835
2150.8848776883501159	0.8272070952539227
2151.6369188060184570	0.8276763438014466
2152.8066452481953093	0.8276537271110982
2152.8066452482203204	0.8274686155725988
2153.4786313355639322	0.8268458043655764
2154.3083435436860782	0.8260407183693046
2154.3083435436860782	0.8272226748344418
2154.5179061795611233	0.8272211578154500
2154.5179061795611233	0.8274878491734691
2155.0534421494248818	0.8260673733455497
2155.3049971493401245	0.8250973837526062
2155.6840488455422928	0.8277275665756896
2155.7701446900132396	0.8282340537444991
2155.7701446900382507	0.8276999486078017
2156.4650405825818780	0.8274451760553594
2157.0314753686020595	0.8268018558610217
2157.7200590936167828	0.8267754142319650
2162.5551231787012512	0.8279810528388435
2163.2520529209182314	0.8257610372483273
2164.1749825772849363	0.8295713553033283
2165.2792210627912937	0.8270663200575696
2165.8203358386172113	0.8284298030329508
2165.8203358386172113	0.8272092572336648
2166.9527624584584373	0.8275481401833629
2168.7249780566521622	0.8308418940357846
2171.2036142513434243	0.8287883403240949
2171.2036142513434243	0.8292157009348788
2172.1366418208890536	0.8305555732651744
2172.1366418208890536	0.8296929786426330
2172.8545853118494051	0.8321645446415120
2174.1483814046064253	0.8302720072791823
2174.5885733071240793	0.8318432742753724
2174.9339929853099420	0.8316763886223889
2175.3421558344380173	0.8333690386670914
2176.8618289215228288	0.8341027999705226
2178.2574864934235848	0.8328732159061848
2179.1594876449066760	0.8332132111310568
2179.7392764353567145	0.8320104543939774
2180.2611697984971215	0.8329428474522005
2181.7306110920012543	0.8297152636826536
2181.8682893701384273	0.8300963056353579
2181.8682893701384273	0.8300963056353579
2182.4972147126718482	0.8343229522753869
2182.8535744471155340	0.8325448283641915
2183.5501077982298739	0.8333078020444842
2183.8984484788434202	0.8341078899480643
2184.5050075869439752	0.8341239572130693
2185.0235324554787439	0.8314223685007179
2188.2297592264962987	0.8337497592342685
2188.6500922727254874	0.8342252287198051
2189.2386255809919930	0.8334031707729802
2189.9085835783007497	0.8340292432319738
2190.5269278623732134	0.8314010167497011
2191.4012946658544934	0.8329875661859367
2192.0236808963991280	0.8333143729798257
2194.8826443694001682	0.8340894304544373
2195.4105787097364555	0.8352481592098012
2195.8904275325157869	0.8320366032474277
2196.9142171006283206	0.8331131397275838
2198.1815397097238929	0.8350020364935394
2199.0686110438477954	0.8334218551116077
2199.8372695451780601	0.8335146598024932
2202.7121147167194977	0.8326815906189599
2203.6575757316186355	0.8330860377625691
2204.9515370940516732	0.8326563040863348
2205.7956335660028344	0.8333777371794427
2206.9825029043354334	0.8354682369039912
2207.4656610578913387	0.8348393556185585
2207.9175818611292925	0.8300496235949422
2207.9844726742803687	0.8295681019904358
2209.5057417399093538	0.8285122503346136
2209.5057417399093538	0.8286127390056333
2210.2948715335473935	0.8305919222216896
2211.5528423964155991	0.8270305586628963
2212.6102446730492375	0.8288205855463131
2214.4560356769970895	0.8292545486737899
2215.0401249528204062	0.8307312225869713
2216.4300276309368201	0.8283907442169233
2216.7165891527220083	0.8287635630762915
2216.7165891527220083	0.8266635630762923
2217.1912449813753483	0.8279729658093331
2217.4888568282872257	0.8297117931206159
2219.8223178890575582	0.8288020723666643
2220.4867754352540032	0.8295412172448733
2221.0507522264392719	0.8290762794347946
2223.9322754131162583	0.8259331483177637
2224.0600031467433837	0.8264736754019888
2224.0600031467433837	0.8264736754019888
2224.4134698085536002	0.8296814766917641
2225.3372026244742301	0.8293761450046943
2226.1813200783135471	0.8271113737036641
2229.9669548006231707	0.8300861631878262
2232.6232352479541987	0.8319864219024593
2233.7544398095983524	0.8305944961222709
2233.7544398095983524	0.8303843961878747
2234.5399260087788207	0.8329311432455760
2234.8900331354739137	0.8308919217664003
2236.3900978163078435	0.8304050763923703
2237.2104894988519845	0.8300653486691575
2238.1707938708514121	0.8297972871678074
2238.9522010795758433	0.8352688526608145
2239.2287765904025036	0.8317349384558450
2241.5694508228880295	0.8324283672635656
2241.5694508228880295	0.8302908839562456
2242.7097009672806962	0.8326451199346112
2243.3810404200235098	0.8327840440991303
2243.8622568950313507	0.8319582996824397
2244.5776551268204457	0.8338553370899600
2244.6102323596642236	0.8343643389420284
2247.3984527148104462	0.8357406067372686
2247.7809493509798813	0.8357234921794020
2247.7809493510048924	0.8355301287494625
2248.0278436242842872	0.8334808683714465
2248.8941783803243197	0.8326806618398236
2249.6475331571423339	0.8339560865377834
2251.1962451497702205	0.8355839624310820
2252.6269176540467924	0.8329754427813858
2253.6736822680391015	0.8329548078443445
2254.6139520838005410	0.8351335270482980
2256.7416037432435587	0.8331644288175397
2257.4912809365905559	0.8346274241750699
2257.4912809365905559	0.8325274241750708
2257.6219539798739788	0.8329365056013776
2257.6219539798739788	0.8329365056013776
2258.0815629052522127	0.8350562849112878
2258.4191415331852113	0.8323063230668385
2258.5420590019762130	0.8321864628828727
2260.8860540833416053	0.8348992080338880
2263.2893009310873822	0.8321217779929733
2264.9148234312424393	0.8350507094458363
2266.3315450174918624	0.8340662098404825
2266.5765891529158580	0.8351912129217244
2266.9439978390764736	0.8332521758670521
2268.5241952855576528	0.8344863706815304
2268.8445912136508014	0.8317070474821429
2269.4971248087204003	0.8315209893993547
2269.9216314843147302	0.8331025101664113
2270.3928319786482461	0.8319909430312634
2271.4905237178645621	0.8322634172835361
2272.6135473164949872	0.8328300783770172
2274.0435086894094638	0.8303584651389868
2274.3963636838939237	0.8323453601962920
2275.5086530670146203	0.8329580474388638
2276.7648950190491632	0.8331098627338657
2277.9840786186955484	0.8317426188633760
2277.9840786186955484	0.8331118123297263
2278.1473783106898736	0.8328686489128838
2278.1473783106898736	0.8328686489128838
2278.6410146765156242	0.8312599152185645
2278.7502877051115320	0.8308497688403387
2279.9480882324046433	0.8325037434571888
2279.9480882324046433	0.8324262889947831
2280.5048212952920039	0.8325748838702614
2282.2937750989185588	0.8321969197861705
2282.2937750989185588	0.8334596703666034
2282.4618170434332569	0.8336626163048794
2282.4618170434332569	0.8336626163048794
2282.8304611965936601	0.8331601011980678
2282.8304611965936601	0.8331601011980678
2283.5320673142032319	0.8321895454822520
2285.3502217416180429	0.8351215144613500
2286.3543247145867099	0.8314219332289664
2286.3730417124547785	0.8313212642477277
2286.8334868822835233	0.8342779528946981
2287.3875668260488965	0.8314970543936733
2288.0412143673147511	0.8347707884251935
2289.3260650673628334	0.8339703620480454
2291.4580197813820632	0.8316255420817932
2294.0048537950628997	0.8352196280329449
2295.8346963090803001	0.8321368336252974
2298.3369556298298448	0.8355334348282681
2299.1875352648789885	0.8339821501355940
2299.9685506571322549	0.8339472908959570
2303.9227463698907741	0.8334983925724434
2304.4672894165960315	0.8328729651540077
2305.4541036633704607	0.8328317277031065
2306.1170747076803309	0.8376084957696365
2306.4196131696485281	0.8344841340058442
2306.8927194402258465	0.8351864634573287
2309.2638562321253630	0.8338056319589130
2311.1885385360669716	0.8367149056857437
2312.9881437685580750	0.8336730531318631
2314.9814662438111554	0.8371160240289973
2316.3200694317724810	0.8349272077387152
2316.3200694317724810	0.8353569981143044
2316.7203459719935381	0.8353618567410348
2325.3683936981383340	0.8365460962372609
2325.3683936981383340	0.8353784567461959
2325.8330673856385147	0.8357227235514637
2325.8330673856385147	0.8350433581691100
2326.4596643731110817	0.8379944827305209
2326.7430042987657544	0.8350129333558823
2327.4756880926447593	0.8361940404517638
2328.0368505849623944	0.8365832330017464
2330.3840941179892070	0.8362536485266250
2330.3840941179892070	0.8384739925790238
2330.7852738115561806	0.8388323032538363
2330.7852738115561806	0.8396961664922256
2331.7879721166791569	0.8384588469528883
2331.7879721167041680	0.8380672640111578
2332.2774922972816967	0.8377070027485264
2332.2774922972816967	0.8357070027485264
2332.6929902899901208	0.8398660791568124
2335.3270575989463396	0.8370607501563112
2337.1756394681947313	0.8393464205154131
2338.1521893319559240	0.8376592917892182
2338.9174558143372451	0.8380899859196563
2341.9190557314545913	0.8386826717248252
2342.4174700464313901	0.8380748026880378
2345.1349722320051114	0.8382916502038582
2345.1349722320051114	0.8360646956537665
2345.5078839943689673	0.8366126275284568
2345.5078839943689673	0.8356202163215598
2345.8722862774102396	0.8391175007146534
2346.2168120100577653	0.8371184680649481
2347.8011501084060910	0.8386192600013710
2348.4237086672942496	0.8378505770174161
2348.9313007843038577	0.8364209561969367
2349.9039534917051242	0.8363153608320399
2350.5534386384956633	0.8390246061518583
2353.3496700372143096	0.8368927054884499
2353.9912067997970553	0.8398864272967105
2354.3052920775721759	0.8371913166030617
2356.1002051775799373	0.8364370358946384
2356.7597321644930162	0.8362672337180628
2358.8488808253136995	0.8345676563422342
2360.7493980290528270	0.8374130032237656
2362.5694024266185806	0.8346192662775873
2362.5694024266185806	0.8346855595509491
2364.4030891101774614	0.8379870409122389
2367.1323285708472213	0.8350431771340817
2367.1323285708472213	0.8351254753049376
2369.1145206291830618	0.8386019166275959
2370.7780413380542086	0.8357190902292574
2373.2218767553786165	0.8391359597343135
2374.5345003094193999	0.8372105310615998
2374.5345003094193999	0.8372595367797335
2375.5684012468273067	0.8403326506520393
2375.9682406281140175	0.8377674026526641
2376.4942943060523248	0.8362399770660874
2376.4942943060523248	0.8360509681650831
2377.1558457775786337	0.8388057090427082
2378.8152642286449918	0.8381778224862292
2381.5757353255803537	0.8390463327404133
2381.5757353255803537	0.8369963301643947
2383.0353153590176589	0.8406601891596966
2383.3164369279716084	0.8375150778758782
2385.6161513325109809	0.8403800070338899
2387.9819143591530519	0.8378768659555151
2389.4791855691928504	0.8401311611806741
2389.9112316429423117	0.8401297506135975
2391.6856846087916892	0.8416526712739741
2393.6631999702244684	0.8422842970273225
2395.0371730026263322	0.8412384385405014
2395.4675145936012086	0.8414601908735473
2397.5991156068048440	0.8409220608353954
2398.2500789130453995	0.8408474729717726
2398.8753519528358993	0.8402382199284665
2399.4889877099776641	0.8429872578152774
2399.6089756953911092	0.8438393380614615
2399.6089756954161203	0.8429652269139268
2400.0344040844597657	0.8431648899975932
2401.4246429711870405	0.8409592887350293
2403.4950032545034446	0.8429987137193922
2405.6247966186492704	0.8402438281105375
2407.0555905269866344	0.8421770420686795
2407.8240855182225459	0.8398994637714664
2408.1886284722772871	0.8418649006282136
2410.1236933543700616	0.8427468607236578
2411.0863603694861013	0.8426888972490215
2412.1968726014911226	0.8424249641127541
2414.1435099636019004	0.8408539399658261
2414.1435099636019004	0.8428813576382785
2415.9292791690072590	0.8367087380427591
2416.2116992361661687	0.8413436725782646
2417.0991073076302200	0.8416922881120752
2417.0991073076302200	0.8422463010401523
2419.2612912192698786	0.8390016618769299
2419.2612912192948897	0.8388493133098129
2420.2037848143177143	0.8405062271923206
2421.2697960147065714	0.8408110948292415
2421.6414575847370543	0.8423238924285616
2421.6414575847620654	0.8413579470392070
2422.0263638219912536	0.8418899853759851
2423.7472788755412694	0.8399471289576658
2425.3229427195997232	0.8419649464022514
2425.9175140408533480	0.8391289537451941
2426.0553734203058411	0.8394936068176473
2426.0553734203058411	0.8394936068176473
2426.4604106203514675	0.8432339861364397
2426.5569883168163869	0.8432466556294713
2426.5569883168163869	0.8432466556294713
2426.8649115284915752	0.8424113882056653
2426.8649115284915752	0.8398288317539524
2429.2976734400394889	0.8432484244535192
2431.7481599376928898	0.8408132734012327
2433.8778229619570084	0.8442948635784340
2435.4758473962201606	0.8427365039179910
2435.4758473962201606	0.8427365039179910
2437.0156973301036487	0.8444484548884728
2437.6011421899952438	0.8451172225393494
2437.9806143428968426	0.8455755279785118
2438.8748293816602200	0.8465825447423529
2441.4112185265471453	0.8440220326752794
2443.1487991804929152	0.8460240808741699
2443.5887956017490978	0.8461570389131990
2444.6045382352563138	0.8461719153199069
2445.4337269477377959	0.8437649106857740
2446.0654456067823048	0.8451733170586804
2446.8437728818430514	0.8456983315652754
2453.4220042507172366	0.8458721597272748
2462.0986563995365941	0.8453411492812389
2462.4611066577967904	0.8475199786097176
2463.5977280970237189	0.8477461489686944
2464.0995205260564944	0.8466370457951052
2464.5713433575756426	0.8469725659327939
2465.1743987845507036	0.8442829865755568
2465.7215252624032473	0.8467586405993109
2466.6614933981509239	0.8473364031461322
2466.6614933981509239	0.8475857715531897
2467.2511188976045560	0.8431193726865964
2467.4953286018499057	0.8451331240322258
2467.4953286018499057	0.8466344308476931
2468.2531604000414518	0.8431104116010605
2468.6908839863249341	0.8427093430026853
2470.1965689382491291	0.8402720752240161
2471.2335438928989788	0.8420135133188084
2472.1172421712990399	0.8420700707149589
2476.4896104625800035	0.8424998016545623
2476.7999605356812935	0.8433860456950111
2476.9616981644521729	0.8431320558865985
2477.3367966180589974	0.8434438660616479
2477.7203285332311680	0.8412467024444240
2477.9400921292749445	0.8438206296725996
2478.0534676966576626	0.8436621027963274
2478.0534676966576626	0.8436621027963274
2478.3921811031632387	0.8403822822551789
2478.4006049809004253	0.8403217221695559
2481.0137032816396641	0.8451093830412517
2481.3166430952514929	0.8418380015790914
2481.9475707717479054	0.8411984560222213
2481.9475707717479054	0.8438565943770406
2482.3265079924067322	0.8416856353437245
2483.5447008940604974	0.8419280092583488
2483.6882974559061950	0.8430140702880334
2485.0749962063096064	0.8458345840568237
2485.6505490320460012	0.8468755871754743
2486.4955722201452772	0.8463162221554243
2486.4955722201452772	0.8480862422254499
2486.8787096999440109	0.8484930741099860
2486.8787096999440109	0.8494372848013635
2487.9989926445346100	0.8478702868255198
2488.1790937093019238	0.8481572602312946
2488.1790937093019238	0.8475665848801079
2488.7298159673487135	0.8467259328755085
2489.3252537013745496	0.8484422924911541
2489.4836763132329907	0.8493922856794021
2491.0862471586688116	0.8478623739033779
2491.1147359391193277	0.8474826226613449
2491.6047880665923913	0.8471909342795797
2491.6047880665923913	0.8472485783236159
2492.4156790425740837	0.8467503367401163
2493.1801649078938681	0.8491053717742566
2494.9532030991585998	0.8467243023585809
2497.2540185369921346	0.8500119221567274
2498.8543998556810948	0.8480549568819975
2499.1057835078386233	0.8485813687857555
2499.1057835078386233	0.8491176236575693
2499.3705073692303813	0.8471767573393776
2499.9124165444291066	0.8480034936526338
