0.0000000000000000	0.0000000000000000
500.0000550708152218	0.0020000000001924
500.0283608185633852	0.5161646090167681
500.0518005280376883	0.9397711025828883
500.0752452388343272	1.3618278081908930
500.1025941325156623	1.8517098557210430
500.1344934789526633	2.4196605571577265
500.1709701957499874	3.0645712163783578
500.2120364467872378	3.7848354959432369
500.2560791092367936	4.5502303504635364
500.3072708001805609	5.4307603802849034
500.3632247326756328	6.3827966668918839
500.4239187440737737	7.4032060404609794
500.4911557479775865	8.5191389708036773
500.5629149985014124	9.6943317434906700
500.6395174463256126	10.9300437739517147
500.7216242032779405	12.2332166002968528
500.8097193767683848	13.6087195064170796
500.9027140029368752	15.0341830395893759
501.0038145779974457	16.5540491142237975
501.1088566291106758	18.1013229673287057
501.2201091734328315	19.7044161725553124
501.3375104175756860	21.3586111207938458
501.4609275227604144	23.0554603593059042
501.5910589383962588	24.8005762447014497
501.7283265733772168	26.5922222857146480
501.8715816295468812	28.4107091607838775
502.0247282973490996	30.2978574218829735
502.1818438019607811	32.1744277689442981
502.3473126749056519	34.0887297932485112
502.5225397633450939	36.0476729549897712
502.7035427408765145	38.0001976493747620
502.8925524257722373	39.9652627659250683
503.0954794602993729	41.9941320655135044
503.3054907296223064	44.0087637168214556
503.5236686701800863	46.0139655725248531
503.7509493953892843	48.0118272695804933
503.9881492516548747	50.0022855732317453
504.2360048213799928	51.9837338660188877
504.4952223069738011	53.9536087281151637
504.7665328859997089	55.9089041215506271
505.0507531565679642	57.8465925662594955
505.3488520262136490	59.7639513597329994
505.6620273999878350	61.6588014712176076
505.9920660316362273	63.5312398008753050
506.3350868190922824	65.3510065887870155
506.6958601319182094	67.1348112372871100
507.0772710366010187	68.8856379134259669
507.4764924361901990	70.5809587272996453
507.8987311301206660	72.2323782442695830
508.3433726169802185	73.8273767449711613
508.8166209238747797	75.3760073397314585
509.3155607092309651	76.8574588053811567
509.8457610083845566	78.2780780276437014
510.4164465968894433	79.6478243734614324
511.0249750772566699	80.9460189459884560
511.6773601971514722	82.1730182470208206
512.3806968021393686	83.3282595555352543
513.1439869237589164	84.4110604465121241
513.9681407528449881	85.4089431341048737
514.8717703220843305	86.3296328434448270
515.8738356528471058	87.1736042928175436
516.9862016122310706	87.9324303547372921
518.2476109696270896	88.6113588574606297
519.6862365662670982	89.2029768177117006
521.3943756236170657	89.7166176825429034
523.4386216822255165	90.1398417117325437
525.9848820138993233	90.4741791489131231
529.3525517056027638	90.7208321147434873
534.3110316903009789	90.8825552014555740
544.0938384625259232	90.9645384318810954
585.2589264756670673	90.9169903842635421
621.9406815201845120	90.8583824405216092
661.1808787107883063	90.8060859092959731
703.4132486317807889	90.9940598275435093
756.3111398983760409	90.8094408034709204
807.0748510045445983	90.9933197543596464
857.6853770577806699	90.8912304906763353
857.6853770577806699	91.0113806558435527
907.1617626187222641	90.8094024167231737
949.2176355173443199	90.9112274442633606
949.2176355173443199	90.7688641789879540
990.4412148988576519	90.8688542089194158
990.4412148988576519	90.7264916007018627
1000.0541982094169953	90.9232662847732627
1002.5101880789732149	86.7722266985660298
1004.9130748094160026	83.0642291809551949
1007.4335702469832086	79.3448476234917592
1009.9543237178711479	75.7916539040726889
1012.4750777554847900	72.3975773396785627
1014.9958317943323891	69.1554931783317954
1017.5165858331409936	66.0585949485833481
1020.0373398718485305	63.1003809825725455
1022.5580939108293705	60.2746407674106450
1025.0788479496795844	57.5754419082242919
1027.5996019887156763	54.9971176718810426
1030.1203560272565483	52.5342550920227183
1032.6411100662924127	50.1816836023021011
1035.1618641054335512	47.9344641842834136
1037.6826181439823813	45.7878789972259597
1040.2033721829209298	43.7374214717342866
1042.7241262218949487	41.7787868512260303
1045.2448802607839298	39.9078631530868790
1047.7656342995180694	38.1207225360926358
1050.2863883384454766	36.4136130539953484
1052.8071423770059027	34.7829507795833308
1055.3278964158346298	33.2253122790903390
1057.8486504542877356	31.7374274266229826
1060.3694044935534748	30.3161725368881037
1062.8901585317264562	28.9585638101807845
1065.4109125704937924	27.6617510643484898
1067.9316666094448465	26.4230117542828040
1070.4524206486028106	25.2397452547418020
1072.9731746873342217	24.1094674011188417
1075.4939287260476704	23.0298052733569243
1078.0146827650467003	21.9984922147790769
1080.5354368039895689	21.0133630736341033
1083.0561908427316666	20.0723496571902125
1085.5769448819207810	19.1734763895392284
1088.0976989204152687	18.3148561649945449
1090.6184529589452268	17.4946863849506151
1093.1392069982803150	16.7112451741874501
1095.6599610366438355	15.9628877667135161
1098.1807150753741098	15.2480430509528908
1100.7014691142098854	14.5652102727970121
1103.2222231528669454	13.9129558844137833
1105.7429771932431777	13.2899105340742310
1108.2637312311783262	12.6947661933914056
1110.7844852703426568	12.1262734077897161
1113.3052393093610135	11.5832386765349167
1115.8259933484982867	11.0645219454690942
1118.3467473866344335	10.5690342142417446
1120.8675014255252336	10.0957352491861823
1123.3882554640288163	9.6436314005914081
1125.9090095026995186	9.2117735157219673
1128.4297635411089686	8.7992549466564061
1130.9505175803608381	8.4052096464292045
1133.4712716195817848	8.0288103514156433
1135.9920256582629463	7.6692668441693161
1138.5127796982092150	7.3258242941715235
1141.0335337369240278	6.9977616740617785
1143.5542877769621555	6.6843902446198671
1146.0750418144120886	6.3850521103217694
1148.5957958533374494	6.0991188363432096
1151.1165498923739960	5.8259901308591484
1153.6373039309360138	5.5650925840154946
1156.1580579695125834	5.3158784640943226
1158.6788120088001506	5.0778245677016098
1161.1995660472825875	4.8504311215709617
1163.7203200855037721	4.6332207329230899
1166.2410741238575156	4.4257373874412940
1168.7618281640868645	4.2275454917851176
1171.2825822022689408	4.0382289596524910
1173.8033362405451498	3.8573903373104397
1176.3240902795903366	3.6846499697851560
1178.8448443195406981	3.5196452037241079
1181.3655983580397333	3.3620296261538294
1183.8863523960217208	3.2114723368384790
1186.4071064346949242	3.0676572537967752
1188.9278604738954073	2.9302824498076236
1191.4486145126149950	2.7990595184971117
1193.9693685520867348	2.6737129686912642
1196.4901225903784052	2.5539796463279805
1199.0108766290661606	2.4396081816532225
1201.5316306679994796	2.3303584617518074
1204.0523847066401686	2.2260011263806594
1206.5731387456755783	2.1263170863793466
1209.0938927834865808	2.0310970638562047
1211.6146468233812357	1.9401411525466385
1214.1354008628838983	1.8532583985345490
1216.6561549011178158	1.7702663990764769
1219.1769089397571406	1.6909909196443433
1221.6976629791165578	1.6152655282691213
1224.2184170174023166	1.5429312461446500
1226.7391710563242668	1.4738362136985896
1229.2599250952869170	1.4078353719490384
1231.7806791345622059	1.3447901578733747
1234.3014331733479594	1.2845682135584231
1236.8221872116341729	1.2270431082790678
1239.3429412503260210	1.1720940730687057
1241.8636952893200487	1.1196057472195184
1244.3844493287210753	1.0694679360638704
1246.9052033679313354	1.0215753796485161
1249.4259574057487043	0.9758043360825315
1251.9743984444212401	0.9315934213252056
1254.5813290483984019	0.8884403583725438
1257.2523768190319515	0.8462991586199510
1259.9907951082186628	0.8051701139205695
1262.8000923826905364	0.7650535309717815
1265.6840597036837153	0.7259497324217327
1268.6468020136928772	0.6878590581652664
1271.6927738825663710	0.6507818668483926
1274.8268205205731647	0.6147185373594641
1278.0542249883142176	0.5796694706806674
1281.3807627909425264	0.5456350918570950
1284.8127652759469584	0.5126158522627521
1288.3571936122514217	0.4806122320844805
1292.0217255260508864	0.4496247432646938
1295.8148575690074722	0.4196539326864410
1299.7460263460809529	0.3907003859988547
1303.8257531396141076	0.3627647318657983
1308.0658175611072238	0.3358476468787956
1312.4794675161729174	0.3099498613890039
1317.0816750819442404	0.2850721660997561
1321.8894508533342105	0.2612154200492112
1326.9222337023675209	0.2383805598534244
1332.2023787696357431	0.2165686108360348
1337.7557751243414259	0.1957807003709971
1343.6126369377570882	0.1760180740135182
1349.8085303662726346	0.1572821153231145
1356.3857261726302568	0.1395743703855901
1363.3950110881164619	0.1228965785444161
1370.8981591930430568	0.1072507114469375
1378.9713761820407854	0.0926390235598212
1387.7102183005692950	0.0790641185098999
1397.2368195429382922	0.0665290382533759
1407.7108711943169510	0.0550373857829172
1419.3469816361327958	0.0445934989835048
1432.4434918954759723	0.0352027057229624
1447.4332947072362003	0.0268717147001613
1464.9807096342919976	0.0196092475286068
1486.1863750897896352	0.0134271366386189
1513.0891702744906979	0.0083424268853045
1550.2090556691082384	0.0043820160756074
1611.7238510147653869	0.0015956147869231
1758.9182190619753783	-0.0000000000002574
