0.0000000000000000	3.8862999999999999
64.9101181398153955	3.8979666726000000
65.0864466960417474	3.8863649555634185
111.9490460318982059	3.8863648375227799
121.6510083186212796	3.8865991825658388
500.0391077301441101	3.8908398842350191
500.0957051241068712	3.9174400704924648
500.1405572136356454	3.9753172670197605
500.1824889431562156	4.0707278068345696
500.2221206808566762	4.2052694534455233
500.2599830797150275	4.3801545231773957
500.2966888147324767	4.5973736034894479
500.3331399472949670	4.8643786029880633
500.3692076253365144	5.1827260633432273
500.4051643154450062	5.5572508832425935
500.4396010185245132	5.9732947050866647
500.4756101615421358	6.4718527914158939
500.5134390165535478	7.0706897405528775
500.5518656317552768	7.7615586363451916
500.5884343475133278	8.5022597647427833
500.6260942773049578	9.3537844888894046
500.6599657429770218	10.2024905482360921
500.6981364675651207	11.2489600358973512
500.7063550047436138	11.4987881645570411
500.7483169464036905	12.8129914453308125
500.7828585852862489	14.0022280491387505
500.8251480593193605	15.6065783688176101
500.8284002319263664	15.7253293076738121
500.8653952375589142	17.2642507519902111
500.9092769099812585	19.2466094881496339
500.9208232907997171	19.8127118980568788
500.9609072421420137	21.8494735850326229
501.0077046995060073	24.4220385375824272
501.0180176072628910	25.0436069738050371
501.0606940300893370	27.6685443834881966
501.1117331527553347	31.1039995979606836
501.1205672226400907	31.7045828056576511
501.1660476277131124	35.0621899289888077
501.2114482642774647	38.6933468766610744
501.2475189590088007	41.7188108919295075
501.2981308473360400	46.2895540875712683
501.3492339631582695	51.2792163024580958
501.3946374607552343	55.9561458862315462
501.4527036166425091	62.3779206987330213
501.5121032601785487	69.4475954363554990
501.5691997917442677	76.6490388210558677
501.6495496547352673	87.5908106420556862
501.7360471281003242	100.3653727795701229
501.8315402164568013	115.6048490523863137
501.9169904074868214	130.2221983045579634
502.0350598200088257	151.8557451851354472
502.1731756187758720	179.0235485195646561
502.3742474466840804	221.2549020786427434
502.4894235304152517	246.1813513097679333
502.5005303462342567	248.3304743418849228
502.6096148923253395	269.7167641236367785
502.6806695812329053	281.5186911956751032
502.7474700181987828	289.8914120489911852
502.8125717235080288	294.8383676436141059
502.9042753708153555	297.5718273548803268
503.5350770981712003	297.9857900904618759
506.7521878989032871	298.0334547543509984
515.7957857115102343	297.4544540108836941
516.8737675710830217	297.1417003706487208
519.2905019491219036	296.5224172460848422
521.7804339836698091	293.5513319407115773
522.8466678997159534	290.8634899007109880
523.4352753394709907	288.5205744232349048
524.3179444063140409	283.0644834103564449
525.1417113220757074	275.0767347006061527
525.8660621641947728	264.9851353216616872
526.6237642917593575	251.2141211790263071
527.4904861600531376	232.1674535557921786
528.7926286539301373	199.8459200783003098
530.3240929969603030	160.0931585869383582
531.7930108311546746	123.2870295816457258
532.9338646784910907	96.0860822809937503
533.7031495583930791	78.7506776768338597
534.1884153594471627	68.3707856759076407
534.7709450730618528	56.5982116773604034
535.2234999541467459	48.0898334569213901
535.6301431002390245	40.9930915125147664
535.9064313040051957	36.5288417762032935
536.2258800097196172	31.7698892761598373
536.4651418059721664	28.5090617144789569
536.6976314078324322	25.6138490525292575
536.9118703064651754	23.1863006614547658
537.1058358240717325	21.2002930602329478
537.3288857733220993	19.1640297956670445
537.5209141081079451	17.6245147108603071
537.7202962297311615	16.2272690332032568
537.8991600133886095	15.1441723988225370
538.0856408830824194	14.1733523338925114
538.2882232884288669	13.2895683207732347
538.4919069643739249	12.5680043316723715
538.6980700568595921	11.9838341546167158
538.9023806883512862	11.5319206768870703
539.1175206784306511	11.1814795556389637
539.3983343414256524	10.8811369739925521
539.6574617152193696	10.7344827164996186
539.8840487176046281	10.6925351467909540
540.1706025484191969	10.7342425440259106
540.2454930851803283	10.7662059050850356
540.5056406573078220	10.9097957378494375
540.7929393678736005	11.1452216773554742
540.8579287005792366	11.2155454167105315
541.2184954470039884	11.6483783049017866
541.4901951151715593	12.0561845213051200
541.7596810469418642	12.5312706136176288
541.8460660973230461	12.7070752757658489
542.1741631804721919	13.4379522407982819
542.4734846697930379	14.2215149816715520
542.8236107703714879	15.3143505843192891
543.0678980150490816	16.2065590294076110
543.3139803116961275	17.2205488825172175
543.3503531388660122	17.3890720815109425
543.6541271182325090	18.8762144872138826
543.9162828575415460	20.3596701519531216
544.1481041187292931	21.8596596464353539
544.3857916276843980	23.5893567058125946
544.6179982096591630	25.5009557242183043
544.8433891527988635	27.5557817101285778
544.8516367531013884	27.6585368355740506
545.0830573648404425	30.0591325634471964
545.2992902258612276	32.5531276282081734
545.5565124382993645	35.8710843053820412
545.8248619144509348	39.7349414390974900
546.0890300392853760	43.9525688322774002
546.3666474707985117	48.8359822606507237
546.6609906689501486	54.5244225664513991
547.0174730042954252	62.0163321176611362
547.4866681005626106	72.6532666970735335
548.3623486684233512	93.5209431683059051
548.8670663286484341	104.7166708409708633
549.2282397976783841	111.8441888039477163
549.5957916467732502	118.0469199040176278
549.9050509737403445	122.2779748141580995
550.2513031305417144	125.8455110104740413
550.6221707039044304	128.2144033342530349
550.9860953749773671	129.0550192750971519
551.3723498132239911	128.3960002476730722
551.7787938986699601	126.1241237334000544
552.2126884807722718	122.1129645690282075
552.7015720414010502	115.9566396010013847
553.2410423896227485	107.6239518607357866
553.9118151249501807	95.7701844551068575
555.9148554574538821	57.7439014980358181
556.4498994138853050	48.3668023853648634
556.8287666494785526	42.1663149530506800
557.1377601052871569	37.4523662009737990
557.4729866343067215	32.7208486541691030
557.7817322017172046	28.7629732430381111
558.0146184648513099	26.0596407251460782
558.2561236936386422	23.5205906433957495
558.5048930589281326	21.1948282436232418
558.7130335720432868	19.4803505996981947
558.9393752134226361	17.8490361079490292
559.1146731063774951	16.7476380195921593
559.3231436091725755	15.6135576795158268
559.5374085011920897	14.6338356779213168
559.7416358828792227	13.8656624579839409
559.9502217398546691	13.2251005317051433
560.1961251160423672	12.6383870125279518
560.4336163721980029	12.2282273779125994
560.6848250496819901	11.9272288067529537
560.9787979340865149	11.7312284720674675
561.2147005626791270	11.6718042705854579
561.5085551728722066	11.7062392578319550
561.6431863102851594	11.7530592377417005
561.9823561194435797	11.9660578079481201
562.3396128276797299	12.3194498442943043
562.6430960410770012	12.7145913285518599
562.9996532667896645	13.2939638205091377
563.3639012707270695	14.0271786653513377
563.6396260028415099	14.6877295325884401
563.9155732212594785	15.4460843686131106
563.9821418821469479	15.6525471094248285
564.3024558161164350	16.7125594276265552
564.5466960486850212	17.6427129873441046
564.8084451157085368	18.7681600209746691
564.8805751191372337	19.1091597071097610
565.1965811306580463	20.7396496795664120
565.4658621650117993	22.3324440896003189
565.7243189551176101	24.0812501083006154
565.9759512229128404	25.9955556929038387
566.2648292595704334	28.4860623277361320
566.5111454497849763	30.8874954837590288
566.7716337239595532	33.7139263379468730
567.0427735731818757	36.9880877113878839
567.3038747794180381	40.4795568306463451
567.5303660907377434	43.7956584914050211
567.6291129225039640	45.2966939773400412
568.0255636930886567	51.8114854267004219
568.4289493936793178	59.0863421476167119
569.0647100460683987	71.4364291796801751
569.5913696854231603	82.0187859597159559
570.1302230247812304	92.0831756596825670
570.5062374438588222	98.3268096635983539
570.8878632372960737	103.7095775085693816
571.2662691259450867	107.8816953756722228
571.6094863828067218	110.5395113422533058
571.9735256898082980	112.1313717912355941
572.3393300761492810	112.4210483372620217
572.7339943814423577	111.3457990061788649
573.1474771696734933	108.8055611022761582
573.5917186211978560	104.6672908383551857
574.1001814128536580	98.4724451636561469
574.6615569169691753	90.2983849862597054
575.4098172642945883	78.0853083106807020
576.4093700425383986	60.9608434978365779
576.9349384872649580	52.3005174889529911
577.3801532387312818	45.3444126538643317
577.7465855747258274	39.9810070780096893
578.1268122152130218	34.8322529566644263
578.4004268574867638	31.4314288870060636
578.7207131205123005	27.8232526219839116
578.9808455561739038	25.1893685321307501
579.2171011057671421	23.0488054164387464
579.4745525374730732	20.9916445220264976
579.6867397289965993	19.5040852327238277
579.9151045264202367	18.1068564682342839
580.1367478415556889	16.9495089792853761
580.3824512480574640	15.8780485731574963
580.6356224702145710	14.9854112124969472
580.8471992242400574	14.3910125245796117
581.0954793778034855	13.8436037670309560
581.3633108881390399	13.4220713975411314
581.6303638422305085	13.1479334657779088
581.9277545992867999	12.9783257971029933
582.2673621121167571	12.9513883811192532
582.5949295366343677	13.0587452238696500
582.8743995729752214	13.2463587020486937
583.1848110775961231	13.5595711245117503
583.2114983783550315	13.5838299096708308
583.5506187421136701	14.0331341720507243
583.8464193116147953	14.5115250530939850
584.2798540559134608	15.3851181168841915
584.6729246379316010	16.3636287039564117
585.0521569261755985	17.5027047754371559
585.3213125995279142	18.4437734997301526
585.6375986003101843	19.7052287842962386
585.9920026345380393	21.3525934028768489
586.3210640616117644	23.1479237583370363
586.6384417261407407	25.1203474053889941
586.9163369261434582	27.0840000531588245
587.1908523607695543	29.2382992968439126
587.2133069832519823	29.4441564181985491
587.5630502909036750	32.5973453467428698
587.8323905439672217	35.3094365016722946
588.1262214005225815	38.5855581826435170
588.4571561229096233	42.6215915728900896
588.4779917299688350	42.9183864652340645
588.8241968227089274	47.5773272282814901
589.2832212762571089	54.2590235973205282
589.3236614256006760	54.9025364791499442
590.6608178186152145	75.8546415715370586
591.1149103371365072	82.2539200326330189
591.4511207008606561	86.4087494575290265
591.7475232213523668	89.5298700187621677
592.1106409353376421	92.5433020594850575
592.4890577076997715	94.6225590878847527
592.8578659805039024	95.5432082824201672
593.2326278114152274	95.3731640977566713
593.5436902533018610	94.4076714538613686
593.9469446040042158	92.1036270344689711
594.3833171617020525	88.4611522982017675
594.8685592649907221	83.2750352987630151
595.4973016081198693	75.2761400635468334
596.3357200995923222	63.3652079092918612
597.0234531953990427	53.3015853975494736
597.6423002513802203	44.7157890517747560
598.1556386139403685	38.1264063427341853
598.5491768016009928	33.5348328279169365
598.8634332377744158	30.2012036617056268
599.1920011436772029	27.0694026587797936
599.4967749508035695	24.4941058431282705
599.7734063799421165	22.4402831632052404
600.0135265451464193	20.8854986338014399
600.2795618122149790	19.4006779481404799
600.5618577286925301	18.0801172423583481
600.7850567291628749	17.2146539836961026
601.0409409806388794	16.3949270046670499
601.3321991984497572	15.6664824633324287
601.6122168563267678	15.1555808297763992
601.9093273808211961	14.7777403961991336
602.2266551496132934	14.5540918743612657
602.4896703018080188	14.4789836575255091
602.8586168356148391	14.5242493266917769
603.1391089294835410	14.6592697889805308
603.4951259195771627	14.9497076892385881
603.8283090989657467	15.3311066790066430
604.1421240444570913	15.7983528435934950
604.5406764634107049	16.5230897115326627
604.6338215060213770	16.7216465214224108
605.0390899693668416	17.6765066271967406
605.4149830074949250	18.7320980119501783
605.7371447271235638	19.7989069197990339
606.0762658944328223	21.0655175549183902
606.0915965266046896	21.1439059918629226
606.4871062214708672	22.8971934703829163
606.7491481298785629	24.2245857046025819
607.1107926727694348	26.3024208818115497
607.1889809345432241	26.7677925075903822
607.5476139638694804	29.1633503387380735
607.7463531036074755	30.6233211931744442
608.0255118970252397	32.8706699214457885
608.2891615311982605	35.1533395627995802
608.6834019767859445	38.9272872113122332
609.0947039112295442	43.2522707240393203
609.5378515051791055	48.2798335869581337
609.5655289186477148	48.6419906964283015
610.8252075823947962	64.0688208174065608
611.3069899838076253	69.5135325241097064
611.6018439025884845	72.5164190859569260
611.9953586107441197	75.9564795222194107
612.3834812497321991	78.5909236591653411
612.7631494952885305	80.3269440833294794
613.0720563966239069	81.0755657765304250
613.4279274544595637	81.1649879999820740
613.8215791104237269	80.3038522385802764
614.2213365452987546	78.4921481212786745
614.6771534563442856	75.3948389256516549
615.1868814836735737	70.8589935412348240
615.7425349963980352	64.9797621009144137
616.6022315050520319	54.8269625880591107
617.3020875747156424	46.3350737303500324
617.6787919299097211	41.9773076188379335
618.1136604627856741	37.2385862392466223
618.5355546159242977	33.0139653777929993
618.8882611227705866	29.8179711669663803
619.1840481209409290	27.3966897688360405
619.5319746085496035	24.8854264857536371
619.8244922943966912	23.0436173263646467
620.1072295772371490	21.5116481492864615
620.3793312366487953	20.2483446217231666
620.6952576395990491	19.0345442274488690
620.9244169830865303	18.3096658529231640
621.1784803373809609	17.6520278861587272
621.2866501101642598	17.4082712272225564
621.6411896095298744	16.7987761191099771
621.9107818763054638	16.4795122579804811
622.2312058197896931	16.2357812079943393
622.2508219338201343	16.2404236988017949
622.5525756668316717	16.1617913539295515
622.9213010165857440	16.2098607780969282
623.4069103874602433	16.5073470423636302
623.7243643353498328	16.8352491144314023
624.1563789573789336	17.4396000806698339
624.1620532795767531	17.4387446541589810
624.5423395895113572	18.1137973384627031
624.8854399095181407	18.8416203811962397
625.3973820163644177	20.1604605262161378
625.7085176108295173	21.1131993677627818
626.1102035759780620	22.5089012023538508
626.1858639957650894	22.8103017943071329
626.6356745002432262	24.7010301682420916
626.9571908245676468	26.2477338752075582
627.2510012265636306	27.8221140771359394
627.4059671667273506	28.6923089157253521
627.8049581873077614	31.1725231081474021
628.1852870245342046	33.8152443287049209
628.6026854769777401	36.9946856599488640
628.6343895278328091	37.2733508317829845
629.2124215704366179	42.1875966814045640
629.9359333559752940	48.8372279665975029
630.5365350084118745	54.5588206528673965
631.2021997757359486	60.3756319575703415
631.6640269291333425	63.8494004382313776
632.0934060118130446	66.4594219904990950
632.4831637774021829	68.2013612909668439
632.8848230328313775	69.2773634525591717
633.2110702845064907	69.5778641898496915
633.5865281364754082	69.2622230077299719
633.9322144597978195	68.3491398015919316
634.3816395658184319	66.3576616736964127
634.8561853279708203	63.4156594314244941
635.4081471951836875	59.1044096492026014
636.1125603518379421	52.7018543614640933
637.1237054400583020	42.8562491783812405
637.6542847022786873	37.9457136612473249
638.1531327538297091	33.6856942416743337
638.6132247031830502	30.1588720812531719
638.9865375570359447	27.6284867080180341
639.2993993899409588	25.7516883554158014
639.6816398986869672	23.7825423573091470
640.0066210047895083	22.3670534883939069
640.3291073757293361	21.2043955811913527
640.6548351090774531	20.2467613835449640
640.9996099437930752	19.4577566288520458
641.3451028270670804	18.8656287861616541
641.7100831510002763	18.4589812276904688
642.1038203526221650	18.2216000772161948
642.5341066932423928	18.1867955506367380
642.8917781803194202	18.3068093258600406
643.2986689661879609	18.6028151649501829
643.3236014059787067	18.6158263863698394
643.8111782791904716	19.1721587584518183
644.1864355950978052	19.7424720071363033
644.5755505660705467	20.4638947232617099
644.6927259944612842	20.7218303519111267
645.1562090653322912	21.8293914866846634
645.5239595679270224	22.8534306581191764
646.0645333255214382	24.6235050370979742
646.5222750201164672	26.3687251605390500
646.9422808755531378	28.1772949064238318
646.9958829727428338	28.4395252755119259
647.5192198531649410	31.0783615892623679
648.0584575104072655	34.1411994417882809
648.6715677294851048	37.9946240761466285
649.7590252949972864	45.5198535249754102
650.6133388675588094	51.2660207822979643
651.0801973421472439	54.0628279117212216
651.5335755775182633	56.3731079705250195
651.9507450979618852	58.0524921525065309
652.3797860452866644	59.2298422807871816
652.8328926146182312	59.8196138134173552
653.1843275563376210	59.7799279960188130
653.6333252171980348	59.1026721359512024
654.0191214185664421	57.9884473393442832
654.4887318442777087	55.9912696517506987
654.8887596579320416	53.8409985898493133
655.5054743865757700	49.8922509204289071
656.4268343214092738	43.1286749156743596
657.1200172603317924	38.0985785924082592
657.7271051946478337	33.9410740136782394
658.2786138573802646	30.5586072328247873
658.7699865259810394	27.9527709588907243
659.1671741266718527	26.1458240810078664
659.5883610498918870	24.5256450000564605
659.9608045372128799	23.3507466834452124
660.4233872919267014	22.2077245344661343
660.7515000392564843	21.5891629995124710
661.1547119500861527	21.0308889058810635
661.6090130307489972	20.6686863440576261
661.9802368846897025	20.5441479063502435
662.4091144478037450	20.5878936227340468
662.4972643860201060	20.6056828088053905
662.9161326042435576	20.8327820595967950
663.3290363064277244	21.2031695268646452
663.9945907993735545	22.0891538211181206
664.4151623402161704	22.8389623482979189
664.8460096166716085	23.7556544053653695
665.0551934213605136	24.2403195417354453
665.7417855194767071	26.1208876212520344
666.1853476124488225	27.5371720906907669
666.8485246603086125	29.9795620007655508
667.6011870163150661	33.1447897015599722
668.2854603917609211	36.3590770950084803
669.6771670906910003	43.3358521081562813
670.4800230596432584	46.9758024792714792
671.0474702021313078	49.1488313963590215
671.5548910862734147	50.6724930247085794
672.0654168696485158	51.6907015784096089
672.5778243799555867	52.1367056073220425
672.9696727041035729	52.0515493540129341
673.4728775825248022	51.3987358400299570
674.0420520157256306	50.0167988049245977
674.4834850066972649	48.5210501661003022
675.2397798496443784	45.2781393543623594
675.4232483320771507	44.3888955013241002
675.9123859568517219	41.9329342005600907
676.5260642812359038	38.7339933348272680
677.1671695167706275	35.3710489666375452
677.7818279287628229	32.4578944970578789
678.4344298595327700	29.7501086741409040
678.8454589207740355	28.2801614067588751
679.3125886603818344	26.8503126386578650
679.4110905855186502	26.5894506143314864
679.9648310702662002	25.2990484402602114
680.3624106376850023	24.5912672262595926
680.8586406024736561	23.9217010635652976
680.8833389306563504	23.9168691326027201
681.4157310699597474	23.5154483432578338
681.8173049853692191	23.3991762631578446
682.2616685727332424	23.4364417454537062
682.7533297744862466	23.6486843355678680
683.3657222442037664	24.1609589373570621
683.8436842322576013	24.7426074917349119
684.3654875747670303	25.5302408401822980
684.3806429493017731	25.5630584964739747
684.8163667101116516	26.3552865921848714
685.4352184561230388	27.6848509359955699
686.0331447343893387	29.1976220691296682
686.5521994720719476	30.6803075731446881
686.7952137685165326	31.4093571973306886
687.4380933624638601	33.4423025186076472
689.0843628762444268	39.0446502537828835
690.1117154299857930	42.2463339502429207
690.7174644192147070	43.8285984295166458
691.3809150078558332	45.1284282072892609
692.0051096086743883	45.8584438654096473
692.4730877171987231	46.0460947185934586
692.9735668605508181	45.9069272850961880
693.6008763606229195	45.2550552828776702
694.1320278750862371	44.2991894678310842
695.0037427319697372	42.1771769411413189
695.0464195063951820	42.0115472206106446
695.9910060057759438	39.0618576955110299
696.8123531191855591	36.2816959102103809
697.3903263576336258	34.4032186742559887
698.2935892491253753	31.7835040469575567
698.9823086235734309	30.1194356847145777
699.7721938540987594	28.6346060527952773
700.3094273017303522	27.8956728443743884
700.9805006882176031	27.2461030573506626
701.7924880283090943	26.8851901797849919
702.3414556652828651	26.8806389292658814
702.9052132089109364	27.0740693681043041
703.5784603518503673	27.5301142980159170
703.7760043900541405	27.7230025730308860
704.4192182860372213	28.4413485354243321
705.0972554778076073	29.3789261702056201
705.3629593260421871	29.7788501283771474
706.7851132317600786	32.4023951690185896
709.3259625724775788	37.7509775578263103
710.3775474251391415	39.5736494510112706
711.2322235338646124	40.6299637616901563
712.0693995007043213	41.2220774251952662
712.7435310574780942	41.3636244659390613
713.3609727184807525	41.1779745225694711
714.3916239150448746	40.3681546228285555
715.3095974712729230	39.1163613411709576
717.7602645907780925	34.8678819920060477
717.8860860438777536	34.6492467069476575
719.0821135611340651	32.8884171402532033
719.9096815776338190	31.9242862453221932
720.4923607303304607	31.3835413285745162
720.5327351501715611	31.3796565005455399
721.6045342544417736	30.7947952132644680
722.4020574499870690	30.6545057183269627
723.1359927689329652	30.7611552285047267
723.9538568614312908	31.0918439529612769
724.6237227922450757	31.4780846930082454
725.7368987353987677	32.3815009156828779
726.4897773526598712	33.1159833850217780
727.7893548402668102	34.5483823112536115
728.9979940719949809	35.9371016065835747
730.3711957310536036	37.2348710121357342
731.2089309302658648	37.8409395935154862
732.1044028844197555	38.2351401286421080
733.3855998837246943	38.4486231982327311
734.7136422226719787	38.1534071847297653
735.7978658854359537	37.6157909726297248
737.7432058609955448	36.2321548463372025
739.3990595448065051	35.1270190085331038
741.0302232696268447	34.3761159866919996
742.4502311256578651	34.0593684701672998
743.4482548955367065	34.0329002765093449
744.7388693895037477	34.2781109651555198
745.8919830199492935	34.7192701997990198
746.8321139245930453	35.1385710228005905
747.8073169802686380	35.5562391228357981
750.2629697697097981	36.6681444107303278
752.1783258174430102	37.2607340417290160
753.4761712335682660	37.4193717598370768
755.7892634849505384	37.3502859407472272
758.4623484135631770	36.9686933001415312
760.2461804842787387	36.6212936087408423
760.8808259959242832	36.5960883774367289
764.2225501082757546	36.7010041556736368
766.9908181508352527	37.0288540877780150
770.8138087607745774	37.6920206010056162
774.6893499588359191	38.0540108277945066
777.9426210663021948	38.1315611185422938
778.9716047639129783	38.2580374725781809
786.0174015566368553	38.7002908457020922
794.5993700567482847	39.6440449214462092
798.6413818975597678	39.8847945642249186
800.1291896243410520	40.0507957481447292
803.1431699355026694	40.2817705530347894
805.0309235732785282	40.5035693190703938
806.7226732368404782	40.6889278637192504
812.7559741106244928	41.3747771982009738
817.9108976286652251	41.8354202585191715
819.1573799291671776	42.0173649779448439
824.5218826451505265	42.4980215925767624
825.9948438061835532	42.7157078197286353
833.3310145277577021	43.5726980536297717
843.3529504815659266	44.7795842412401086
847.7505560766745702	45.3596827124627211
859.2644901611195110	46.8060499711351596
863.3959007419185809	47.3579443587818076
873.2230446682757474	48.7721803039187805
879.5158999744506900	49.6898109587893870
886.1469306158218160	50.5559089221207714
887.5812778672462855	50.7996136545539443
893.2913539501643072	51.6917680621637317
895.1764984367357556	52.0285354023270941
902.0045147931293741	53.1752225485345136
905.1952883659780582	53.7530818804288160
914.9600298158762826	55.3134372791057700
922.8703263796753617	56.6524631391779749
933.0987331224072250	58.4989906806358704
940.9837670031381549	59.9178200491188022
960.2247461075893398	63.4251894451610738
979.9548209194732635	67.0246885979732383
988.9192313100157889	68.6301564747898709
996.5553861667257252	70.4563874242248716
999.1947123195612903	71.0541859753145246
1000.4007958997393644	71.2481373404526437
1000.9055942356229707	70.6964984309365718
1001.2874741130041230	69.6678614329094756
1001.7648863458562118	67.6076960860906837
1001.9074199680948141	66.8939443249642380
1002.4657023073651771	63.4558669923098648
1003.1958212688927006	58.0805542220347562
1004.2813720478593495	49.3081297183648388
1004.8462045738451707	44.8335771269496135
1005.5542972263978072	39.6047973651912955
1006.1769948641637029	35.4767294325841718
1006.7500067126047725	32.1332674806802174
1007.2059177461519539	29.8077565569396725
1007.7121440041751157	27.5861602289172403
1008.0727903566227042	26.2251891321317636
1008.4805766754017213	24.9127872609844481
1008.5543043547339721	24.7084020429248561
1009.0032956135514723	23.5449434991676192
1009.4830489281325754	22.5324689765147816
1010.1025673974311303	21.5265544250330834
1010.7905934767245526	20.7195095898287782
1011.4422811175569450	20.1725786415930699
1012.4623862541023982	19.6346016406353776
1013.7206290136965663	19.2954852940568635
1014.8164521182745830	19.1430108592583537
1016.1797586517089940	19.0402884508600678
1018.0091030428508247	18.9802520752638593
1019.3887931553404087	19.0449143907747427
1023.3518022732851023	19.1514244126522613
1025.8526904970085525	19.1102553799616146
1026.8874440418537688	19.0659926982785990
1027.6614209698207105	19.0173284145988681
1029.3357514932736194	18.8635717243943155
1030.4846718219289414	18.7770425745316594
1031.5068626984937055	18.7550214444643650
1033.2800223826075126	18.6621673906381567
1033.8385332866305362	18.5865316951586621
1035.9624550529633780	18.3226416225315312
1041.0294470968547103	17.5926219778720316
1042.1921303954372888	17.4532386000783966
1043.2208612655947491	17.3510839629938616
1045.3542677417030973	17.0438919830252011
1047.5350461033885949	16.6775316081717904
1048.4716861584033722	16.5069019218217790
1048.9568442795543888	16.4311530961560912
1049.8256853528562260	16.2410688621684152
1050.8801060493847217	16.0073732416628225
1053.2342874457174275	15.6601702303571333
1054.9775754285847142	15.3922015390394726
1057.2661353472039991	14.9864252999417644
1058.6153640293050557	14.7750494146673308
1060.9210521130460165	14.4309314816364882
1061.6048959553613713	14.3656719894881313
1062.6836349402699398	14.3278728523568972
1064.4471416030910405	14.2466347877179178
1065.2286382475613209	14.2524272141931423
1066.7317494481003450	14.2760237785709521
1068.0211781703112592	14.2963262542090561
1069.3533921950649983	14.3053626412975810
1070.5886529857887126	14.2905544652387757
1071.2989405345936120	14.2796615629386636
1071.9336701576751238	14.2702673088526382
1072.6039028808622788	14.2625420073359912
1073.3122971970651633	14.2565349366397331
1073.9618921054204748	14.2472807343039758
1074.6919122124518253	14.2407845248927298
1075.3954116480917946	14.2334724997099968
1076.0751734702798785	14.2258725499736780
1077.4524016706347993	14.2563377979013115
1078.6569322435550475	14.2907663216090128
1079.2388221439243807	14.2934305718098766
1079.9841229760465922	14.3049478135590800
1080.6726805840723955	14.3071405954012913
1081.4228371167434943	14.3095198881816810
1082.1208524474750448	14.3058849036477369
1082.8365595099444363	14.3001275095236675
1083.5788178881462045	14.2934782969333369
1084.3002813025007072	14.2847366471837525
1085.0253816704143901	14.2756028296032227
1085.7272601968693380	14.2646590877363515
1086.4881965002116431	14.2555121913198253
1087.2003518109352171	14.2442313587546909
1087.9573845755610364	14.2346800458007721
1090.2583813652072422	14.2969856115209772
1091.1990157237178209	14.3065781680173689
1091.9772362255016560	14.3074142461107758
1092.7195649716572916	14.3034512195426533
1093.4634178356957364	14.2956591627745837
1094.2605333288577185	14.2872513871662967
1095.0171183180011667	14.2757696497266213
1095.7856781798554948	14.2632342291767191
1096.6215056289684071	14.2515983795051238
1097.3955618989225513	14.2374175593724122
1098.1729246896459244	14.2224140737807545
1098.9865473730030772	14.2076309764372368
1101.4530732222822280	14.2517443762860481
1102.4219538006534549	14.2573542786645913
1103.2059273318986925	14.2532150139227412
1104.0478258513549008	14.2465523873498245
1104.9200314864619941	14.2363383621841280
1105.7762666146052197	14.2221593784026510
1106.6088443202127110	14.2052784585470970
1107.4307836600023620	14.1866989859246999
1108.2821963108015098	14.1679496578183706
1109.1423078303159855	14.1494618673593138
1109.9847935227119251	14.1302309709186797
1113.1360616168331035	14.1756824548258535
1113.9007074746580201	14.1623169932809176
1114.8557514654276019	14.1526048009050278
1115.7310421588485951	14.1361370362501457
1116.6381155069125271	14.1167452008397714
1117.5427760722222956	14.0944928505109708
1118.4527538578761323	14.0707419408864798
1119.3512521535878932	14.0465021312551723
1120.2571221068844807	14.0225577831777102
1122.7880551581474720	14.0326193584074517
1123.9193572417264022	14.0284181261070824
1124.8559348953228891	14.0155547164140017
1125.8374073662660066	13.9983160222868790
1126.8058510121418294	13.9756540537561058
1127.7806301927028017	13.9499123455922227
1128.7289810795684843	13.9219795640915827
1129.6905663340339743	13.8924295260267261
1130.6588672427535585	13.8618285782800896
1133.7604144389729299	13.8581920196405193
1134.7534652243946312	13.8400803346585537
1135.7847895547640746	13.8178834024164168
1136.8134962594112949	13.7899111058278443
1137.8879281393094516	13.7586766442592214
1138.8799437329821558	13.7241846080192271
1139.9114760246147853	13.6874464187303193
1140.9549723212016943	13.6495016555741451
1142.8814975905836491	13.6457006170712436
1143.9264987963472322	13.6412136713793348
1144.6544498493501578	13.6199525198139462
1145.6112815358756052	13.5921023351376000
1146.6964824150804816	13.5609237407894909
1147.7625641677511794	13.5233135943708227
1148.8430762020229849	13.4809550346550466
1149.9250666872451347	13.4358823432233265
1152.0436540157788841	13.3897786895417763
1153.2440679218643709	13.3742748322856055
1154.4232400043681537	13.3485417726668913
1155.6235560013883514	13.3127469851200999
1156.7984198824108262	13.2700506997158669
1157.9280567995333513	13.2226620625802376
1159.0552030006119821	13.1718341849801011
1161.1709712869617306	13.1442987056519396
1161.1709743370918204	13.1444224171877568
1162.0609698751493397	13.1214842986770641
1162.8216130570820042	13.0838664584615820
1164.0023558197151488	13.0459817767328481
1165.1829491035100546	13.0016121516351113
1166.3645634327629068	12.9515986189328078
1167.4984556762926786	12.8968010233999699
1169.7060521909356794	12.8595595681318731
1170.6437849789233496	12.8299296403466627
1171.5368249020348230	12.7936420707342897
1172.7027455729405574	12.7466347453171931
1173.9252086333688112	12.6932295100084289
1175.1373038137651292	12.6340664120846107
1178.8723058765792757	12.5205559651774241
1180.9971309616450981	12.4356983041174871
1182.0205215505161505	12.3789812269284472
1183.3258354696449715	12.3125451068519745
1183.9234216164691134	12.3186319242884839
1184.9918487259508311	12.2739174795622823
1186.7407093321667162	12.2145592596785715
1188.2239248304770172	12.1500929198660028
1189.5520792563434043	12.0808652482058800
1192.2030701998364748	12.0139624681446726
1193.1364645988103348	11.9612322510908751
1194.4010622527314354	11.9027600029903446
1195.6804681190199062	11.8344004793365212
1198.0987541631889144	11.7437244650604864
1199.6499388734416698	11.6797074940392402
1201.2467028306566590	11.6048505419962762
1202.8731876198330610	11.5200415696602949
1203.9373908045881763	11.5015743625412998
1205.0587518734223522	11.4500591238591749
1206.7081923078474119	11.3817873971090791
1208.4039267778043723	11.2909065351508513
1210.8154403126591205	11.2067394829650251
1212.2048543052294463	11.1419814368821246
1213.7597553348102792	11.0603674192711381
1217.4439555525470951	10.9150310395208923
1218.5882441220026067	10.8441213820202620
1220.4585027108291797	10.7461152629968595
1221.0604875304475172	10.7600042935041973
1221.6611875181317828	10.7213956600969649
1222.0888005420574700	10.7119616085875311
1222.4243678390478181	10.7045823619025526
1223.1055056975574189	10.6623426317499739
1224.3038369601276827	10.5972378496802442
1226.6458913217568352	10.4937236499532496
1228.5885459642045134	10.4183488963639217
1229.7658980426060680	10.3484646109021181
1231.4902318271881541	10.2515648032507087
1231.6655334241322635	10.2792149074199237
1231.7021814414201799	10.2783409442027907
1232.6136338693204380	10.2403443829788774
1233.5794114287546108	10.1784485776467015
1235.3193960316098128	10.0923390814458287
1238.5035478036281802	9.9719053405673446
1239.6221263157819976	9.9020270148952285
1241.3458628978280558	9.8123611828455957
1243.4071694778003803	9.7611576366286368
1244.7755780407048860	9.6820353674075346
1246.6427372981556800	9.5834736548896196
1247.4737951602764952	9.5722619048774629
1248.7608337148335522	9.5293800558085486
1249.1992876247832100	9.4819166572085525
1249.5066988906642109	9.4721716911964808
1251.1468105405519964	9.3828552190497359
1254.9729090782102503	9.2252870477336320
1257.0546213375214393	9.1137727687521934
1257.1454022932848602	9.1361741612260232
1258.9658366653591202	9.0564025172972009
1260.9251394893162797	8.9536468907123243
1261.5396474229962678	8.9330201354591896
1261.7721876537759726	8.9251246601141645
1263.9798501185721307	8.8505501598953469
1264.2648303409725941	8.8498024576163203
1265.1845770200955030	8.7876298714237784
1269.1085314239735453	8.6328632347224303
1270.5067729884938217	8.5533881335493209
1271.2793364315282361	8.5440981933306226
1272.8083877003125508	8.4857853264581085
1273.6473015614531050	8.4271912701055989
1274.6584438881709502	8.3905603892186882
1278.8348053582490138	8.2116777002565229
1280.2841372761256480	8.1846612097108729
1280.6457223837176116	8.1712423253204118
1280.9891694395412287	8.1340111673612672
1281.2386985335194822	8.1350187697556038
1282.6539622083685117	8.0597589988236162
1284.5383571419956752	7.9903402807692965
1286.3380646036639519	7.9242210306895400
1286.6290199054276400	7.9356312124941146
1286.6899301536600433	7.9116768485396207
1286.7347334425624013	7.9099951579342624
1289.4949284789304329	7.8095753211400289
1291.0332533641005739	7.7457182946079088
1291.5954471379011466	7.7052674691811855
1291.9646804022017932	7.7218726914880094
1293.1318941191186696	7.6703880227601999
1294.4582089613093103	7.5983698208468615
1295.8082127446095910	7.5772266838170772
1297.1340370726104538	7.5138779173111887
1298.8345004738491753	7.4263857818403087
1298.9915549195643507	7.4473490451891911
1300.8638853054324045	7.3735961099560177
1303.2830873448349394	7.3053488741355013
1303.7636603277103404	7.2787421826727519
1304.7999190199373061	7.2251873433120926
1306.0827914445271745	7.1807810144850235
1307.1524935801319316	7.1703325856099251
1307.2619710084882172	7.1561319201563967
1307.5496132954217501	7.1460528800864243
1308.1014564057504685	7.1267739855728536
1308.6738900497534814	7.0996313511235662
1309.1182052863487115	7.0833846387578028
1310.3793703361661755	7.0517461801322128
1311.0609726640329882	7.0135160003128094
1311.9635543903632424	6.9819235956395396
1312.8609652517866380	6.9497235064033234
1315.1514556737849944	6.8978092172480849
1316.4636931799807371	6.8510700250041632
1316.8279269012134591	6.8218744427084115
1318.7894507936343871	6.7759867262706202
1319.9270528151698727	6.7163219924179929
1321.0205592815020736	6.7025493612051230
1322.3197459738219095	6.6547947013855975
1322.9668922607281729	6.6163864282226070
1323.7180835801007106	6.6149716663285991
1324.8866859705601655	6.5722631187380829
1325.8064434580421675	6.5388269717001606
1327.8996642337140202	6.4823266725127162
1328.1287211311025658	6.4691359463890006
1329.0029116596858785	6.4621977025740822
1329.9036559313576618	6.4127699368355602
1330.9014934467650164	6.3983600289703642
1331.5322583046779528	6.3678743571577927
1332.6026884514039921	6.3334344986684776
1332.9052344009173794	6.3383325476841410
1333.8777024581131627	6.3053431337956756
1334.7349338638844074	6.2754195322554898
1335.0910980963194561	6.2781122336499662
1336.0590876373321407	6.2429750673023037
1336.7648232617707436	6.2256033767571042
1337.8180599096658625	6.1934181866051370
1338.7011010854628239	6.1647335786656194
1339.0439794980798069	6.1681856891421614
1340.0300514750113052	6.1337029470588620
1340.7815019965839838	6.1155412940933536
1341.8131669926840459	6.0850862477529386
1342.6871927152258195	6.0586742325132867
1343.1747264613102288	6.0551371027052943
1344.2387260526224964	6.0183316782480016
1344.8398033762948671	6.0084619179813625
1345.9103453730522233	5.9745697637132062
1346.4905316283575303	5.9678292234371471
1347.5958468151268335	5.9312412834551296
1348.1050387628547469	5.9269548538745900
1349.1410514103670266	5.8978254151693754
1350.0446699192916640	5.8720429796829787
1350.6094476711809875	5.8606238563179627
1351.6181139317322959	5.8394656980741999
1352.5498999186575020	5.8163002258895506
1353.4088117873852752	5.7913026335646700
1353.7498272803090913	5.7949816942533108
1354.7756020996596362	5.7717197024042548
1355.6991525436328629	5.7509539320385992
1356.5902743778426611	5.7289739570883205
1357.5036460432675085	5.7043354180564592
1358.1442601352302972	5.6919571888860752
1359.1428235631672123	5.6748876622259523
1360.0857992248063510	5.6598690301306407
1361.0355729226655512	5.6445639289393386
1361.9741598928214898	5.6296107462441753
1362.9251024948760005	5.6142323855841996
1363.8816011115136462	5.5986370245604746
1364.8318316007766953	5.5832599351043450
1365.7829866896138356	5.5678608920964665
1366.7261267155299720	5.5529645061476085
1367.7090770980228172	5.5367491610260640
1368.6630342414584902	5.5215217337917917
1369.6143585838231047	5.5065409669403111
1370.5910946153330769	5.4907836916620019
1371.5580467166382732	5.4753410908302627
1372.5109787418543874	5.4604855279980073
1373.2369446159023028	5.4569279828010373
1373.3241878993585487	5.4551662909551188
1374.4796338978824224	5.4533098156960511
1374.6569168576102129	5.4486872712155199
1375.4367943005979669	5.4529542340666426
1377.4042879421726866	5.4273114478184574
1379.1506118898714703	5.4070672984683652
1380.1196659423133042	5.4060567720415236
1380.8554450493968488	5.3825623104630198
1381.8209414158498021	5.3831043358148243
1384.0934760398386061	5.3597014218730932
1387.3867790303424954	5.3237269226681567
1387.9515415855696574	5.3350914476522497
1388.4103369854969969	5.3149136559137240
1388.6651443681985256	5.3106519208779703
1389.0519460261903077	5.3041962857265021
1389.4636194087656804	5.3026320330892682
1389.7571040494244698	5.3165755548805533
1391.0586484106411262	5.2949392984232704
1392.1901790976426128	5.2782200404347206
1392.4332568335023552	5.2792737068178361
1392.9561045488874242	5.2912998137413734
1394.1414232885902038	5.2724805682004359
1395.4664928192744355	5.2574616725518588
1395.7393311824544071	5.2715392313193448
1396.0625545559446437	5.2587123662376634
1396.9847172596853397	5.2565036138974852
1397.6813223892656879	5.2667360308308426
1401.0579577245935070	5.2297776457821596
1401.6899548970325213	5.2416354034632500
1402.1664503351526037	5.2246448239150265
1402.4426509957897906	5.2208019134736281
1402.7137276354903861	5.2170372896941108
1402.9083299052090297	5.2143359919463208
1403.3109662516139906	5.2139587532983134
1403.5817434504276662	5.2299398570401330
1405.2330740520465042	5.2070691051230398
1406.5020191854891891	5.1961106588523371
1406.8340186882614944	5.2025185243121186
1407.2124132347807972	5.1999189032208895
1407.2927981708608058	5.1993540653044459
1409.6747341989312190	5.2023454652022343
1409.7952573027043854	5.1837742812187297
1410.5784854366679610	5.1927650505503538
1411.3524895362545521	5.1841099094237215
1413.9730820107147338	5.1635069806593075
1414.5519378862763915	5.1747700629821329
1417.4629130667231038	5.1560127325852392
1418.0914291519557082	5.1444878109747787
1419.3920932426785839	5.1418821305790630
1421.4105601181609018	5.1294272118021640
1423.4795504678675115	5.1111007170324037
1424.0526640020398190	5.1211716062979944
1426.3956502258233741	5.0994447014013087
1430.4909790810816048	5.0803719473972073
1431.8501712719030365	5.0787656113428419
1432.2466558243004329	5.0619292602165480
1432.4811104929667636	5.0583626805958382
1432.5487956872702853	5.0573339000225950
1433.3636690849202751	5.0649818066845436
1435.6527372943080536	5.0506030723493858
1437.8232526902588688	5.0384966869258907
1439.1086165810968396	5.0199051791708724
1440.1134846539493992	5.0143113382638669
1440.3826749304328132	5.0294009703882736
1440.8773684184884587	5.0109928805869703
1440.9538394942794639	5.0099346460320415
1441.7325961009623825	5.0164111973940511
1444.0307054258623793	5.0038359045229406
1446.7509062764743248	4.9935812131729111
1447.3741685834770578	4.9764492506098366
1447.8539319740891642	4.9704311971470556
1448.1597797620099755	4.9852169814555047
1448.3489646474768051	4.9836251039852604
1450.6245139835100417	4.9695889918008875
1451.9233272968667734	4.9627008524869183
1452.6762560972813390	4.9732834170810367
1454.7697582083569614	4.9493955548038162
1456.0913062436393375	4.9408424328176466
1456.4747410319730534	4.9464267996091893
1457.0161551965632043	4.9601482306247293
1457.2605404058745080	4.9400330073266989
1457.8815481952758546	4.9339602396842608
1457.9879057551459027	4.9510508789876937
1458.1745424901962451	4.9462959960652579
1460.3781690589194113	4.9339997552496637
1460.7889596947968585	4.9484012765419436
1461.9582536011123466	4.9338491234755484
1464.3627000071355724	4.9256443013103972
1464.8669520090629703	4.9409314051758741
1464.9371815548549876	4.9230184582821455
1465.7692238679965158	4.9271414161954770
1467.7439623707221017	4.9265475078547398
1468.1138207676251568	4.9238243838788742
1470.1781033555869271	4.9207641502100108
1472.0116643330864008	4.9115952391614179
1472.1417470801866330	4.9300906151438229
1472.2326767600775383	4.9100929284734178
1472.8140949675985212	4.9162902551927932
1474.0093344637762129	4.9271186086761460
1474.3141581003633291	4.9081551398973469
1475.1643374791055976	4.9203825015610425
1475.1677665957665795	4.9203578843690767
1478.8030032662768463	4.9135465102795521
1481.2455965214473963	4.9141272759395154
1484.5744567213541814	4.9060304671325419
1486.0742428873695644	4.9164085357682712
1490.8143052415211969	4.9037778763863678
1491.6858880016420699	4.9186894960664862
1491.9598087707022387	4.9006394906988833
1492.8300428422294317	4.9141805534052105
1493.5518987740081229	4.9111919832862734
1496.8782697612284665	4.9150432880436723
1497.3897852522238736	4.9034627619235369
1498.2776857089320401	4.9004618978894587
1499.0066475580458700	4.9014801908231629
1499.6439691299033257	4.9166762163970450
1504.4236629514853121	4.9130959691480935
1505.3605494450230253	4.9097645587417684
1506.9249386762007816	4.9162881424454170
1510.1541043474583148	4.9246965210234590
1510.4496333508066073	4.9079905656646252
1511.2254256273915871	4.9106520256838753
1511.7734631244461525	4.9259293203959515
1512.4857867971413725	4.9113184795807134
1513.5229814617566717	4.9276611660570335
1513.8043738962990119	4.9079608589320589
1514.4691135546484020	4.9198485098427263
1515.1328959148465856	4.9178114223172464
1517.1131632985434408	4.9277087669951385
1517.8299131102398860	4.9164398084900078
1517.8373541003313676	4.9164193256153297
1520.0332944795086405	4.9228314068631240
1522.1156644994418912	4.9337758765496504
1522.4388991869095662	4.9172183188731013
1523.3448529452675757	4.9334749384721421
1524.0993112753933474	4.9191716450923701
1525.2713967518825484	4.9348595090182270
1525.5232931892380748	4.9158658280752441
1526.1610869691648986	4.9271231421742598
1527.2179856484233369	4.9240611323276040
1528.7112803496968354	4.9332476532719571
1533.2333632729021247	4.9325071384539170
1535.0744054032047643	4.9278642972481537
1535.5269393551247958	4.9410825694407841
1535.7883130123871069	4.9243858993956673
1536.4414009549102502	4.9372719391146624
1537.6472501333064429	4.9340781092641173
1540.3778564520905547	4.9414564387556075
1545.2709910708942971	4.9470022113341479
1545.7231985054340839	4.9316558388606646
1546.7819848507915594	4.9490115316378720
1547.2220988068743281	4.9314448238220514
1548.1592811347634324	4.9472503189050281
1549.5076410522658534	4.9396218981323727
1553.1186629704825464	4.9495750762163144
1556.8732427211143658	4.9405975166553322
1560.0692604715857215	4.9518474685840195
1560.5348750028895211	4.9369453293608627
1561.3112585690919332	4.9493956531345207
1563.2274899545850531	4.9446032872063279
1566.4064207816879843	4.9479877705607453
1569.8567499460662020	4.9590339134601864
1570.1613671781917674	4.9387351012588407
1570.6738879445263137	4.9431322462424081
1571.5486714638188914	4.9571721258307324
1572.1585742629681590	4.9406115251840044
1573.1107621632031623	4.9572616318813081
1573.5719437656864557	4.9382139260484559
1574.4160037441531586	4.9522647315186958
1575.9231854813390328	4.9482605366968953
1580.1148138036646742	4.9544695368623062
1580.2579628670653165	4.9371262443306865
1581.0393969345420828	4.9503611851916629
1582.2622212771425438	4.9470073081378008
1586.6144299028819660	4.9474604160656730
1591.3806286810495294	4.9528036870312881
1591.8665089504463594	4.9340453606099066
1592.7285035853449244	4.9483253203259387
1594.4927533150923864	4.9431659175497202
1595.5510172984443216	4.9345972767013242
1598.1271897966480537	4.9458484892828203
1598.5416150087719416	4.9292760164247040
1599.1931386450532955	4.9392042707870383
1600.5434172376124025	4.9351658181671647
1602.9208565553508379	4.9328061391241951
1603.2594543399791291	4.9502311691317429
1603.3826197919418064	4.9303316044923982
1604.1457192993020726	4.9287823895819418
1604.4411639298582486	4.9416411659715260
1607.0645995125973968	4.9224093849872324
1608.0315065785514435	4.9390289544734580
1608.3616155364495626	4.9209208549463401
1609.1922089629370021	4.9334505660902517
1609.8343010763467191	4.9314588633449521
1614.6936196053507047	4.9253376887595888
1616.6405645002612346	4.9375935153500787
1616.7024769059253231	4.9179595700253698
1617.4038803919290785	4.9184292969492205
1617.9495476637482625	4.9315980192388071
1618.8437269819353332	4.9155571013885320
1619.8099536821787297	4.9316921976692916
1619.9991132482311968	4.9120550341836680
1620.7195085763326006	4.9180731204865822
1623.0503261269507220	4.9230637946422409
1625.7364147415567004	4.9063779159992844
1627.6870988500118074	4.9096882789129035
1629.7434740186317867	4.9225538826818189
1630.0733686722230686	4.9020755074557396
1630.7789040323218615	4.9079197543750306
1633.2343928731165761	4.9155694129031478
1633.6438203671377778	4.8962440143463848
1634.3580435019716788	4.9094282562304032
1635.2416155554972192	4.9066069259704790
1637.1190067708614606	4.8924097178078227
1639.2375676098615713	4.8969126781489845
1641.7188061922511224	4.9040797021552613
1642.0379085954500624	4.8855469288771491
1642.7720788123897364	4.8990968418154761
1644.1725037051880918	4.8877768411678080
1646.7265420390569943	4.8978262492659494
1646.7943210724058645	4.8783972865930840
1647.4990983365728425	4.8871889747154915
1650.2793284892040901	4.8781460186845864
1651.6834596885739757	4.8854142716244695
1652.4441760696277015	4.8712594763594801
1652.6562596607709565	4.8705508627817506
1653.1865714823125018	4.8873565954354348
1653.5028780385371192	4.8672333437201898
1654.2596230465753706	4.8790199987054992
1654.5606923866655507	4.8779906723610358
1661.7078040227988822	4.8612678913526493
1663.4068061359371313	4.8716854023227860
1663.6034327776765167	4.8521778747712325
1664.2880501761999312	4.8570328404398824
1666.7231321259205288	4.8637268713854365
1667.0588954130594175	4.8431683931802461
1667.6588886960910258	4.8544451014662027
1668.3231775477586325	4.8519918257698587
1674.5879295129570892	4.8426343753445495
1677.3323930468000071	4.8205035533894334
1678.2032787410269066	4.8363409876039389
1678.6355583198162549	4.8180663547573195
1679.5439281072610811	4.8298212571387547
1680.0697133496407787	4.8277836467411746
1688.2722321859753265	4.8089624314797144
1692.0212609815405358	4.7900976271041973
1694.6725057670389560	4.7898547382276639
1696.3002859021025870	4.7831841765459293
1700.1518062242012093	4.7768718986033694
1706.2346180563265534	4.7588512899473789
1713.3277914902835164	4.7373240819106215
1717.2625256756559793	4.7331950255157222
1718.1335601499313270	4.7179101840672457
1718.4587306497621739	4.7165191622067928
1720.1094590964905819	4.7182210986589199
1724.2609546027074430	4.7148126075794670
1724.4568191227283478	4.6956491140132774
1725.0871682671354392	4.7055358215539513
1725.9629466112808132	4.7017487502645539
1733.6165935587785043	4.6747732680868221
1737.3627266431392400	4.6739393557881801
1737.4436541715535895	4.6736379942196704
1738.0251447713508242	4.6550473013066664
1738.7713908900379920	4.6661991950155368
1739.2361882593354494	4.6643150190214717
1739.9795037579328891	4.6517210777195057
1742.4968242031809496	4.6545976813757219
1743.4743123491534789	4.6415148390953433
1744.6618998662488593	4.6369850746438699
1745.8941982179767365	4.6506910670071662
1745.9169996887956131	4.6468127680057281
1746.2052859521220398	4.6279065354073525
1746.8704167118905843	4.6381864925653149
1747.3400375848980275	4.6363803011142428
1749.7055541617728522	4.6169318108059256
1750.7564749156072139	4.6310942096983645
1750.9250383428761779	4.6123291544345486
1751.6808253920507923	4.6189919660920404
1755.0727233162383527	4.6060054568956943
1757.5762712891500996	4.6047181749932973
1758.5099920167535856	4.5907923772839911
1759.0873398627791175	4.6039663627425531
1759.4586240013950373	4.5853920841094347
1760.1893565414316072	4.5957486393510090
1760.3248296328124525	4.5952294122664270
1762.8490683343266028	4.5732943462039843
1763.8317349781934809	4.5865533947370309
1764.4175514790124453	4.5695927476181488
1765.4008918169263325	4.5805005341610592
1766.4630682938873179	4.5667815124234057
1766.8169831895856987	4.5654485264434657
1768.9658562104482371	4.5693361716354488
1770.9989339852468220	4.5474833642172197
1772.0981829991194445	4.5600781719950660
1772.7583029854511096	4.5430335830064550
1773.7519017397298740	4.5543349694405837
1774.6291415289997531	4.5386401688404083
1775.6920149941252021	4.5508071445946765
1776.0336067603091124	4.5315300556846969
1776.7061751095059208	4.5406093936571752
1778.0039930195030138	4.5357687947466587
1783.5650669441527043	4.5150550035165891
1789.3338074834405234	4.4980900716998891
1789.6250800082984824	4.4881226767368361
1790.0641226884515618	4.4968417186983283
1791.0538382151357837	4.4932548054759049
1795.1834467469477659	4.4783009315193310
1800.9738411219352656	4.4618208594220006
1801.4894789307556948	4.4546062120017202
1802.3964843017279236	4.4673942552123513
1802.7418009979103317	4.4493010401709343
1803.4981684434726503	4.4501646334548317
1804.1759085602789128	4.4605516784822594
1804.6939945523920414	4.4422350865875924
1805.3916667195428545	4.4520072635380616
1805.5747995683361751	4.4513643407467738
1807.3285961421381671	4.4404778480243365
1816.0111601281121239	4.4154460871248506
1827.8268242823958190	4.3894186981679493
1828.0549695995005095	4.3727630747050128
1828.8150462055650678	4.3745745619916807
1829.6083849943531732	4.3847636069551319
1829.8657705324483231	4.3669603337090344
1830.5265010890962003	4.3701183506196717
1833.0500288877988169	4.3734086140887616
1833.4427478256595805	4.3547335109259153
1834.0204915589329175	4.3633779696991075
1835.2868344115001946	4.3587754814747282
1840.4726918761032266	4.3399509834324190
1845.2343664247882771	4.3270106755730264
1845.7329547758911303	4.3206793051699455
1846.6098731784932170	4.3321688317235170
1847.2624355226062107	4.3139483674180434
1848.0126333461814738	4.3232572430001390
1848.0811507974744927	4.3230160684797934
1851.2512170122320185	4.3050977917687883
1853.5835890611454033	4.3080359199028475
1855.0591694328109043	4.3029996231172465
1856.3541788504089709	4.2903925529725289
1857.4604668784650130	4.3018987788748984
1857.5992425883960095	4.2846828362102469
1858.3086095624364589	4.2915733352552863
1861.2597346354539241	4.2817252185190844
1864.4290335463063002	4.2788197848978973
1865.5454585785253130	4.2661030667931206
1866.1450393683378479	4.2788379975798767
1866.3966712203853149	4.2611275913701272
1867.0257908780542948	4.2675622363756176
1870.9890988444851700	4.2548619073353260
1871.5612729418239724	4.2610320155492554
1872.0312659518995133	4.2462241763543727
1872.4990605892794520	4.2539399754949700
1874.0214045539501058	4.2491758745896728
1877.0910571346071265	4.2395775309264421
1880.2436601841930042	4.2339590274944054
1880.6889654138312835	4.2254208398176631
1881.3683377635381930	4.2357612398841633
1882.3347949677213364	4.2328570854156782
1882.6160647773615437	4.2230733400591420
1883.8000071930637205	4.2339510993733223
1883.8997926505192027	4.2170115326284252
1884.5757122263100882	4.2193695010679306
1885.4290104699109634	4.2283814752924433
1886.0370964430076128	4.2119495711688364
1886.8140322989997912	4.2212024153949903
1887.4722939608775505	4.2189871858863146
1888.9306370365798102	4.2107223870519812
1894.5621813508550986	4.2040602933201434
1895.3308664343933287	4.1912936578426381
1896.0960253786836347	4.1888539571434231
1896.3816407083611466	4.2043095461347448
1896.5061414431645517	4.2021148530298520
1896.5950549327053523	4.1853803097063134
1897.2693212365329600	4.1902587787643526
1899.9762640830570035	4.1930455010832404
1900.5548696217447286	4.1773308837551255
1901.3661310080829026	4.1867608118873232
1902.8139233216177217	4.1749148270873189
1905.4693608314530593	4.1791220390399841
1905.5607077729221146	4.1788482077315114
1905.9700176917167482	4.1646233279329099
1906.8694261892433133	4.1744347143900180
1907.8909245596717028	4.1610550516676232
1908.7319884619894310	4.1585800448752188
1908.9773131907252264	4.1737918592313097
1909.2212278732115465	4.1567268193932474
1910.0504972870876372	4.1619894531308672
1914.5250353353617356	4.1587358190327040
1915.1831549942301081	4.1446212823027979
1916.0829471504271169	4.1553463027603543
1916.7160873292007182	4.1394902994661553
1917.5914515381050478	4.1489179346151062
1919.4028388421290856	4.1393283829126082
1925.3881925407877134	4.1355898210742446
1925.9373225247099981	4.1209456351866542
1926.8067527207290368	4.1310268930502714
1927.6832865059993765	4.1170061808588745
1928.6373614067547351	4.1276342360573866
1929.3610002682012237	4.1127754323229464
1930.2938706128077229	4.1227252422618639
1931.3787754257116376	4.1105785623225595
1932.4894383422192732	4.1222373579062577
1932.6591283822297100	4.1056873603897817
1933.3193310214967369	4.1100039230870280
1934.3541813084627847	4.1190957987698207
1934.6350451918890485	4.1030474675954931
1935.3142551916191678	4.1073219380952795
1943.2775579132980965	4.1016521266077834
1943.4828840082777788	4.0855663463898786
1944.1454291216100501	4.0884859357041874
1944.9987183741054650	4.0982479135975423
1945.2551972309722714	4.0817960893125997
1945.7941150438082332	4.0847397022794762
1946.6597325820273454	4.0941781270087505
1947.0420218309664051	4.0791108762686248
1947.8136254687949531	4.0830974385978287
1953.8738544319787707	4.0811742887716971
1953.9984004825316788	4.0649366193002727
1954.5695976628749122	4.0666741249739360
1955.2771410809782537	4.0761441139441468
1956.0826564546268855	4.0609782021217544
1956.8932144888779021	4.0708458430344869
1957.9218028707134636	4.0585190244615292
1958.9498465449676132	4.0700988005659147
1959.2465339469497394	4.0534203523785770
1959.8751496502172813	4.0600013041238272
1966.7673949690054087	4.0474409398779327
1972.9714564068603977	4.0348671227830861
1973.8218916550163158	4.0323764059665175
1978.2941730247873693	4.0322114005612768
1978.9470286984919767	4.0309975772167403
1979.3640948431484503	4.0201934409118305
1980.3607109209649479	4.0313698718996669
1980.6465075059923038	4.0149123860513249
1981.2702281756121465	4.0221846297844372
1985.3849877766961072	4.0142462883480450
1990.7190122241493100	4.0039690142306474
1995.4909267066332177	3.9995655997788533
1997.1754862033826612	3.9940722109625391
2013.7593645111160185	3.9635321043870251
2016.4408073212071031	3.9702038090430203
2016.7035944531016867	3.9561566972266990
2017.4731275010049103	3.9652061140863419
2019.3826195182014089	3.9575518136198218
2029.4593110050470841	3.9368020904098757
2031.9437235806581157	3.9455052120389134
2032.8330209315590764	3.9321023061418567
2033.7735687582569426	3.9421667329635004
2034.5566106602698255	3.9287488745229777
2035.4466597975199420	3.9383173955814410
2036.5987274040360262	3.9274620814065559
2037.6856349129411683	3.9393413607294265
2037.8031686501421973	3.9237369860459705
2038.4982118903458286	3.9262466616628617
2039.2252572949653313	3.9348791230680673
2039.9303375858119125	3.9210276988409603
2040.6948521920867279	3.9302465288980954
2041.9007554080903901	3.9196305739392931
2044.4759837074254847	3.9253354101601898
2045.5603549886218389	3.9148895058261868
2048.1413815038035864	3.9229786537136677
2048.4476630458552791	3.9089592894790726
2049.1983022861581958	3.9139971043256616
2053.5306912080127404	3.9054920598566785
2057.1782513809534976	3.8943118616907153
2058.3947647417148801	3.9064515239169801
2058.6958828813394575	3.8907111964520045
2059.3606821172579657	3.8984373101411136
2062.8732789189530195	3.8883901826089375
2065.4736022310694352	3.8949236398022671
2065.6267039901908902	3.8947833856720795
2066.3226492568455797	3.8844655465322933
2067.2771297950707776	3.8960457497299203
2067.3972639736898600	3.8811360705338185
2068.1706548790252782	3.8825368479348108
2068.6932997681328743	3.8906965515663012
2069.7052347481130710	3.8789916232693109
2070.6252247524598715	3.8897396132310225
2071.0423770322618111	3.8740758973165850
2071.6695598942574179	3.8817243978185609
2074.9352050140114443	3.8696719111119284
2075.8740463925569202	3.8812531026677348
2076.3051136153576408	3.8665647061707284
2077.0570350526363654	3.8753345371342505
2079.6691654191331509	3.8600998069366943
2080.4725396805620221	3.8698885858851706
2083.1964221279595222	3.8554902348728599
2084.0459861705953699	3.8653000428472466
2086.6261489022003843	3.8499148409699955
2087.3634567875192261	3.8591008849605593
2090.6096845036972809	3.8488650392421371
2091.6708903298012956	3.8605885716909425
2091.9609580419255508	3.8451114337600809
2092.5748628764899877	3.8520835846799466
2099.4185746463567739	3.8358845855449224
2100.3517091761768825	3.8473790657320732
2100.9152003104209143	3.8342190014987154
2101.8149382558494835	3.8438364231795923
2103.0782520221673622	3.8341602387735603
2105.7467585805875387	3.8418098744657923
2106.4284142748756494	3.8283378409250437
2107.1987542775736983	3.8378938430647742
2108.1697420239038365	3.8264123938002155
2109.1107149724589362	3.8370329287294740
2109.6475421370619188	3.8229314047372149
2110.3660382780044529	3.8310796463469066
2111.4758101589800390	3.8303742796984253
2113.0958953994786498	3.8159040955576597
2113.7839915679182923	3.8246278993668850
2116.9369548531367400	3.8145465692399272
2117.9654226891684630	3.8260356854816524
2118.3478749675327890	3.8113750689355026
2119.0616675303554075	3.8193134352671416
2121.8859535568158208	3.8059406815332073
2122.6327539502949548	3.8154639037215170
2125.2973651714355583	3.8013632355783935
2126.1681971462362526	3.8109285877709036
2128.7768274468335221	3.7962301145876585
2129.5292054144101712	3.8053449765907277
2132.4301694422597393	3.7936340434055502
2133.3169922267261427	3.8039756371301636
2134.4554376975529522	3.7947574055514242
2135.5900042387906979	3.8065614476772041
2135.6916021968768291	3.7918448327284251
2136.4268152280646973	3.7938403499303170
2136.9929562566994719	3.8021486870939936
2137.8460507490881355	3.7897945583856960
2138.6256179302176861	3.7991664230003330
2139.6570878457923754	3.7879874522448262
2140.6478260438425423	3.7986613242366642
2141.1000937532917305	3.7841826931707945
2141.7820043614128735	3.7923289024393614
2144.4909538508886726	3.7772211496985948
2145.0790005218696024	3.7855678210013042
2146.9965819298527094	3.7852780124275349
2149.3848693631612150	3.7811525962163306
2151.5816318906431661	3.7706592538575481
2152.6479753465841895	3.7818181094243748
2153.4725719687830860	3.7709316753078519
2154.4937658588846716	3.7813624696737729
2155.1797867631685222	3.7682519823209062
2155.9976190534507623	3.7773969897234587
2157.3785612282645161	3.7689269577257840
2160.1932176990521839	3.7778711937798426
2160.3841592241856233	3.7635395796301330
2161.0033509408799546	3.7681215285663092
2164.4636866080941218	3.7598543062652903
2166.9372571580342992	3.7674745715828197
2167.6889294303050519	3.7562037726548452
2168.5224420534045748	3.7663670831114007
2169.0848974194432230	3.7523341533951435
2169.7556008966280388	3.7608406320344394
2171.7338528511950244	3.7553609075982748
2175.9532364459400924	3.7428058689079395
2176.8716785372771483	3.7527357445142977
2178.6123005881263452	3.7476351939112789
2181.4762252152249857	3.7399656269538277
2184.1800577483254528	3.7493246553756445
2184.8568920467141652	3.7365644633593456
2185.5847897553285293	3.7456009135888411
2186.7729375817252730	3.7357611641870396
2187.7771547684233155	3.7469600029720684
2188.0174607912458669	3.7336378664172369
2188.8843803385602769	3.7375124996739859
2193.6307200845808438	3.7253409664762653
2194.3170148151230023	3.7356902821034672
2195.3225185364167373	3.7263328925627284
2196.3962683525855937	3.7374979630971552
2196.7279325506256100	3.7237745246562781
2197.5322098514707250	3.7290214284642662
2200.6787672556151847	3.7197633341223186
2201.4627898884218666	3.7309397114062355
2201.9250850124885801	3.7171600797234317
2202.6005655715157445	3.7249761245164632
2205.2468798061022426	3.7113532049830535
2205.7641359986746465	3.7187198868114280
2210.7198306301156663	3.7080201406047402
2211.5482062637238414	3.7178897443268117
2212.8087940088907999	3.7098267219128171
2218.4778361950088765	3.7059067978096674
2222.4379871013279626	3.7047454119456309
2223.1964936073709396	3.7000326732292685
2227.7734941289277231	3.6903448138747428
2228.6113480159256142	3.6997422398239355
2231.1755553566144954	3.6976933169910571
2231.4652874620214789	3.6895481753915691
2232.7443784852339377	3.7014227321807929
2233.0156610314525096	3.6867477681372458
2233.6300311583786424	3.6939829752157030
2236.7498637167095694	3.6833750249672055
2237.5283504709395856	3.6929963777126926
2238.8995531151686009	3.6857195421394526
2245.3456231049817688	3.6759437901693315
2246.4580797319263183	3.6871369348338829
2247.1386643829682725	3.6748149583292453
2247.9888463128472722	3.6837874596783009
2249.4297054878857125	3.6763957105705765
2253.8343887049154546	3.6657329793256950
2254.3371850964417717	3.6733079685225420
2259.1069615611136214	3.6638717254852571
2260.2555457301855313	3.6755861428518712
2260.8345564188171011	3.6621600755221642
2261.5150551741971867	3.6700975702503307
2264.1584699070581337	3.6570095856204041
2264.6170483949108529	3.6634411158808042
2265.8736316124254699	3.6734195713434419
2266.1096862367230642	3.6597748003946071
2266.7857118432289099	3.6642778133058793
2269.8588348588627923	3.6551110072078687
2270.5173153402770367	3.6649611410080682
2271.4973869657305841	3.6553456816691221
2272.4610848134830121	3.6661289323723620
2272.9270235016779225	3.6520771311231317
2273.4680301354615040	3.6594737179204686
2276.1309297876837263	3.6485088638074865
2276.7546647989593112	3.6524756745714382
2277.5798310806362679	3.6615110963153006
2278.2819617976010704	3.6493582653341758
2279.0424196989929442	3.6583454592605218
2280.1853914907278522	3.6489029273321147
2281.1297955626860130	3.6596750863592145
2281.5323175098419597	3.6464059317283013
2282.2488922755755993	3.6521898298868667
2285.2219395312486085	3.6424002560905566
2285.9404317112534955	3.6519805074347245
2287.1908225841984859	3.6442027846482765
2292.5248233232068742	3.6395617285587640
2293.4377190652771787	3.6512529306468426
2293.5794305245135547	3.6368306797525412
2294.1630416211046395	3.6409311926694672
2295.1264584810555789	3.6498184966932223
2295.5371880884540587	3.6366680243157989
2296.2033083786182033	3.6422958741452582
2298.8452638122039389	3.6297991486614598
2299.2454033787148546	3.6369757285251110
2302.6455065696059137	3.6311651081492169
2303.5739163840539732	3.6420783986161873
2304.0134397725100825	3.6285066065489677
2304.6952688393284916	3.6363667548129501
2307.4484969010195528	3.6264479396876825
2308.7507063122338877	3.6385459350699025
2309.1627318015680430	3.6258277824790852
2310.0016558189222451	3.6307435124368439
2313.2936474628686483	3.6240235660220126
2314.1198500822538335	3.6351904286056693
2314.4140719971187536	3.6209541936290401
2314.9754364081586573	3.6268580563646911
2318.3770578727726388	3.6196865774387454
2319.2267592747484741	3.6305126737904501
2319.6999916572840448	3.6174030978442433
2320.3834644525118165	3.6253125826653734
2322.7422224714505319	3.6229853612374034
2323.6782660680783010	3.6180226707455030
2328.5130544929243115	3.6112377811559733
2329.4608168253271288	3.6216592115906145
2330.3211901080526331	3.6114144078469947
2331.2564868395902522	3.6211063864706405
2332.1086455629865668	3.6103985864798425
2333.0091481677955016	3.6204799448036535
2333.6911209809227330	3.6086205887868728
2334.4404955213062749	3.6174715463629159
2335.6980175052622144	3.6096926870103054
2340.2934332980617000	3.6022352385778307
2340.8346512688030998	3.6079874815419668
2344.2420436685383720	3.6032578166108622
2345.0844629024318237	3.6143128897922390
2345.4183779678905921	3.6016087874961955
2346.1926084729871036	3.6066869700891750
2349.1828757024209153	3.5982440652321142
2349.8685515521929119	3.6078495544352194
2350.9155113772530967	3.5992169771146716
2351.9093714231112244	3.6098273978168467
2352.3785409764636825	3.5962609730722508
2352.9802199175719579	3.6037263123341190
2355.6806515889416005	3.5922765846083293
2356.3458460190763617	3.6006574839079679
2359.2358528060112803	3.5901417896835643
2359.8385065460633996	3.5981199590947406
2362.0916644675721727	3.6005586839919328
2362.8600447143244310	3.5946115107834506
2365.6132948104741445	3.5940910776938466
2367.8476029749554073	3.5864705242601955
2368.7977306601687815	3.5963818345041831
2370.0487559017292369	3.5888999920786682
2374.9308971936584385	3.5824624259918352
2375.5720579603962506	3.5909639375676243
2377.8200564958337964	3.5895264103054991
2378.5811838295180678	3.5835888105988167
2383.0764565116310223	3.5766301265856111
2383.5412646492363820	3.5819965486165328
2384.6568992494230770	3.5919330957591331
2385.0784918068325169	3.5786186424379709
2385.6296512921630892	3.5859387833317071
2388.1683543520202875	3.5848460017061599
2388.7084669960163410	3.5778401167831637
2391.7733719667680816	3.5890705849183546
2392.0978151580761732	3.5754672182598606
2392.6273884757379165	3.5828037181019767
2394.7766706993816115	3.5800227725267817
2396.7718138543036730	3.5799272706363801
2397.2156835445566685	3.5727729685432865
2401.6774215054892920	3.5784016707899209
2403.4290224290452898	3.5670354341235453
2404.1124005870428846	3.5705648884023282
2404.8434957800418488	3.5788796693028750
2405.9804736807222980	3.5706257453421864
2406.9151806662093804	3.5815931647235519
2407.1970097907378658	3.5678646089347636
2407.7350785664225441	3.5726373190041110
2410.7194252535414307	3.5647731016205295
2411.2092948503832304	3.5727585216320934
2413.6652772536717748	3.5728224482956721
2414.1484136636286166	3.5652448116213025
2415.3830465856103729	3.5775692352259929
2415.5802974318239649	3.5637368287327167
2416.2036836380989371	3.5692539264563141
2419.1020605221269761	3.5607240735071506
2419.5977580833396132	3.5684599097279763
2422.2281591377268342	3.5611873918945562
2423.3312481548505275	3.5683910679538950
2425.5587741380400075	3.5672794051360741
2426.3074036630951014	3.5618691899094976
2430.9252577308106993	3.5545926782833721
2431.4466584038955261	3.5617931304791934
2434.9896372038624577	3.5573690389724164
2435.9195490074685040	3.5682551947842032
2436.3567725050133959	3.5550693793631991
2436.9774783303605545	3.5625627918526162
2439.4073397916035901	3.5619236569469237
2440.2004656127373892	3.5560947600094561
2444.6393643199307917	3.5603608871353529
2445.0631951375617064	3.5529682386864052
2446.3305112892135185	3.5655291767569581
2446.4744614720257232	3.5532313750404061
2447.4320581540500825	3.5576911094071741
2450.3583411757012982	3.5509440633215519
2451.0968626905123529	3.5608637460953756
2451.8892878432407088	3.5508531486330459
2452.7903054435964805	3.5602280655131198
2453.7332928045384506	3.5508515353598677
2454.6594023480174656	3.5608442816259047
2455.3122870971333214	3.5490579536080178
2456.0252275158927660	3.5575318364196868
2457.4703294191517671	3.5513768604464313
2460.7078192143758315	3.5481812856216499
2461.6143280379178577	3.5589520801975341
2462.0838841671911723	3.5466265525369303
2462.8103618142067717	3.5545124609231724
2464.6408183366056619	3.5510435785864938
2467.1497930659907070	3.5430999057064128
2467.9052972544395743	3.5516342822154456
2470.5363034113579488	3.5428434805099736
2471.5465784136213188	3.5532029619618233
2472.6869343609550924	3.5450779108188319
2473.7261493665096168	3.5556939353352015
2474.1922388331008733	3.5432154157124329
2474.8711414350796076	3.5508821933465997
2476.8718849632332422	3.5480839051733253
2479.1252545381730670	3.5390798346140602
2479.8253807147516454	3.5469941773128264
2482.8032573594214227	3.5398178257753541
2483.5947006282017355	3.5485883180838509
2485.3010944928914796	3.5447954298044024
2487.7836953028067910	3.5376934091847736
2488.5680010082537592	3.5462532959440964
2490.5506732711351106	3.5443776856274685
2492.9538602657503361	3.5373551640460423
2493.9104647620865762	3.5462395390414678
2495.7059005083674492	3.5426597700501832
2498.2342098559656733	3.5385916750051778
2499.3194870848774372	3.5458803699212864
