0.0000000000000000	0.8619000000000000
34.1361230338868467	0.8609000000000000
35.0316058797910372	0.8618822953411687
46.2826740958388001	0.8609296735664909
47.5387376592583593	0.8618649511983452
65.1418974306655656	0.8650097569667472
65.2486801423979585	0.8619325167015760
132.1141529525252452	0.8619919131991656
500.1700617426053554	0.8634005097403639
500.2817164344995149	0.8668614380822421
500.3741937246265366	0.8774660200660199
500.4477088237201201	0.8955716474229927
500.5070218561155002	0.9193754376424660
500.5630550763571591	0.9520303089477181
500.6128134864366643	0.9912267240284109
500.6566698221993761	1.0352680267877774
500.6967384882771057	1.0845757821259818
500.7399607437770896	1.1489084264213802
500.7815406591334408	1.2232059794041532
500.8219333455515994	1.3085852039605730
500.8612274018206563	1.4056771894605777
500.8998729235796077	1.5163245691260197
500.9377660591101176	1.6410789301025794
500.9751838611202288	1.7819861723993775
501.0121693120466375	1.9401717133265777
501.0494715515034159	2.1213505827183292
501.0861566780612293	2.3229010472211207
501.1158633954890433	2.5049109111965855
501.1487366573267650	2.7294061051811793
501.1500518699542681	2.7371618731431098
501.1850065102020721	3.0027447370964078
501.2190346297380756	3.2907607293177064
501.2555319901206303	3.6361746965379003
501.2921376264865216	4.0243549120749336
501.3286155728895892	4.4573480013755349
501.3649109992121566	4.9392174146952517
501.4006320442863398	5.4686135468301336
501.4338496119246997	6.0144982716912647
501.4686098703566586	6.6471574171860608
501.5048709740443655	7.3804313719203867
501.5393637376584479	8.1552355705436739
501.5748233883167586	9.0376877895767613
501.6117212736972419	10.0574840874515754
501.6490212906589363	11.2053174951067724
501.6799696304214535	12.2539280387293186
501.7152018528306030	13.5724495438570649
501.7322112670968295	14.2424453875734240
501.7643316643417961	15.6159350935627046
501.8000081772653971	17.3000353203147057
501.8193952385447005	18.2660031025350449
501.8565879556568916	20.2872009899796417
501.8954785871871422	22.6184947601540500
501.9361890735313523	25.3170208719050827
501.9702175439938969	27.7917083280237094
502.0112171930686600	31.0684055903091441
502.0214264300075797	31.9157643189746487
502.0572559293897825	35.1085864358751394
502.0979829044707685	39.0801434206909164
502.1318862247222228	42.6397088310601049
502.1697809990067185	46.9553440323358942
502.2164534432307619	52.7522436926943499
502.2634305256937637	59.1522126325587081
502.3109646165638082	66.2410693536939021
502.3627160354983516	74.6868041395457567
502.4153093016561229	84.0745012612289457
502.4698153101102776	94.6894730505924969
502.5271918068964965	106.8457322079415377
502.5849762570231292	120.1079939716409655
502.6512786627828859	136.5903071172696457
502.7329278638904952	158.6089089441079238
502.8336744601192549	187.6838504002862464
502.9737852461529428	229.1761930056798633
503.0989372339662964	263.9107078793539358
503.2023777856051652	290.3097394947340035
503.3138302020832953	315.9981479148290191
503.4119028009912995	335.8790174440062515
503.5311048392438238	356.5129119993036966
503.6559914658077446	374.0012049431852006
503.7967801745501788	389.1467341393688457
503.9713239602264707	402.7405399057773252
504.2081108115630741	415.4526006919135170
504.6399276857047766	431.4056810401003759
505.7983343624032386	464.1312989340598278
506.8120533059811805	488.8141613638904914
508.3169548816057386	520.0845278450777869
509.9056232641071347	547.0981870041457569
511.5622689024218630	568.6511921486826395
513.2271081596356908	582.8476051698335141
515.6858153112277705	592.2958643165482044
519.9362965021728087	596.4272401020449479
526.2962397801582028	597.6546569689263606
531.3459889520179331	597.8315431557861075
539.5050920357849691	596.6857227875157150
545.9273549764699283	591.1247539593911142
549.5705754322816574	597.4886689354120790
552.2713685702461817	597.9346729203185760
559.4310220958434456	596.0597788414919478
561.1134562353153115	595.4444168420968708
562.4438307700837640	594.6841523706360704
564.3911924680671746	594.1895933896723818
566.1240936695700157	591.5310364786298578
572.6245685641129057	597.5866503901974056
582.2069205810238373	596.6341846126649671
584.3220712918167692	594.1950539939019791
585.8192184783955554	594.1872455477284802
587.7774905309277074	592.3294936393868966
590.4929384327349453	595.2281019522727092
592.2463215570422790	596.4257188366788114
594.4599105719343015	596.5458336635650767
600.6392314965768264	597.3391545509023217
608.5195625914630000	593.1247443693240484
612.2912733653195119	597.3613353349270483
614.8166659529371145	596.5840083169551917
623.6090945925502638	595.2176280494679759
627.3759895492124770	594.8063030420173618
629.6398791064173110	594.2998156404972860
632.0680139436843774	595.9538214288568270
633.2980462874186287	596.4196882649068812
636.2666442912122875	597.7267048632696742
645.7309848852247569	595.7240995504716921
646.9746711418044924	594.2648214162942395
651.1127063797520123	595.5321317219561479
652.7128981430342947	597.3923821939952177
664.6885735894582012	596.2957263281956557
666.5182238069340883	595.9443503905536090
669.6914105198441121	596.3849766162352353
691.6085555639928089	595.9558688176763326
697.9866160495763552	597.5078631963178850
705.8636749814912719	595.6194529388485535
720.3037239330667489	597.3511103963602409
733.5737717436044250	597.3753078865130419
794.4441637370772469	597.7978591399308925
1014.0900411599242261	596.0089727173207166
1016.5963471812020771	594.6160727404255795
1021.5508254344018724	587.2383327239144819
1024.1187087231949135	576.6042812323244107
1026.0346573334231834	562.3596729852577027
1028.0862129681454462	540.6141225135760351
1030.3626079747475615	510.8060642794604291
1036.0658326456141367	427.1479976107984271
1039.6493051925654072	370.9704770415604003
1043.4610280245406102	306.6525069016323641
1046.1675074216429948	258.6323337264450970
1049.2346396570492288	201.5862131581393726
1052.7217645363050451	133.9117523765847295
1054.4314367766339728	100.4041659842661574
1055.7155085627530298	76.2606914004505683
1056.6244823468327922	60.0117751116188956
1057.2552134499937893	49.3826065058434693
1057.7586150429235659	41.4435930194594562
1058.1891476125872487	35.1307884000495179
1058.5027363317487925	30.8770127755518189
1058.8034739646309390	27.1081730115953832
1059.0418242242840279	24.3682037630544528
1059.2774296513869103	21.8882532809433883
1059.5214855111564702	19.5664031822198936
1059.7581573179697898	17.5700323714500826
1059.9601872184841795	16.0627523262705196
1060.1708849680219373	14.6841679808063112
1060.3752290964966960	13.5275561482977551
1060.5885327979126487	12.4965196736705284
1060.8100725405411140	11.6007510418384125
1061.0138882413370993	10.9144214072573611
1061.2260151262369163	10.3227915198666373
1061.4263716065056542	9.8682895298438424
1061.6564291085517198	9.4519019090048104
1061.9646647133652095	9.0182997052568901
1062.2559958575352539	8.7143463706341695
1062.5921676573011609	8.4565647923944152
1062.9787071105658924	8.2454279150789667
1063.4761031750799702	8.0821588013909960
1064.1497811570995964	7.9350968204241159
1065.0672227450961600	7.7933477984003448
1065.7188785062292027	7.7512638023065756
1067.5387021186866150	7.7156641176816896
1067.8203231967752345	7.7354159584658966
1068.7577821524987485	7.7431115331997162
1069.8844799261512435	7.7618954020950071
1070.2033722008975474	7.7545832428490185
1070.9161601784842333	7.7398236513279066
1071.1452729142681619	7.7557622900766363
1071.8412629558324625	7.7671762916356171
1072.4559937400870240	7.7698977883137275
1073.1087726914606719	7.7680756613170026
1073.8267156483241251	7.7631843576517507
1074.4652481741054544	7.7543468993455233
1075.1848335728768689	7.7444204947681392
1075.9016641598063870	7.7333854943132270
1076.5952836047865731	7.7217911088909847
1079.6084674012577125	7.7824982656057262
1079.8640404163693347	7.7765097179281844
1080.4885929679219316	7.7927648736368109
1081.1568032090131055	7.8069779471732623
1081.9038067979108746	7.8198484449916226
1082.6089270557886266	7.8258725619986373
1083.3236287106558393	7.8267954201727896
1084.0644119569062696	7.8234275787281451
1084.7963423736462119	7.8157688542386659
1085.5288157370453064	7.8050327475851011
1086.2388583037152330	7.7915462771998580
1086.9997553199295908	7.7768242659993092
1087.7110055137193285	7.7610449376014250
1088.4679362500075968	7.7447052138772960
1090.5925035272268815	7.7774960082405560
1090.9628360400888596	7.7785631896529299
1091.6860585910019381	7.7990683909496097
1092.4497842243608829	7.8139780766683451
1093.1973541832560386	7.8206365034512872
1093.9420335730476381	7.8201210466703674
1094.7524744433765136	7.8147346437628720
1095.5166002716589446	7.8039960484861126
1096.2697020495349989	7.7889480154817878
1097.1464614125145545	7.7712442034653746
1097.9093716743375353	7.7523229769577382
1098.6765901122221294	7.7315109158460968
1099.4938795126186051	7.7085332540994438
1102.0409464537167423	7.7196936739323290
1102.5925265430012132	7.7254536135037544
1103.4704556833582956	7.7418159779658069
1103.8883202548529425	7.7370512305755836
1104.5372945883652847	7.7364324687777586
1105.3587631498562587	7.7332405222273319
1106.2256149893755719	7.7210001576624592
1107.0938356137635310	7.7013327911839502
1107.9392692672388421	7.6773252793783628
1108.7961213239198059	7.6505530208143728
1109.6548393794880667	7.6224521929292344
1110.4801899610661167	7.5937041193816590
1113.0026515931190261	7.5834576146104951
1114.0270301109933371	7.5993962060853795
1114.9848435577612236	7.6057878161659040
1115.5134107294215937	7.5947492332001030
1116.2250749769616505	7.5820826563018588
1117.0783165574673603	7.5636676552060385
1117.9882688273144140	7.5365112188101362
1118.9559209161161561	7.5029555082013282
1119.8638789237807032	7.4682867272394589
1120.7561511306162174	7.4326978182750292
1123.3139507708431211	7.4034955713099446
1123.8810389356744963	7.3988747259214289
1124.5102789461122939	7.3929331773839913
1125.3272777438721732	7.3850488798708618
1126.2848657119061500	7.3703478474822628
1127.2877384290388818	7.3466458687968883
1128.3131646454182828	7.3154151231171740
1129.2378948249433961	7.2810132154191853
1130.1877877060294395	7.2418784830748155
1131.1424603685622969	7.1994674456664498
1133.8575806080748407	7.1473974615105504
1134.7395089321894375	7.1432243054776725
1135.3168700523760890	7.1275184810733352
1136.2505373508452067	7.1081750219137989
1137.2269826426008876	7.0800273455961937
1138.3294700158653541	7.0420566560905229
1139.3514496837997285	6.9996036680306197
1140.3810588991830173	6.9526082782334155
1141.4257381492707282	6.9018809385017041
1143.9866143336967070	6.8363359962779660
1144.4878112686767508	6.8283791616925562
1145.1493741782694542	6.8191964401186613
1146.0108388309042766	6.8033818265201376
1147.1078908132296874	6.7674901529053608
1148.1560160644216921	6.7251244882823302
1149.2533865898103613	6.6742951250583147
1150.3641260544043234	6.6171104449639504
1153.6129851191124089	6.5019392704524144
1155.0574974196811127	6.4650355767433352
1156.4368497510495217	6.4299529841016545
1157.0191864611083474	6.4050565235889678
1157.3823897230433886	6.3790611909395967
1158.3739663406190630	6.3344975922499938
1159.5114407893115640	6.2786220510611237
1162.3872742951537020	6.1756265472254954
1162.8201988659791368	6.1800205218962203
1163.2955934745932609	6.1568884954768688
1164.3346747701007189	6.1225453795776170
1165.5052779810098400	6.0727221952046699
1166.7275821023170010	6.0150965716770095
1167.9167748068864512	5.9531076994022429
1170.7282134464649062	5.8464854910620039
1171.3094792579258865	5.8314730175167329
1172.0223860164962844	5.8112470518331589
1173.0711680315230296	5.7738313244746680
1174.3281256150844456	5.7173127653200115
1175.5159169139101323	5.6577643002063223
1176.9336137750269700	5.5903080024502101
1178.1615081521458706	5.5506111716093320
1179.8730375870657099	5.4897678579695395
1181.2697938724024880	5.4419184645565810
1182.0360927851709221	5.4077896821559976
1182.5438226370936263	5.3756424546601815
1183.6902833726924200	5.3182518225446520
1184.8198285807839056	5.2832130457838886
1185.4637861675835211	5.2552709091238921
1186.7102132960451399	5.2200257433100177
1187.2345597100863870	5.1986304543343680
1188.4762987388794500	5.1589372558105522
1188.7487358239964124	5.1379349500686020
1189.9191373467945141	5.0862274148788114
1191.1499540879015058	5.0297871354523149
1192.5220837420097268	4.9823389352062328
1192.9054995432563828	4.9779666553297126
1193.6130613080986222	4.9544169697117537
1194.7176031039728059	4.9166680924156925
1195.9718778043963994	4.8592733458157227
1197.3151416596735999	4.8007686397073233
1198.5759911833699789	4.7610316927650462
1199.7067510785982449	4.7144521240869288
1200.9596799546618513	4.6678173767256483
1201.9324971253229251	4.6277143542927490
1203.1824937055487226	4.5830182990968353
1203.3976683992391372	4.5621787908168718
1204.9845220747513395	4.5150315384850117
1205.6098067719105984	4.4928431095350332
1206.8859816650231096	4.4599021270075836
1207.2226029442597337	4.4399931320805122
1208.8475878439112421	4.3768671263960028
1210.1613059448341119	4.3217505134923995
1211.4546186711424980	4.2780945625193372
1212.1611520012229448	4.2604301758409022
1212.9497991256066598	4.2441560909928988
1214.1380789663248834	4.1935932191252743
1215.7281610988875400	4.1353048901681566
1216.7816763083897058	4.1041185197793322
1217.8320804368431709	4.0733373921042135
1218.8190287769671158	4.0342760919062961
1220.1516279039869914	3.9841035114779584
1220.9768677319752896	3.9467625242534266
1221.4164866016978976	3.9345650322740466
1222.2766217584292008	3.9093721552170901
1223.5470637187456759	3.8815715437140974
1223.9933961990398075	3.8617850100601689
1224.9153838483400705	3.8356159329763404
1226.5907281117738421	3.7675674954484144
1228.0897022380211183	3.7271346631767184
1229.3779148476810406	3.6980202610688870
1230.0267936073989858	3.6780029699201431
1230.3943653796313811	3.6606126331926157
1234.6405503026985571	3.5254565168385601
1235.9254492738966746	3.4847102364925697
1237.3981886952487912	3.4462023510247755
1238.6459590838594522	3.4156285950965546
1239.6991024311398633	3.3899517957735208
1239.9457661663825547	3.3737178438206690
1241.2708072370855916	3.3358439230837247
1241.8468109157797699	3.3101479504311215
1243.2995630986567903	3.2702711722874143
1244.0336438806909882	3.2618811849822662
1244.9667580650302625	3.2383608206167001
1247.0000759335462135	3.1739839973493242
1248.2190362679953068	3.1437048207419855
1249.4465709560236064	3.1216703636643759
1251.4962667897905249	3.0631158438733657
1252.1755291244885484	3.0357965845215422
1254.5225681029837688	2.9866903621700391
1255.3271398734509603	2.9663954719989856
1257.5482297973387631	2.9085700264867094
1259.1338851024133874	2.8764155475186728
1259.5632390375221803	2.8589145705502634
1260.8993054606114583	2.8303387967633520
1261.4051772337247712	2.8131822542700968
1262.9467891645217605	2.7759501244268185
1263.9266133733001425	2.7550395926566322
1264.9797362259546389	2.7411938952077439
1265.6466570286961542	2.7232264233119867
1267.3562775639768461	2.6786289764485440
1268.5676491448923571	2.6525397939622790
1269.5814774502773616	2.6307779926159509
1270.2701923179670302	2.6214292875526422
1270.9755672084500020	2.6023478629831525
1271.7302224729507998	2.5868684808405642
1273.3062287995699080	2.5601652290291148
1273.9170188858902293	2.5434906650811735
1277.4119299034014148	2.4712171743412759
1278.8844136994225664	2.4451761264499581
1279.4040088094648127	2.4300132619243398
1280.8038569799632569	2.4069022115456962
1281.4658348812993154	2.3926931215917224
1282.9176107657915509	2.3650785658320155
1283.5401692159005052	2.3457493513988479
1285.3396829272321611	2.3146849428670921
1288.1369445691764213	2.2676553614081336
1289.4803285329462597	2.2453960577426710
1290.4517084208855522	2.2293086156822191
1291.2693999704201815	2.2156786648631868
1291.6979540903696488	2.2059056812075788
1292.3993996013291508	2.1905143930599036
1293.5854116036794039	2.1759819422643902
1294.8440727296317618	2.1488193900517465
1296.1260118631041678	2.1334631020412345
1297.0379409517956901	2.1201528323942256
1297.6221690790985122	2.1069243831046625
1299.2150625512488205	2.0809100550697832
1301.0594683019030526	2.0563052391005132
1301.6344434338279825	2.0473502145570235
1302.1032914204420194	2.0349263694684105
1303.9004619361567165	2.0145407455863809
1304.5120349565372635	2.0028187605416043
1305.1696064185584873	1.9867847423052589
1306.6996096362570370	1.9640932575914871
1307.5555317418738923	1.9587921675497229
1308.5470208122378608	1.9446096882767956
1309.0119449344992972	1.9369335463749917
1309.7728455189455872	1.9222390786991188
1311.0430490904916496	1.9107083459885239
1311.6231142731508044	1.8966623775174267
1313.3944260081398170	1.8717214336571661
1314.4922692661793917	1.8562782684680570
1315.6143860828856305	1.8483764864894325
1316.3983468122628437	1.8393351207429776
1317.0358181017365951	1.8256545926728744
1319.4244516680707875	1.7977759260038551
1320.2823997722673539	1.7854202119692448
1321.2989758419209920	1.7745945797253420
1322.3049009158037279	1.7633041786853048
1323.0339608267552194	1.7508004917789819
1323.9869578445964180	1.7407382378451333
1325.1601037254019957	1.7286907937675067
1325.6438665898922409	1.7218540794203328
1326.8180476713307598	1.7057341412623190
1327.6913711981226243	1.6937433076551094
1328.6900357530814745	1.6858661303895821
1329.6037575147702228	1.6809239866456911
1329.9951825080897834	1.6756823383221262
1330.1043590266847332	1.6698866677576238
1331.4408730762693267	1.6575229490520749
1332.3203924253305104	1.6461555400909056
1333.1841560019151984	1.6335057360484972
1333.4205541038370484	1.6326809552852739
1335.2378373527676558	1.6164552915948134
1336.8363847956256905	1.5993181160104213
1338.0759450970813305	1.5843068641191689
1338.5030456395384135	1.5821479947653203
1339.2120395397685115	1.5758794373055218
1340.3945169951753087	1.5639004319465695
1341.6374482706658000	1.5509103266139299
1342.2937143331837433	1.5464064689753108
1343.2406534727415419	1.5354044122212591
1343.7327661626895861	1.5324621750571799
1344.6463529927300442	1.5224338361877248
1345.1946394388844510	1.5193989940480432
1346.3276812190747478	1.5066059397394866
1346.8453514395428101	1.5041567580000792
1347.9910403957028393	1.4918006950081204
1348.4740141740594481	1.4903282048568636
1349.5216063983007189	1.4800500810803645
1350.4418250159305899	1.4717253142224003
1351.2187455558698730	1.4661949721155392
1352.2842569623740019	1.4580712020873159
1353.1373602541739274	1.4508933754463942
1353.9721750237824835	1.4424133197693141
1354.3419608055762637	1.4423401663935946
1355.2734150261273953	1.4355913579527737
1356.4316315151124854	1.4260641928207605
1357.2278762772809841	1.4200001124206663
1358.1235098227043636	1.4121005414829237
1358.6943433754261150	1.4087280607868782
1359.6717273334804759	1.4025317758988698
1360.6446327438904973	1.3967983775663453
1361.6196385258367627	1.3913532830905970
1362.5706957212571524	1.3862874471493047
1363.5248318322826435	1.3811673927483479
1364.4772296491578345	1.3760334488283752
1365.4278111206710946	1.3709114570549124
1366.3744010538389375	1.3658481969790899
1367.3124034088873486	1.3609358802807385
1368.3075422245615300	1.3554959085394758
1369.2528699467459319	1.3505438065397455
1370.2009573767982147	1.3456283480271556
1371.1856028937677365	1.3403991546501028
1372.1513696063182124	1.3353479388470237
1373.0954737975387161	1.3305332737073940
1373.7470024774595458	1.3285281542959877
1374.8947301128580420	1.3265771417518926
1375.7694653157188895	1.3265007967233680
1377.0516680257019289	1.3216047486739499
1377.9955608899394974	1.3199665281719926
1379.4296879495680059	1.3140222271609374
1380.4325830472989765	1.3119049575511905
1382.7113731391366400	1.3033304343355572
1384.1030540419635599	1.2964899683442741
1384.4777364349663458	1.2989128368817875
1385.7886372486220807	1.2935475714107552
1386.8023624188101621	1.2888016875815875
1387.6140230452872402	1.2850008217560693
1388.0271491818186860	1.2872234551017063
1389.0101019487731264	1.2844512818400304
1389.8593600907067867	1.2809629564899483
1391.0394178487040335	1.2811743381022329
1392.5278644660766076	1.2732505730829700
1393.1042105879153041	1.2745480665993052
1394.8514784697524647	1.2703280304998001
1395.5623241364148726	1.2664602090689256
1396.1472386798041043	1.2667100486764749
1396.6251947506345914	1.2663754863606529
1397.7431755988109217	1.2647040804114165
1398.2231610120757068	1.2665922628692843
1399.4921482819668199	1.2621554208084727
1400.5134707266383884	1.2575607686117711
1401.3033903601308339	1.2540537025041458
1401.4289371773415951	1.2579211278259739
1402.2267705976116758	1.2581765780304623
1402.4611560189684951	1.2566195716004738
1403.7679228167348811	1.2538943162328975
1406.7927890204982759	1.2454932948935611
1407.2319384212378282	1.2465998987774429
1410.4272404977768929	1.2412993321857353
1411.1381105020818723	1.2431709206349604
1415.0531071039176823	1.2364817497706178
1418.0235047025050790	1.2326535411884230
1420.1240782433469576	1.2268962664881546
1421.6894674835132264	1.2239944033728680
1423.0107477516971812	1.2200769342711795
1423.9589644927841618	1.2203019809506439
1424.5646151380715310	1.2211888338440382
1425.8596289395259191	1.2157861451425804
1426.6587390090103327	1.2145253256915840
1429.1081781259604213	1.2098291899578262
1430.7520593137819560	1.2054046639784148
1431.1561062090670475	1.2073646104110980
1432.1791307518801659	1.2073874591476239
1432.7789068099809811	1.2045103099686312
1433.7664153353077836	1.2037070270253336
1435.0769001844635113	1.1993212859914804
1435.9041120651918391	1.1993199092999849
1437.1655780757030243	1.1956696888421061
1438.0614575555723604	1.1957333554531613
1439.3810662698579108	1.1918231465928031
1440.4049689715427576	1.1880971837847354
1440.5503481027860744	1.1917917469771306
1441.3199049126915270	1.1889748957948350
1442.2757874775945766	1.1877835339353919
1442.9581445932917632	1.1873272328924924
1444.2714525792544009	1.1848300800448952
1446.0252309741074441	1.1819415208601496
1447.3798058119425605	1.1825770162693836
1447.5264609100263442	1.1793433970057576
1448.3913235390082264	1.1786514652017503
1449.1372504345390553	1.1774680684707122
1451.1621233368409776	1.1756508797280247
1452.7390580013652652	1.1718877674021340
1454.5470483483002226	1.1721032655581172
1456.1137192837466046	1.1665898031473354
1456.7236014740103656	1.1682803939632322
1458.0170580951078136	1.1652400631833069
1458.1784788168008618	1.1681273429937526
1459.9108383921634413	1.1646844313036919
1461.0374504719111428	1.1638374511978304
1462.8054471777957133	1.1635436438030715
1464.2475566128698574	1.1597544905252417
1464.8654348574302730	1.1618911976322368
1466.1422309649287854	1.1618472874102059
1467.5065749218599649	1.1593526943854169
1468.2141784764528438	1.1615378088573189
1469.6239415864879447	1.1589649225808247
1470.7198399453038746	1.1564736711757062
1470.8293543848467380	1.1594465318558864
1472.2592470864617553	1.1580131979132018
1473.2650708331450460	1.1589483406189973
1474.6193004653187018	1.1567305682962872
1475.2915993177148266	1.1593609219958962
1476.6141245511787474	1.1578495583900388
1477.6404967502212457	1.1559139279500841
1478.4799437378883340	1.1543002246219702
1479.0918985830585370	1.1566371845136361
1480.4060851391486722	1.1554283555331311
1481.4028152936139122	1.1538634228866742
1481.5737489195751095	1.1577089510784111
1482.9688069012011056	1.1559033516746380
1483.9821862999342557	1.1541397060934646
1484.7668560754163991	1.1527708274194415
1485.2542415425148192	1.1552288571622422
1486.4769298079627333	1.1569344838822915
1487.7779766576256861	1.1565620676805162
1488.8001299311806633	1.1551421991138584
1489.6274872584417608	1.1539875511758915
1490.3744283208413890	1.1529442018015275
1491.0847272698692905	1.1519361722214585
1491.2669523873048547	1.1547639685381874
1492.5558948973521183	1.1536542436976376
1492.9574675992337234	1.1571911773848598
1494.2879383414090171	1.1564998313772841
1495.3532036071430866	1.1551685374941429
1496.1885187864781983	1.1541233365088075
1496.9247983456357360	1.1532077718821752
1497.2205609333962002	1.1567012027849510
1497.7444820142068238	1.1547045258661550
1499.3538851579569382	1.1530027607305133
1499.8077324335977210	1.1559550938612788
1501.1446826419401077	1.1566701812617970
1502.0848202554416275	1.1563539445367497
1502.9013622546669922	1.1560434964210782
1505.2468990382371885	1.1571019406612015
1506.9525323237776320	1.1552563654744512
1507.5473554617180980	1.1582529289744674
1509.2867867601855778	1.1565844058728605
1510.3632648996444914	1.1555203359722488
1510.7111912480588671	1.1562517858814056
1511.4915749758904440	1.1570759827358332
1512.0792984103370600	1.1606936700262054
1512.6757027554226624	1.1574373950900896
1513.6930650639546911	1.1598887378236755
1513.9305039834212039	1.1564445981233953
1514.5701422691188327	1.1599265456373762
1516.2716007915430509	1.1585084823492822
1517.3811311970896440	1.1574450708377935
1517.5793826188371440	1.1616758012943169
1517.9443532954549028	1.1588824486568836
1519.2874629984235071	1.1579328522527348
1520.2551374548063450	1.1571850071909580
1520.3936613315820523	1.1607078160462081
1522.0544081126543006	1.1592935344886597
1522.9091108588809220	1.1589207158550978
1523.4207167201916491	1.1625988064648578
1524.6462888727437530	1.1594491534398939
1525.5498604108593099	1.1622154605867354
1525.5906650065985559	1.1588509487569085
1526.2621802458925231	1.1622884762641321
1528.1435341270903336	1.1605955335676303
1529.1760113447473941	1.1634507473874838
1530.7430652658488270	1.1624075858927454
1531.8179595908509327	1.1614630607546736
1532.6828620772701015	1.1606527654434819
1533.4010644707129813	1.1600199099446871
1533.7665111291412359	1.1635189825002779
1535.5487017095135798	1.1621309272626175
1536.6109003591966484	1.1613236690321092
1536.7691371913588227	1.1651423792532198
1538.5261032928276563	1.1637327454842479
1539.6099381305048155	1.1628434073949336
1540.4435362140623056	1.1621659553796415
1540.8282770069802154	1.1660867725076505
1542.4624020399000983	1.1649770074164711
1543.5490247520169760	1.1640950521128195
1544.4097402224344933	1.1633651311320989
1545.1425728389340293	1.1627624816422177
1545.6525093835750795	1.1663229559430590
1545.8133079263245691	1.1635032838953174
1546.9191979179011014	1.1662813914496677
1547.4677673991418487	1.1633600827123953
1548.3070328961803170	1.1665022343796563
1549.6178487009253786	1.1669239934972677
1552.2134971680909530	1.1641339108195350
1553.1239343465867933	1.1634647496586874
1553.4945849393213848	1.1673987646148869
1554.9148714087737062	1.1672932261299034
1555.9826134267329962	1.1666953088141974
1556.8102563019244826	1.1662303353002887
1557.5420995010695151	1.1658373242947284
1558.2662352015652232	1.1654074398068932
1558.9396127770912699	1.1650103790929434
1559.5714262231931571	1.1646785626135072
1560.2391257732856502	1.1642855579030464
1560.4775878854723032	1.1682104975060419
1560.6940308391492636	1.1651442177397731
1561.5512027892368678	1.1682952287513333
1563.0094025262862942	1.1677659723419498
1564.0790419355244012	1.1669482123672703
1564.8999283065772943	1.1663387406742318
1565.6529298637765351	1.1657579568362464
1566.3597998962998190	1.1652107555322786
1567.0103764685638907	1.1681889465066710
1568.7878463749091225	1.1668170791301231
1569.8783813532802469	1.1659537355516716
1570.1775948526021693	1.1699366904498392
1570.2508333410314663	1.1658652856165708
1570.8830534667349639	1.1670228036441108
1571.7978500920492024	1.1701105731479324
1572.2868164006999905	1.1663152435582507
1573.1776468431355624	1.1692848213175346
1573.7864264627191915	1.1655121936856985
1574.4926039309493717	1.1689647709055502
1575.8823401493880283	1.1687750653722730
1576.9243214582929795	1.1679518596712857
1577.7604976324450945	1.1672748675957283
1578.5081070310918676	1.1666596911437548
1579.2023839556732128	1.1660688342464653
1579.8298187039981713	1.1655734266281139
1580.4666406037870274	1.1650720237763665
1581.1318887235652255	1.1645216194298045
1581.3887290604959617	1.1686660070317700
1582.9166133943936075	1.1678309668231410
1584.0013758579909791	1.1669478912091931
1584.8736781985987818	1.1661871265066435
1585.5969885577317200	1.1655943831149869
1586.2977301470793918	1.1650056608492081
1586.9788458411480860	1.1644146319153386
1587.2524111421864745	1.1679817574292870
1589.0243711762941530	1.1664466808194280
1590.0823410725497524	1.1655396940619027
1590.9151444223507497	1.1648241717813654
1591.6627204000933489	1.1641710613004692
1591.7280474414392302	1.1685345481683020
1592.0006782372797716	1.1643278955910110
1592.8159568689475236	1.1673901055150389
1594.1954760662754325	1.1674184020963583
1595.2041469250616501	1.1665339128481780
1598.5080477245146540	1.1643252177917311
1598.8878794339073011	1.1626926970725326
1599.5767469096654168	1.1656718534843895
1601.3837228592715292	1.1640238613930995
1602.4528866362340978	1.1630500017051018
1603.2797562819530413	1.1623038087777791
1603.8170363623735284	1.1630973390616151
1604.5739009474932573	1.1654445895027359
1605.9214579496963324	1.1654436571071354
1606.9473932260320908	1.1644959028481376
1607.4969035379813249	1.1604857897950915
1608.2161674065569059	1.1637497015394607
1608.4561034128614665	1.1603674255838381
1609.3035357802987164	1.1634597275015077
1610.7501961108205251	1.1628094004660836
1611.8320374283487126	1.1618111519183059
1612.7037648539555903	1.1609549639453227
1613.4235999132768029	1.1602953091459423
1614.1331612065202989	1.1596109703484403
1614.8028534527893498	1.1589644073725358
1615.4380988542345676	1.1583751374464406
1615.5586482993128357	1.1609991528217156
1617.0951202664093671	1.1595290880903453
1618.1124744325049960	1.1585245320855615
1618.1988699411592734	1.1629342333573396
1619.0094493509993754	1.1586789071266463
1619.9360642844480935	1.1616389973562569
1620.0471368836101647	1.1578296158453576
1620.7878976182980750	1.1595397167933421
1622.3974864622143741	1.1579607026520640
1623.3760025131339262	1.1608021504717561
1625.3039659888154347	1.1589303845993053
1626.6771538473806231	1.1551103607369413
1628.1634136810430391	1.1565736841895349
1629.9797750613770404	1.1579797619277623
1630.1361517503225969	1.1547657810260807
1630.8934003898746141	1.1563763984234126
1632.4795695582920416	1.1548221383066744
1633.4850034805563155	1.1576127673051777
1633.7151987475701844	1.1533988390698393
1634.4432135396525609	1.1563350854376124
1635.9445622363778057	1.1553988183677926
1637.0268669911883990	1.1543453621543214
1637.8507077384315380	1.1510395748221851
1639.3739931429936405	1.1495178826952914
1639.6751984325733247	1.1526850620778200
1641.4211299248361229	1.1509665938880602
1642.4546512156507561	1.1499836822748986
1642.9790758766189356	1.1532116051118542
1645.7366506375781228	1.1488005174346716
1646.3419705999922371	1.1482003226389568
1646.9668956765267467	1.1475696200839158
1647.5731456961971162	1.1469743158408798
1647.9732978874883429	1.1496899004703161
1649.6662752037475457	1.1480048026880962
1650.6944374561194309	1.1470175703348797
1651.5519012526931419	1.1461617865130609
1652.1159786690798228	1.1492008910540037
1652.7219844468281735	1.1450505769028507
1653.3737798496122196	1.1483408375581463
1653.5723685360267154	1.1448469469500542
1654.4634406071659214	1.1474760971996165
1656.3773607589607764	1.1454993399959128
1657.4745646597709765	1.1443777450704189
1658.3253802591925705	1.1434839557797278
1659.0428202446380510	1.1427319119976453
1659.6889021035540281	1.1420696342119909
1660.3205719448844775	1.1414296477191923
1660.9685137255794416	1.1407707274158825
1661.6382939778618493	1.1400615672212964
1662.2774488931381711	1.1394098650710307
1662.5765443785157913	1.1413830584974736
1664.0216208580447983	1.1398446509614728
1664.8076158064686751	1.1404799695875509
1666.1289300034959524	1.1390586162502354
1666.8947214102061025	1.1420189426140641
1667.1362875617196551	1.1379991785440720
1667.8540993217648065	1.1400739589564379
1669.6438654084483915	1.1380561842807018
1670.6932152521160333	1.1369087483435549
1671.5440535454790734	1.1359450346509030
1672.2750561739644581	1.1351378054610772
1672.9787441713692715	1.1343502257562537
1673.6618103001792406	1.1335670353315230
1674.2953620432019761	1.1328710983561772
1674.9420739033646441	1.1321553116451548
1675.0098800831713106	1.1362264552797690
1676.8915060278454803	1.1340882131894392
1677.7998346202814446	1.1294744294483907
1678.3972126776413916	1.1324033789101939
1678.8502286297327828	1.1290267352068855
1679.6779911211813214	1.1317552583903234
1681.0752304729905973	1.1310786332593048
1682.1800692435385827	1.1297602295511679
1682.9917982624945125	1.1288288366479982
1683.7329989555087195	1.1279631415083642
1684.4311262880310096	1.1271459624172193
1685.1080063873703239	1.1263437577601851
1685.7526286126519608	1.1255952945418295
1686.3981852125004934	1.1248428993881872
1687.0459709070819372	1.1240875543985207
1687.6962948878078805	1.1233269797523677
1688.3457194844124842	1.1225677520522765
1688.8652820992899706	1.1258511666091542
1690.7839185621094202	1.1235347205833539
1691.8882542000230842	1.1222043372660151
1694.7765109836327611	1.1175229817203822
1695.2813157467983274	1.1200690092360366
1697.0388361394375352	1.1179095357764492
1698.1079050508917589	1.1165679912351933
1698.8961900822196185	1.1155969721185832
1699.5798881528128277	1.1147731433442605
1700.2538505871095822	1.1139576150173232
1700.7091189392074284	1.1162141072768916
1702.3562097530120809	1.1141859065098094
1703.4003852961350276	1.1128678547414788
1704.1889109134260707	1.1118988716712914
1704.9048384649292984	1.1109929807248764
1705.5494924044442087	1.1101948139618643
1706.1740846091895492	1.1094378819050115
1706.8262927815976582	1.1086298444937264
1706.9254265205750016	1.1106529243038252
1708.3402488883698425	1.1088608957924653
1709.2751855333774529	1.1076810581362642
1710.0272044537546208	1.1067388435581267
1710.7098602177061366	1.1058896997282350
1711.3752577150769412	1.1050426441756338
1712.0048221394779375	1.1042689695215155
1712.6608457421241383	1.1034409099580380
1713.3091004137850177	1.1026270315782571
1713.7710815693942550	1.1045045911321973
1715.3557541239638340	1.1024901433930479
1716.3596114805679917	1.1012286220515235
1717.1848323473129767	1.1001558255859356
1717.5970838171313062	1.1033976089695710
1718.3709444294688637	1.0989826784355179
1719.5603588015160312	1.0974401656621990
1720.3678990428093130	1.0990310295645005
1722.0815696612212378	1.0968494724018329
1723.1483277586419263	1.0954674616302862
1723.9500451042767963	1.0944396756501191
1724.6402833093429763	1.0935708859858295
1725.3066529281811654	1.0927087935135289
1725.5752030553067016	1.0949324757341867
1727.1423469880351149	1.0929370656119943
1728.1627605541214052	1.0916265523406674
1728.9835580086173650	1.0905795172599990
1729.7375320198304962	1.0896032160583256
1730.4420393583898203	1.0886954725401592
1731.1247722553864605	1.0877992701656241
1731.7583272995743755	1.0869958310879257
1732.4058142831952409	1.0861682198519254
1733.0611247569170246	1.0853283679592127
1733.7229730837200350	1.0844735057474229
1734.3181691009312999	1.0855105833935581
1735.7681333527123115	1.0838518246646802
1736.7355834101831533	1.0827565913499588
1737.5426955626817289	1.0818246377692975
1737.6174380615200334	1.0857077989791528
1738.1422181238979192	1.0810267418843500
1738.8984061039091102	1.0799742022972170
1738.9618178292018911	1.0835482463701154
1740.4972518444658363	1.0788342614444888
1742.0028870221835859	1.0772094912754733
1742.7697159379392815	1.0800777654509985
1743.7359771102130708	1.0761251495473132
1745.1507094476633029	1.0745105750746469
1746.0771510716699595	1.0734694839396066
1746.1275357625875131	1.0776762753522939
1746.2364104821674573	1.0732124026482273
1746.4211447031959779	1.0729343240840308
1746.7070560774643582	1.0725701830864434
1747.0238520415002768	1.0752477236724758
1748.7695061812928543	1.0732900016301727
1749.8443819300052837	1.0720673973672534
1750.3133685974728451	1.0684567626382238
1751.1180470352937846	1.0675948115639284
1751.7353988214524634	1.0697045804524596
1753.5051344018786494	1.0677037075558082
1754.5789759359606705	1.0664656328169653
1755.3659395943805066	1.0655781593331217
1756.0510323738760690	1.0648165284874893
1756.7129075729615124	1.0640923580065156
1757.4078210794211827	1.0632773567733913
1758.0299100615607131	1.0625961184294981
1758.1704048404387777	1.0645360987244075
1759.8887864792818618	1.0598173389632439
1760.4785456940542190	1.0625519473992431
1762.3671160540407072	1.0604671346734413
1763.3291398509600185	1.0557388699234445
1763.9749810641167187	1.0586616494830765
1764.6307653359124288	1.0549531444595224
1765.5154274444009843	1.0575918879468407
1766.9617175940081779	1.0538020593759123
1768.5274885975143206	1.0520808723952777
1769.2365516668990040	1.0548031914348628
1771.6750440456437445	1.0484543565868434
1772.4148821397720894	1.0511713119080281
1772.8721062553788670	1.0472653019527856
1773.7832092390203798	1.0497586583248413
1774.9360248670514011	1.0457844448935829
1775.8422232020411684	1.0483064435089713
1776.1016243265244157	1.0445976963431081
1776.8526357588525570	1.0465205455870190
1778.6522302789933292	1.0445690015764519
1779.7317026331813850	1.0433963299937330
1780.5711076535483244	1.0424791529009880
1781.3041348495487455	1.0416930017709971
1782.0164336109314718	1.0409115962855768
1782.6987303690075350	1.0401524903842188
1783.3307305325229208	1.0394812687692088
1783.9892077283714116	1.0387578397287884
1784.6323933479523021	1.0380633621560873
1785.2846915567372434	1.0373516748471578
1785.9337069219666319	1.0366455180642129
1786.5810031423666260	1.0359435307905525
1787.2337291257974812	1.0352349046008922
1787.8912906537252638	1.0345198314123538
1788.5501074769188108	1.0337972976264165
1789.1955993774479339	1.0330979761389494
1789.8427681489151837	1.0323966922274108
1790.4947493125609981	1.0316856780138262
1790.7736853635412899	1.0329845904515640
1792.1132729973792266	1.0315516742884787
1793.0045493185166379	1.0306055423935974
1793.7228675968506195	1.0298625111372419
1794.4035525430815596	1.0291335769911314
1795.0288442205448973	1.0284895768163533
1795.5013988529735798	1.0281526992995020
1796.1744355789519432	1.0274585083740624
1796.8546663552569953	1.0267319934797379
1797.5044035439357231	1.0260463195523029
1798.1427979412051172	1.0253822036532090
1798.7956441517746953	1.0246920174756931
1799.4443798589727521	1.0240137110685090
1800.1033163100826187	1.0233143668898050
1800.7505500835970906	1.0226336196022627
1801.0618410513766321	1.0231764122445437
1801.9874689745315663	1.0210733484515089
1802.4996226232890422	1.0242117247923503
1802.8266134212403813	1.0212703716847995
1804.0989189928061478	1.0189623239498367
1804.2526262707297064	1.0216815763321245
1805.0086780583944801	1.0176757916647359
1805.4804423910129572	1.0207489785744717
1807.4591544261757008	1.0187371153435190
1808.5377105789102643	1.0162888020851122
1810.4035636327998873	1.0144126479411684
1811.5059896917994138	1.0133109609329547
1812.3710454364884299	1.0124262224612834
1813.1026412777739552	1.0117026402052745
1813.8121721476588846	1.0109805993485768
1814.4821734722777364	1.0102956257097766
1815.1060451730554632	1.0096877898667749
1815.7626838293654146	1.0090273525373010
1816.4175863340542492	1.0083719843528187
1816.9338210565488225	1.0079338936314777
1818.0372564913338920	1.0082483569914724
1819.4492185623960268	1.0068942789276036
1820.4184875669111534	1.0059509321047388
1821.2219291576232081	1.0051566727311030
1821.9295383639766897	1.0044589518534668
1822.5856725966616523	1.0038127374246566
1823.2103121941343034	1.0032181087942165
1823.8609392652419956	1.0025815616125848
1824.5106407210207635	1.0019463338656123
1825.1590580615365980	1.0013143192308691
1825.8107318424924870	1.0006797571029256
1826.4697212014618799	1.0000351839029586
1827.1265886234980371	0.9993891472520648
1827.7731570679736706	0.9987590217618656
1828.4194119019891787	0.9981307982792386
1829.0730772380341023	0.9974895458863519
1829.6624424718031605	0.9977066855477598
1829.8273643471191008	1.0012784565449271
1829.9377801696048209	0.9976737977983454
1830.9790719696534325	0.9967941774712105
1832.2434393730995907	0.9954906080565594
1833.1364351125332632	0.9945651490114037
1833.2509295946740622	0.9980166445384728
1833.5459616154691957	0.9935644280593252
1833.7528471912949044	0.9932883745706509
1834.0747741504678743	0.9929077296752549
1834.1862533117400744	0.9951600026240265
1835.7933228892973148	0.9934770548152082
1836.7700271315600276	0.9924660391099620
1837.5376041586423526	0.9916825296215162
1838.2477330339388573	0.9909360811866852
1838.8972880714327403	0.9902630471039331
1839.5274684452883776	0.9896199844344756
1840.1765496581149364	0.9889275049718886
1840.7768467847679403	0.9883067978317512
1841.3746890713221092	0.9876929659511728
1841.9870723012650160	0.9870562350125058
1842.5972701370108098	0.9864234466398696
1843.2087106588671759	0.9857872278475582
1843.8127523000366637	0.9852935055133548
1844.5228311374505665	0.9845575020593845
1845.1809735768881637	0.9838699383341767
1845.3404732604456058	0.9845155423576215
1846.2300316705589012	0.9827340634240788
1846.7304079042546618	0.9858734885757569
1847.3675796634811377	0.9815274308494336
1848.0858729772919560	0.9838881303180245
1850.0198787476417692	0.9819908750098704
1851.1444483893383222	0.9808756189644228
1852.1856336441082931	0.9778616511295780
1853.8500395295041017	0.9762443973164088
1854.0027517621811057	0.9791938257660898
1855.8261624259612290	0.9774321089851812
1857.2020770957208242	0.9737792987880257
1858.6392724701504449	0.9746081310322487
1860.4527042630627420	0.9728740207520705
1861.4826365386647922	0.9719263352566408
1862.3211373004830875	0.9711350415234230
1863.0689670349527205	0.9704258829027256
1863.7684189837586928	0.9697438579167573
1864.3947282920546513	0.9691648918103225
1864.9112576171344244	0.9708380997848931
1866.3036685154545467	0.9669783760200149
1867.2800375977342355	0.9678490797786882
1868.8700062967845952	0.9664032599572138
1869.8539633359200707	0.9655330151283816
1870.6780739416233246	0.9647711363763786
1871.3837386603549930	0.9641303985289765
1871.9502928490728664	0.9658682510169972
1872.3917547798700980	0.9617137431350941
1872.6215157516578529	0.9641035359507212
1874.3554281971155433	0.9625719278566875
1875.4044840381266113	0.9616297181605499
1876.1831299059026605	0.9609557032655529
1876.8969783835186718	0.9603150138700498
1877.5421476287406222	0.9597481698885929
1878.1717595942052412	0.9592103956533025
1878.8403346598295229	0.9586097922280753
1879.4844975889013767	0.9580260111947521
1880.0867738918532268	0.9575201800067976
1880.7479373961998590	0.9569316780524573
1881.4024822078940815	0.9563498056628448
1881.6126888666667583	0.9587223601696075
1883.5650406157956240	0.9546333445728536
1885.2720721549999325	0.9529505866987926
1885.5671308135815707	0.9564462761011737
1886.2241538711634803	0.9522368810035777
1886.8527416252927651	0.9549878448096819
1888.8907797755657612	0.9530502101322893
1892.1452155057099844	0.9490861508596258
1893.1616141793244878	0.9481517821515519
1893.9606133867139306	0.9474096000090982
1894.6519997324030555	0.9467754446608105
1895.0045127015953312	0.9497729018888270
1895.5270622371951958	0.9464036413732795
1896.5360330339574375	0.9487678216422191
1896.6366521540005579	0.9458206431547657
1897.6688955586600969	0.9459202376846348
1899.1595181393722669	0.9446330477692897
1900.1432348736605036	0.9437754391774825
1900.2412130055124635	0.9468222119625589
1900.7463757049652031	0.9425127667720020
1901.3970407364051880	0.9453035057146626
1903.8297557787429923	0.9410929089233767
1905.7516654176199609	0.9423121908342087
1906.0925748229535657	0.9389670309269497
1906.9391354500357920	0.9417682878704043
1908.0960031557444836	0.9378652895158603
1909.1450919850951777	0.9404150834721141
1909.2594264709243816	0.9377028327322059
1910.4290300301699972	0.9380259399780643
1912.1109455177170275	0.9365616536612070
1913.1387078916275186	0.9356664325284636
1913.9364327684841101	0.9349692202719656
1914.6291496185228880	0.9343704908806093
1914.8425826083930588	0.9371575859101032
1915.4334036390439451	0.9332417984504229
1916.1911477476783148	0.9361612355173445
1916.8088274674846616	0.9319173957430419
1917.6077575530327977	0.9346005701590366
1920.4552798208501372	0.9311580569054670
1921.0196005826580858	0.9307557011758576
1921.6136594105330460	0.9303400811605775
1922.2380297533156863	0.9298893573143440
1922.8446537866700510	0.9294671155252476
1923.4702148203848537	0.9290129223703240
1924.0608551087657361	0.9286042285522681
1924.6697982560365290	0.9281712700557212
1925.2715703072856286	0.9277546410606934
1925.7728690627138803	0.9306135693410083
1926.0868985458967018	0.9266553656684553
1926.8396936734641258	0.9261501454184660
1926.8835279336306030	0.9295012299846648
1927.9037404297414469	0.9255294828080863
1928.7743245923204540	0.9284399984325237
1929.4580388271956508	0.9243943418903228
1930.3507812876123353	0.9271850210572680
1931.6751347795952825	0.9236506270268250
1933.0168598324471532	0.9229211899645945
1933.7268366753223745	0.9234298399950471
1934.6068724803449186	0.9260676710529401
1934.7356844443777391	0.9222460541317495
1935.3692076573868235	0.9217070389480128
1935.6104778367089239	0.9227412332286243
1936.8872284647625293	0.9219400914722180
1937.7570413317919247	0.9214109166123710
1938.5032686979093342	0.9209522701574858
1939.1963920181608501	0.9205243301948673
1939.8657513155646939	0.9201000088265393
1940.4923539983590217	0.9197247823087890
1941.1444419653464593	0.9193189915819262
1941.7911624130672408	0.9189247208841221
1942.4537864973547130	0.9185117771026057
1943.1108277520409047	0.9181042825290910
1943.4780770617153394	0.9212269803044405
1943.5836274149428391	0.9175322895176345
1944.3131017833059104	0.9168720295289762
1944.6415524707540499	0.9173507028998921
1945.1879626780794297	0.9202264789597490
1945.3839398495483692	0.9165945918537964
1946.1892497405649465	0.9158408244023178
1946.4487092055132962	0.9162352400943603
1946.8291461829842319	0.9190957290404801
1947.2102367528761988	0.9151097140685248
1947.8445263563169192	0.9161959813238406
1949.3568764151330015	0.9152240506893400
1950.3417766402890265	0.9145855680323953
1951.1369273316922772	0.9140661970325014
1951.8457568822459507	0.9136014187705953
1952.5054591210571289	0.9131721433421890
1953.1428812930760159	0.9127639311924713
1953.7898626356297882	0.9123418688727036
1954.4346836343770519	0.9119289755119562
1955.1002397158431449	0.9114909060369857
1955.6412221785558359	0.9129035340147972
1957.7920745765966331	0.9122606709976153
1958.3009513159217931	0.9091093173805700
1959.1331084596035907	0.9122461909586077
1959.2763355043923639	0.9086746834313987
1960.1117438574390235	0.9095931653960525
1961.6314276231657914	0.9088366038818348
1962.6026069871522850	0.9083573018956765
1963.3981470264357085	0.9079551943524070
1964.1073372316914174	0.9075913152108961
1964.7572747335584609	0.9072656215051549
1965.3869216688708548	0.9069596473955648
1966.0370100353093221	0.9066318502096308
1966.6838316533296620	0.9063131799595855
1967.3474163595908522	0.9059761624716623
1968.0042260220106982	0.9056425958622110
1968.6482403155484917	0.9053227025258590
1969.2999827495229965	0.9049935825004221
1969.9473822178256341	0.9046701582580216
1970.5988064382368066	0.9043459335693531
1971.2602065706171288	0.9040101673905270
1971.9129227144969718	0.9036816392231847
1972.5628075857498516	0.9033584969169817
1973.2231160723645189	0.9030242870870944
1973.8779181631177835	0.9026936160808250
1974.5264559068414201	0.9023677954234209
1977.5048034629487574	0.9000130308458563
1978.4184857268298856	0.8994612457465713
1978.8660878733830941	0.9017682514061042
1979.7790319041203020	0.8985381072635540
1980.5981504736889747	0.9016833064878047
1980.6825874794956235	0.8979637857176633
1981.3502514155752579	0.8975028314903878
1981.5011078566385549	0.8991977970149182
1983.0304773494365236	0.8983908102512285
1984.0227108425617644	0.8978631689271210
1984.8167817104520054	0.8974411196224361
1985.5265554346131012	0.8970612221789573
1986.1874404144707569	0.8967099942543928
1986.8245450239780894	0.8963790676510635
1987.4713454669188195	0.8960368180078684
1988.1171195477254514	0.8957013559333289
1988.7811522971185241	0.8953460245019744
1989.4379243917417170	0.8949939727911731
1990.0811216123549912	0.8946416426144398
1990.6863801656170381	0.8943426815224942
1991.3508244937079326	0.8939832576472974
1991.9984341400117955	0.8936418953193120
1992.6512070500859863	0.8932781331492096
1993.2508065661870660	0.8929865119409073
1993.9178613644075995	0.8926242636175462
1994.5670462096427400	0.8922642224412839
1995.1672365914180318	0.8919490004162820
1995.7645994417080146	0.8916360866364067
1996.1525431821237362	0.8927397404989866
1997.5374641845498900	0.8923290528781830
2003.0394984933348042	0.8889507535661919
2004.1326749600066250	0.8884596250839610
2004.9535710270718027	0.8881051722164000
2005.6943621032182818	0.8877562951462766
2006.3246699146686751	0.8874888867637954
2006.9560737913193407	0.8872191281492137
2007.6040572980682555	0.8869346331168503
2008.2531535008815808	0.8866493247007514
2008.9043281300328090	0.8863607306768061
2009.5519494223110541	0.8860618313289279
2010.1559277889562054	0.8857955259209521
2010.7527967285604973	0.8855346976149058
2011.3521414028807612	0.8852735824318363
2011.9590038116491542	0.8850045847824766
2012.5620560692345862	0.8847379349288294
2013.1622390234199429	0.8844762509148456
2013.7694496953092766	0.8842063479575666
2017.6268443067119733	0.8814552292487718
2018.0213816738134938	0.8833894110307990
2019.7490837011987423	0.8826443280572568
2021.0643509794197143	0.8808482424067759
2023.1562040888154570	0.8800392418116479
2024.3109752335999474	0.8795960052803455
2025.1845258273049240	0.8792421511604344
2025.8981175568728759	0.8789621030381701
2026.5428159660793881	0.8787145238152474
2027.1649426693279565	0.8784682902540177
2027.7558202014361086	0.8782496627817955
2028.3689181787469806	0.8780071671242052
2028.9666089575800925	0.8777787563017014
2029.5691264572831187	0.8775491485314507
2030.5785087537972231	0.8754019247210387
2032.2574697526495129	0.8777980261760635
2033.0187698550114419	0.8744423942825208
2033.8975375821974012	0.8772240621328126
2034.7407531686390030	0.8735707005737166
2035.5597520788553538	0.8761853062558864
2037.0357782061532816	0.8731011636916147
2038.7177845354001420	0.8725666804875809
2039.3965737102764706	0.8751479893606514
2040.1581638519023727	0.8714091288959218
2040.7805155248656774	0.8739493746443322
2042.4614693735302353	0.8709103399182194
2044.1626915075246416	0.8705170312135037
2044.7917464667957574	0.8725533776757149
2046.2109584837169223	0.8696088156011008
2047.9029437851163493	0.8692502640265813
2048.4018884939241616	0.8718844854050896
2048.6527685073979228	0.8682053818548697
2049.2537537276170951	0.8695431755012965
2050.8107296536641115	0.8690737395172413
2051.7699800438226703	0.8687943443759496
2052.5431033966651739	0.8685708338490897
2053.2571577577123207	0.8683475539221785
2053.9070791619392367	0.8681536099514334
2057.0337951709589106	0.8664445832454976
2057.8888005954927394	0.8640156050135903
2058.7670701014476435	0.8637811966508739
2059.4946974245785896	0.8635231230687557
2059.6053069418730956	0.8652015066421880
2061.1067837441487427	0.8649344099962770
2062.0905991246490885	0.8647446083472974
2062.8667705995239885	0.8646109986293369
2063.9414006088359201	0.8623217554542314
2065.7021878731538891	0.8620068057419904
2065.8990783445033230	0.8642554587354049
2066.8170057677011755	0.8613834361448475
2068.3408344200079227	0.8610447763921261
2069.0503553747630576	0.8631113520289775
2070.1739305023711495	0.8599187827554529
2070.8526817303909411	0.8629041834350711
2071.1467707415490622	0.8591699661923760
2071.8226369678332048	0.8607278991692618
2073.5148651338636228	0.8603429353337149
2074.4964094350739288	0.8601516356986737
2075.8291505506708745	0.8572867374230432
2076.1964745411924014	0.8605493007970003
2076.3891001395045350	0.8570323435332088
2077.2173813144272572	0.8589594530760359
2079.0537516536705880	0.8586451466859473
2080.2019437201606706	0.8548667987173574
2080.5998887772179842	0.8575105057733343
2082.5813960958143980	0.8571211799595357
2083.6871739024918497	0.8535446148716318
2084.1961471725380761	0.8562527197471017
2086.2077303519727138	0.8558848990325313
2087.0614285127626317	0.8523822558300796
2087.6131695465537632	0.8545280172846411
2089.4277766315317422	0.8543087024690371
2090.5207258532059313	0.8541595222264508
2091.3946735779595656	0.8517102841386320
2092.3365054000105374	0.8513579210623995
2092.7904695607544454	0.8527346331641011
2094.3618925244204547	0.8522846082478370
2095.3184255167780066	0.8520351986045989
2096.1147795570068411	0.8518131652056533
2096.8241578057923107	0.8516142168182315
2097.4865469020096498	0.8514297938826155
2098.1230244716330162	0.8512604267833142
2098.7698204844482461	0.8510860078310895
2099.4283562607529348	0.8509035980241317
2100.2955605011638909	0.8481813404615350
2100.6723622998347309	0.8513826568664938
2101.0191483586345385	0.8478776188153867
2101.8696887628216246	0.8504646497100703
2103.6593805669831454	0.8477784860930885
2105.4865470831300627	0.8475248160031937
2106.0436687125729804	0.8499154840725244
2106.7159747452237752	0.8462204066614427
2107.2797963117991458	0.8488065738810762
2108.5488192749176051	0.8456848177739213
2109.3175451635047466	0.8485638807146831
2109.8120536332758093	0.8453307545886873
2110.6480040864553303	0.8470077209673317
2112.4397229011465242	0.8466941909880636
2113.7179281459484628	0.8433128577062613
2114.1594373442562755	0.8452135322087899
2115.8964476085839124	0.8450791529838176
2116.9143478247146959	0.8450129105254847
2117.7061885470920970	0.8424836310260964
2118.2800485148645748	0.8456158171839151
2118.4407918674473876	0.8420468239457978
2119.1947078724178937	0.8438064407158217
2120.9230270145358190	0.8436477614085158
2121.9477480235000257	0.8435494042280681
2122.4501213061953422	0.8401950844840333
2122.7767750005036760	0.8428228699487313
2124.7420452430114892	0.8424801646518204
2125.7759550307041536	0.8389699774046017
2126.3176630637494782	0.8415725029673675
2128.2953649354044501	0.8413174591307377
2129.2532215518453995	0.8380536963604158
2129.8817298874887456	0.8400238383187223
2131.7081549950949011	0.8399629357753874
2133.0983329658715775	0.8368724379924593
2133.5542841518295063	0.8396786831640572
2134.8742447933268522	0.8371911231080513
2136.6227130480338019	0.8370715481192790
2137.4048967771618663	0.8391590231002032
2138.2161868431935545	0.8358900705521823
2138.7818522249540365	0.8384503687605529
2140.0404415000198242	0.8353876631922691
2140.8816571937104527	0.8382579763664075
2141.2404693803746341	0.8347642858001645
2141.9521178838572268	0.8365683414674316
2143.7237476755026364	0.8364040194273076
2145.0861295305239764	0.8328831957131284
2145.3708740360416414	0.8347122232842287
2147.0189947435928843	0.8346654627671301
2148.0564103780875485	0.8346181162438986
2148.8511240378657021	0.8345846704213217
2149.5465122287218946	0.8345603549651961
2151.9304364701933991	0.8307154161548728
2152.8368381687882902	0.8337068945946989
2153.6747544696577279	0.8308448574359389
2154.6832340327687234	0.8336199901015073
2155.3575961104538692	0.8300950179684091
2156.0715614854530031	0.8325533513449787
2158.2051435248386042	0.8302554244049273
2160.1929588939374298	0.8301472929589223
2161.2943577423629904	0.8300955258522945
2162.1338604579432285	0.8300515678248684
2162.8605741879900961	0.8300244825442346
2163.5749570975031020	0.8299835345368438
2164.2554167347725524	0.8299358598534482
2164.8819694068010904	0.8299122427085963
2165.5320503922475837	0.8278515241500946
2167.2930161888939438	0.8298944590133995
2168.1004190187641143	0.8268694580276797
2168.7332998297911217	0.8295944323999142
2169.2838400123828251	0.8261612666496824
2169.9436848189748162	0.8280846920427434
2171.7117580261437979	0.8280862537963410
2173.1431920028808236	0.8265787866228365
2175.2502100813194374	0.8264224386283381
2176.6000407294204706	0.8232842864098771
2177.1069026303221108	0.8259322257870043
2182.7604484413468526	0.8225727862331333
2184.5550350778189568	0.8250331674145446
2185.1226087115001064	0.8216327907729029
2185.6856138737348374	0.8240359194384845
2187.3396198759287472	0.8213896914868697
2188.0842389370804995	0.8243616550469787
2188.1546914821988139	0.8209804936946207
2188.9633694160916093	0.8219087637594648
2190.4047531982905639	0.8218384262697586
2191.3583415399775731	0.8217967286614751
2192.1608972766989609	0.8217492980682247
2192.8768676756594687	0.8217084043042856
2193.5483324910260308	0.8216640512634213
2195.7148670012147704	0.8188941426563521
2196.6979928346804627	0.8218575688196993
2196.8553701671271483	0.8185441173799940
2197.7926763431742074	0.8195746371506653
2199.2415029012081504	0.8196766653808305
2200.1692600838114231	0.8197599081189497
2200.9753389250968212	0.8198093032739230
2201.4954194573460882	0.8171680390381356
2201.7455516739933046	0.8200558990677116
2202.1036007609372973	0.8168579346210051
2202.8634616992248993	0.8184980241478786
2204.5478579006589825	0.8186281573125611
2205.8420867080121752	0.8168497912966148
2207.8148246553782883	0.8169375090973424
2208.9488435566045155	0.8169789869154266
2209.8024260875040454	0.8170041648355548
2210.5236713137865081	0.8170245562194756
2211.4114534661766811	0.8140305471131735
2211.7724328742483522	0.8166299296701386
2213.4137295825794354	0.8144999471491332
2215.3189715290250206	0.8147032616785539
2216.3989043536644203	0.8148143327599454
2217.2005317391426615	0.8149129882860456
2217.9405034028600312	0.8149936098276405
2218.6474525523890406	0.8150471009520821
2219.9813948216847166	0.8135667361133040
2222.0515346523434346	0.8138494968567055
2223.2184096284445332	0.8139973086503857
2223.7501784753062566	0.8118934735699410
2225.5003241778790652	0.8121505623805461
2226.5647393239182747	0.8122856915990939
2227.3403753953102751	0.8124041234525501
2228.0434749818255113	0.8125044258637748
2228.4182653447796838	0.8093421791979822
2228.7652798066951618	0.8117811760437948
2230.6924832552463158	0.8119423719285317
2232.0003747383493646	0.8091177271402471
2232.9209582867151767	0.8122339727292970
2233.1161398528442987	0.8088731147124780
2233.8639835430990388	0.8102619896852821
2235.4473865171371472	0.8104167426674591
2236.4656882360313830	0.8105054613040145
2237.4393801030564646	0.8074955003448903
2237.7457824363305008	0.8100117858066390
2239.6978921431154959	0.8081287078388710
2241.7357860593706391	0.8082677282024072
2242.8664341775624962	0.8083413382397177
2243.7097842730681805	0.8083969877039715
2244.4416214297157239	0.8084522615858444
2245.1520177872939712	0.8084960890451146
2246.0584211323375712	0.8055390447333244
2246.6448900952050280	0.8084336214803531
2247.3326210853301745	0.8051876680587229
2248.0905400416177145	0.8075389435026302
2250.4042070364166648	0.8057081980640022
2252.4824882998295834	0.8061321535412026
2253.5937818990132655	0.8063623002513056
2254.4490020631574225	0.8032923299530567
2254.6689375986161394	0.8047871367905900
2256.2081330456403521	0.8050022059080337
2257.2231323430901284	0.8051166932314053
2257.9858744802295405	0.8052291217248523
2258.7141002549233235	0.8053120541240580
2259.8107597822295247	0.8023567368482803
2260.4226139810803033	0.8053415794683993
2261.0013047726633886	0.8021683998980986
2261.7520542399506667	0.8039189228127652
2263.4763709531348468	0.8041677045116331
2264.7474483712635447	0.8021453933880431
2266.1942384618059805	0.8048097627587592
2266.3146526419409383	0.8016278092380325
2267.2107766577987604	0.8024005905670765
2268.5298261159605318	0.8026665003710164
2269.4220154028371326	0.8028478367172062
2270.1570217464563939	0.8029994752899555
2270.7378874394034938	0.8024901806211230
2271.7740339031101939	0.7999934789836559
2272.6952200056953188	0.8028138579495042
2273.1270339994557617	0.7996233968665978
2273.7540895463757806	0.8010833015338574
2275.3588715775576929	0.8014933949241393
2276.3417381326162285	0.8017458330296089
2276.7475817517624819	0.7989291990100327
2277.6418215782932748	0.7993735072837931
2277.8389619170507103	0.8016516085956417
2278.6214799200920424	0.7984504946203499
2279.1668524221909138	0.8007807765394672
2280.7232998610002142	0.7983644604889100
2281.4256950773483368	0.8011561377691413
2281.7339380183561843	0.7981401642074313
2282.6734224895139960	0.7992264543408067
2284.1936094171710465	0.7994733986550620
2285.1541734114339306	0.7996389996694788
2285.9327693725108475	0.7966810657906386
2286.1516673313103638	0.7991088115754196
2287.8299536912718395	0.7971462222895692
2289.7530422477357206	0.7975260937796930
2290.8320081399192532	0.7977404316411285
2291.6428170888493696	0.7979138299082978
2292.3917117436899389	0.7980605206930275
2293.5508332129879818	0.7960123772945572
2295.4107969017982214	0.7964108766924354
2295.5216065802842422	0.7985717960913959
2295.8757528325040767	0.7956200178388330
2296.7063911172763255	0.7966246853617940
2298.1616962094094561	0.7968984285327736
2299.0998855168268165	0.7970731331633265
2299.5320315286771802	0.7951388348242209
2301.3794849554146822	0.7956680895638952
2302.4381739193195244	0.7959786588267926
2303.5198547508916818	0.7937573640900687
2303.9148879524004769	0.7965416622113558
2304.2010360072222284	0.7932618189798527
2304.8942183147714786	0.7949983563200612
2306.6184717959986301	0.7953244334684991
2307.6395692345654425	0.7955177032475101
2308.0425767612455275	0.7924640303925854
2308.8568654131031508	0.7954986974127851
2309.3226564419746865	0.7922843174025669
2310.1190781068012257	0.7935055610151805
2311.6289051666121850	0.7937985137535153
2312.6165210708286395	0.7939788645905236
2313.3972862853670449	0.7941273894303240
2314.2073010156259443	0.7918949005004758
2314.4814611239553415	0.7947115545823814
2314.5876489080274041	0.7914233263445272
2315.2851507374334687	0.7925129718885362
2316.7166454389307546	0.7928208673332477
2317.6674752697231270	0.7930134577343824
2318.4109827600491371	0.7931733239641792
2319.2395740412816849	0.7907587605380357
2319.5489015593602744	0.7934334775631852
2319.9247360509662030	0.7903862127358523
2320.6650239492446417	0.7920849484637910
2322.3704063024802053	0.7924915161189311
2324.4037777370249387	0.7902831180882445
2326.2517481371828580	0.7906714932857136
2327.3210581191292476	0.7908999167672263
2328.1461811039375789	0.7910672310202641
2329.2270720358205836	0.7885018637219589
2329.7376511438897069	0.7911128032254885
2330.6438958768953853	0.7884551882780224
2331.4759408875456757	0.7909528767530000
2332.4623958455454158	0.7881529503856012
2333.2044569188506102	0.7907358949512986
2333.9853969948026133	0.7876702337633777
2334.5568600211199737	0.7899228537500826
2336.3990506259574431	0.7880882858863474
2338.3038165573007063	0.7887361861844392
2339.3660945989686297	0.7891057758367445
2340.1787474503362319	0.7893940883078591
2340.9700526926158091	0.7874308507690576
2342.8097482289999789	0.7881209683685493
2343.8769199153025511	0.7885248841109544
2345.1753064484755669	0.7864826494436734
2345.4449668575516625	0.7891670247715270
2345.6534664527785026	0.7864829473264724
2346.8503972445269028	0.7872852025170535
2348.2919655422610958	0.7876883765665357
2349.2292857169936724	0.7879639645754094
2349.9098950771808632	0.7850975240381654
2350.0862750810701982	0.7874174534445788
2351.4077368662128720	0.7852849764743597
2352.2118406635263455	0.7880084592006061
2352.5944771433537426	0.7848184964946316
2353.2277773534019616	0.7863956241887984
2354.8886369606352673	0.7868620984732170
2355.8746753357495436	0.7871603881893847
2356.2309943207833385	0.7839831538134028
2356.6261615426478784	0.7856098588397961
2358.3117296439440906	0.7860562213182435
2359.3355672526286071	0.7863274835610784
2359.7931060679306938	0.7831878086030390
2360.0728569427151342	0.7849199340306536
2361.7728497844673257	0.7854161931033918
2362.8375254234811109	0.7857047470891002
2364.0379007458786873	0.7842899717009542
2366.1154763492249913	0.7850239281327138
2367.7154316982187083	0.7845608441224554
2368.0577336521178040	0.7818587246421983
2368.9826001582673598	0.7844368940691296
2370.6430736567276654	0.7826042376410740
2372.5887342457690465	0.7832587374920923
2373.7105788320104693	0.7836197214032246
2374.5225972635721519	0.7838990993940497
2375.7262939535285113	0.7829835993933312
2377.9871228054157655	0.7837763140703523
2379.0323269946579785	0.7811343044521160
2380.5329040619481020	0.7817718518563620
2381.4806350623071012	0.7821890374525573
2382.2858109751205120	0.7825298170337999
2383.0101314309426925	0.7828306533892940
2383.6518469869938599	0.7797997921532872
2383.9775236803843654	0.7807230543346828
2384.8897263932831265	0.7832161460117117
2385.3851769542648071	0.7803489063395408
2386.0139153559766783	0.7817674998465385
2387.6220403445272495	0.7822904515721247
2388.6286294068709140	0.7826130013603184
2389.1584547399465919	0.7796773426929102
2390.5298246959728203	0.7801419514427167
2391.4568526545808709	0.7804603855390392
2391.8788198830002329	0.7824893199296232
2392.4626326390921349	0.7793809680763508
2392.8844103625756361	0.7809050368297430
2394.5191186802276206	0.7814578736894344
2396.5945527067642615	0.7807233108046641
2397.4348540280288944	0.7782006111583071
2398.9950825697442269	0.7789186252236955
2399.9652567000621275	0.7793710045259851
2400.7494559124806983	0.7797395075145727
2401.4808914644572724	0.7800835479023502
2402.2075408214031995	0.7804094185389747
2402.8831296960497639	0.7807298492854093
2403.8269509805468260	0.7778992118967737
2404.9494212820209214	0.7797568926535124
2406.4679843564636030	0.7777609333739351
2407.2307335419141054	0.7805448319738190
2407.4191051220914233	0.7773929069383725
2408.2054228397737461	0.7782927019826714
2409.4887816448554076	0.7788998666682476
2410.4020505309022155	0.7793258438506230
2411.6808965477343918	0.7783099326945793
2413.8517993129225943	0.7792920546042714
2414.5273129410034016	0.7763214746956535
2415.4514474515258371	0.7793712649598002
2415.7605262638917338	0.7763316454569518
2416.6620442880807786	0.7774003277296194
2418.0441035503608873	0.7780431232642775
2419.0115773648067261	0.7784765237828783
2419.8601311007641925	0.7770775382989955
2421.9195845610170181	0.7781124329354614
2422.8195455963332279	0.7754001561861934
2423.5496383697341116	0.7770900630228105
2425.2666017504457159	0.7777451438938061
2426.9850739218568378	0.7755648508655824
2428.7320031803246820	0.7762398723394994
2429.7829074766727899	0.7766536927624926
2430.6404020803643107	0.7769791186663497
2431.5614004617850696	0.7747550048225130
2432.2120113295331976	0.7755953659620469
2433.7690740072639528	0.7761953475564954
2434.7847611448473799	0.7765904991883223
2435.8687484099368703	0.7744848334223687
2436.2785862737887328	0.7770805928681200
2436.5959441868558315	0.7739524225685976
2437.2287498721725569	0.7755701579492263
2438.8964725069367887	0.7763067872959583
2439.9738584850970256	0.7767604917599199
2440.6978386368027714	0.7739792163023316
2442.1311308186109272	0.7746785056964243
2443.1480724298958194	0.7751534863081116
2443.9587536185231329	0.7755525398689394
2444.7473210162452233	0.7759177805567488
2445.5702049544015608	0.7731803128748213
2446.4533161828185257	0.7762142046483747
2446.6747871436623427	0.7732509884803753
2447.6660492101050295	0.7743331881590866
2449.1571590858993659	0.7749025910450164
2450.1360445694476766	0.7752850566400815
2451.1416499953579660	0.7727967449744807
2451.3821968843699324	0.7750970424673722
2452.2706900257080633	0.7725854768296646
2453.0206616219848001	0.7749299616514961
2454.1995427708848183	0.7726166058954619
2454.9360168711073129	0.7751087835721824
2455.6381911878675055	0.7723361984045596
2456.3215098667296843	0.7742690835719866
2458.4066803910864110	0.7729628058920621
2460.4448635283006297	0.7740677826742310
2461.5243439575060620	0.7720746156594547
2461.9730274140233632	0.7746300593841597
2462.3547237469956599	0.7716686030318405
2463.0748530945847961	0.7734604154077115
2464.8009669312054939	0.7742788127429809
2465.7237601201063626	0.7729141005343464
2467.7538816485516691	0.7706919688088584
2468.1819006928299132	0.7727025649246581
2469.9891943317734331	0.7735500777248921
2471.0755202355799156	0.7707411619004402
2471.7410184458908589	0.7730697638804432
2473.2460212231685546	0.7711514290520238
2474.0709041415352658	0.7737667268415532
2474.4768295004655556	0.7708793006823833
2475.1898780827964401	0.7725515048893152
2476.8646119952559275	0.7733126158856776
2478.1536617315987314	0.7722262034912710
2479.5643074185691148	0.7698373444072221
2480.2096857349974925	0.7715828160961232
2481.9706539720896217	0.7723794186977334
2483.4676318330321010	0.7699063731092869
2483.8809397898398856	0.7719230166119868
2487.0760219240733022	0.7716544066081794
2488.1562220910591350	0.7692482012415827
2488.8503896643983353	0.7712824994028298
2490.6700825787575013	0.7723412564007744
2491.6598829859531179	0.7711401086753943
2493.6228354990184926	0.7693094685501009
2494.3673857323942684	0.7713899052778763
2498.6549020878087504	0.7696877819478206
2499.8446755061572730	0.7710986745499634
