0.0000000000000000	297.8897000000000048
500.4408160951031164	297.2942184897000288
500.6321684943737864	297.1425260375252719
500.7830828338619540	295.9742983838478949
500.9096385018180513	294.4153983879455723
501.0198211435182998	291.8924129192218970
501.1165890056720400	290.1979218208810494
501.2031985715546512	287.5902108101301451
501.2824176767128961	284.6405272697647888
501.3552148943539919	281.3743104370522587
501.4233126400554283	277.7683179913499885
501.4885208012140083	273.2103707969424704
501.5504215422928382	269.3832002813284703
501.6079194958481935	264.7834510398375301
501.6642892190519092	259.7363645040348956
501.7174712766640710	254.4513888492367641
501.7683906315679678	248.8837875201717225
501.8179062321633523	242.9677198243151963
501.8656632632705055	236.7708209114747149
501.9118175045485373	230.3056040067029642
501.9566454841354926	223.5621765038498268
502.0002537124212267	216.5508951478132360
502.0428576316473368	209.2614007094868498
502.0844465782453199	201.7181187475744366
502.1242015363243354	194.1054470728180945
502.1635116058649260	186.1899878155942361
502.2022126163733446	178.0162722862581006
502.2393651500415217	169.8123895692831695
502.2766162744520102	161.2406660470006727
502.3123877673746165	152.6853014286382972
502.3481408323261803	143.8232880226534007
502.3835226040810085	134.7608875373978492
502.4182156097043048	125.6027607633910179
502.4531870225965804	116.1087518269823420
502.4895415205184577	105.9894266743080777
502.5266226593747660	95.4309744492370839
502.5711651641984758	82.5274810294567942
502.6722109444560260	53.0382163396480664
502.6939979246947132	46.8913668928725755
502.7080132129836443	43.1016331266248045
502.7227987406863008	39.0804483823163906
502.7339068136614060	36.1288438622883348
502.7457334549399661	32.9908320284837089
502.7548611720424674	30.6860533946723422
502.7642656639826555	28.3721179998039617
502.7730430536217909	26.2713989378151638
502.7805358496616464	24.5781792366012297
502.7882330232155823	22.7908722900747236
502.7950139338297504	21.3076767269410006
502.8013246456643515	20.0090956626392682
502.8075123598748064	18.6964025652460357
502.8131011165800146	17.5841952204976373
502.8186090486898365	16.5237383858110078
502.8237171127743181	15.6045602374899328
502.8288036860205352	14.6584808559481008
502.8332885838325410	13.8807978045134384
502.8379211147397427	13.1053682643571943
502.8424059178217362	12.3830809670012503
502.8466087627227239	11.7548660263783891
502.8508512527342305	11.0975650072383090
502.8546195634381775	10.5568293740299275
502.8585297213687682	10.0168562586158529
502.8622774357174308	9.5387693047636812
502.8660913920726330	9.0334628320087464
502.8695024736441610	8.6168566363340044
502.8729989669330962	8.2069261251215551
502.8761832631241759	7.8499230394465629
502.8795735474413959	7.4854034055874985
502.8828910322839079	7.1440292223145034
502.8861572708495373	6.8225365554474804
502.8893767275416167	6.5196200833026703
502.8925541314752081	6.2340297832000209
502.8956943135665938	5.9645867306388958
502.8988040054681505	5.7100355824841067
502.9018812373515743	5.4699024926980231
502.9049331328574794	5.2430214085052134
502.9079633628717829	5.0285715957113215
502.9109755659655434	4.8257881515871350
502.9139732858230332	4.6339632046026340
502.9169538914191548	4.4528211872618657
502.9199827680401427	4.2780680166399820
502.9229715190764978	4.1145171030335428
502.9259366213718749	3.9608466957622421
502.9289051221498426	3.8152428292011416
502.9318800207911977	3.6772744636396775
502.9348647745846961	3.5465197235717012
502.9378629082831935	3.4225853851297470
502.9408744157814226	3.3052498543232214
502.9439266000064777	3.1932827504795624
502.9469872507265791	3.0877159520930939
502.9500768103756627	2.9876315048968385
502.9531993650128356	2.8927558753274645
502.9563594431729143	2.8028264675657337
502.9595618581331564	2.7175974209854306
502.9628117563637488	2.6368383980097603
502.9661146704252701	2.5603335426171121
502.9694765068319953	2.4878821580699295
502.9729207838977345	2.4189445363139490
502.9764209514951290	2.3540376332586850
502.9800016398878597	2.2926451867408160
502.9836713425489165	2.2346132063546627
502.9874396308204609	2.1797951448707926
502.9911361279621360	2.1305716629424953
502.9951333722337949	2.0818154784797742
502.9992636435220561	2.0359170993698275
503.0035443524289462	1.9927400767134709
503.0079932712138202	1.9521799739687575
503.0126333817365776	1.9141185021673299
503.0174951986515453	1.8784186729342225
503.0225878892395599	1.8451422058849836
503.0279554204804526	1.8141306331943881
503.0336382890710638	1.7853117717595126
503.0396859416578081	1.7586188926424939
503.0461596199774021	1.7339907492226929
503.0531365051090233	1.7113714111019178
503.0607158688230243	1.6907101222711565
503.0690285330890674	1.6719611785277273
503.0782520486363296	1.6550838128129837
503.0885950466403074	1.6401084757562931
503.1005296708459014	1.6268489978833305
503.1145687864345177	1.6153732054665346
503.1317134143029648	1.6056435162342539
503.1507137576951436	1.5990085107542362
503.1825848607455214	1.5931551220752105
503.2413377150081146	1.5876130993053847
503.5075117400845670	1.5899077171525731
503.5464957308668659	1.5862123281351503
503.9614681697660217	1.5862904802081308
506.1455327022719075	1.5847560948894146
506.5757308251746736	1.5862556024370955
507.5453275808119997	1.5862257187526811
514.3417340329018543	1.5881509131147529
517.1865597364198948	1.5901676217955623
517.2176548279381905	1.5958140873550137
519.2588828301194326	1.6020389055327879
520.6234253403682715	1.6060934808385956
520.6641757093123033	1.6096910893139820
521.6095809523543494	1.6142337486662353
522.2772618599199177	1.6227303836445137
522.8816912308986957	1.6317149810150315
522.9146205138174537	1.6378277410184927
523.4811963940021542	1.6484000761599598
523.9338783163809694	1.6636705410718371
524.3101856849599471	1.6799797199415911
524.6488348283569394	1.6949130609127501
524.6790046730659469	1.7033998214325785
524.6904919221091177	1.7046972642550218
524.9837127399473502	1.7193203359530254
525.0203088826293651	1.7271492732294504
525.3108691398020937	1.7508210950767096
525.6248105591261037	1.7810426812829880
526.0171288333518760	1.8225105355711821
526.2304116064981372	1.8512102110902304
526.5190805374711545	1.8915225362716748
526.5544968088527185	1.9045571266557741
526.5613275660831505	1.9059761375557951
526.7206569950020594	1.9284263880987038
526.7782801409849753	1.9420529898789605
526.8866329147027727	1.9592320383619102
527.2009707122465443	2.0212102355449879
527.4326671239274447	2.0710730989254320
527.5025984286312450	2.0905244288470648
527.5280368757371434	2.0932096482489047
527.5786611260004975	2.1043294880141583
527.6214796718065827	2.1221065953923746
527.9213640988518819	2.1970777500932437
527.9634075930891868	2.2118432054232811
527.9912808932926964	2.2174174040636419
528.0628573945497237	2.2344464517022278
528.2853333238559799	2.2985684161782340
528.3436354291792441	2.3202166674139746
528.3725849421010707	2.3260583666989527
528.5476307398414519	2.3839078678820669
528.7607330434284449	2.4570788926668632
529.0409657423180079	2.5580738764075877
529.0779672909095552	2.5772029707739299
529.1070364468548632	2.5859600390557378
529.3373430178157832	2.6760251768673067
529.4038297038528071	2.7115469763080502
529.5671684667892123	2.7825512963270573
529.6552910708960553	2.8261948346032209
529.7444016782379776	2.8687264930461573
529.8477838179508126	2.9206399220410120
530.0226074497367108	3.0097444296255462
530.0764616610845223	3.0398537223465985
530.0851146428854008	3.0449191047986712
530.1674545798956615	3.0910797935963967
530.3051223248232873	3.1720122090986176
530.6066461508418115	3.3565899860423398
530.6420872495183403	3.3891538759793334
530.6737723635113753	3.4049644659756950
530.7945153203970676	3.4939301115830479
530.9506934470831538	3.6075366834917695
531.0230078103111282	3.6700313660082440
531.0724512024520436	3.7001559647094568
531.2395262815254000	3.8381380126748019
531.3269626426605328	3.9237129622334939
531.3730474698905937	3.9537216512343187
531.4062043842221783	3.9835673750722185
531.7127764385299997	4.2660369501447253
531.7210196143139456	4.2786657122684115
531.9578714775836943	4.5335680960936742
532.0335759336313686	4.6212162759756046
532.0335759336563797	4.6228320481613556
532.1916333632565284	4.8176711946299546
532.3612779282293559	5.0404422770642761
532.4463838101939928	5.1711260668533869
532.5313869237827475	5.2766545009366057
532.5711675602809692	5.3372703974113316
532.7690031411734708	5.6489182890858149
532.8216081200591816	5.7517160944775894
532.8866903059720244	5.8494341363462334
532.9340473277845831	5.9350182469527537
533.0752025662286542	6.2004107942467339
533.2360847761076457	6.5259848529306979
533.3499852861725685	6.7665203808046845
533.4348055285043984	6.9731097675968590
533.5671145745618560	7.2753396254726148
533.6548056472757935	7.5090615734524597
533.7550517698718977	7.8049184111688135
533.8786378934852337	8.1514841230977755
533.9592761587563245	8.4048188749583410
534.0511035557680088	8.7258901597447096
534.1595769511283152	9.0855456957484027
534.2378466802554158	9.3758866375551158
534.3219679821396539	9.7242365937683886
534.4404944945982834	10.1934689823061877
534.5144498573038163	10.5199774765538052
534.5966772255939077	10.9239124740810603
534.6985001605841035	11.3987228146845414
534.7672988382093990	11.7563144417527141
534.8504621261058674	12.2346199248420593
534.9485310969640750	12.7648890425269688
535.0116871807417738	13.1464998977956373
535.0953318756328372	13.7036189383318927
535.1821004463621421	14.2540470230457199
535.2502845743674698	14.7355291978678622
535.3313583211973992	15.3349446868652208
535.4054624563221978	15.9443304887657824
535.4932861093499241	16.6287612780175920
535.5585602129693825	17.1926447505490856
535.6400015946865096	17.9316315849126333
535.7148415904759986	18.6828249020983712
535.8002068595927767	19.4964281946965485
535.8723515924752974	20.2536635917515930
535.9525078979754653	21.1326625648111133
536.0410965756689166	22.1926922438654834
536.1192023912478817	23.0878597227808093
536.1970924000505647	24.0721038975184491
536.2808455354871739	25.2286102223719304
536.3692213024288549	26.3965659457630721
536.4497802857932811	27.5566951731281407
536.5369692478324168	28.8702791889157417
536.6238090264591847	30.2962307439733536
536.7195444966150717	31.8022081900787583
536.8060639864986570	33.2795863945122008
536.8999505500514715	35.0185948128420748
537.0020572532528149	36.8343558385333765
537.0968420137349995	38.6551876153569012
537.2010328577166547	40.8148994595765373
537.3118171007773753	43.0245291865549149
537.4243209685249667	45.4365899632550878
537.5442329375990766	48.0972155292037868
537.6729463160160094	51.0494808863644991
537.8089926233860751	54.2714802555986537
537.9602884959928133	57.9656281635114894
538.1240199616187283	62.2060667157074931
538.3099303176167041	66.8819349104779803
538.5166952390559345	72.3548556839297419
538.7682564616052332	79.1597730759580713
539.1019112712791639	88.3484199113446351
540.3421413904575275	122.8919868352335385
540.7158243857898015	132.9220513041477147
541.0646859010241769	142.0296770603141567
541.3910558658934633	150.2741294692066560
541.7008243695723877	157.8070453357981648
541.9974869224806753	164.7128083781032331
542.2818401491825853	171.0081340437399149
542.5547497174752607	176.7121431647974248
542.8162148475613549	181.8263405504237937
543.0673609739690164	186.3763001605005911
543.3074225159700745	190.3544287396524055
543.5376284344024498	193.7899820133564219
543.7555562568718415	196.6628952119560267
543.9656790447778576	199.0483941593941779
544.1679238966368075	200.9523109485948567
544.3632396878131203	202.3917884042961362
544.5513815780443565	203.3740179993503716
544.7326207061339574	203.9118291007758330
544.9058709534249374	204.0216621208705021
544.9058709534249374	204.0216621208705021
545.0739229253629219	203.7208433057468540
545.2303287856882434	203.0443455880874524
545.3871426025937126	201.9760681243730289
545.5365697152813027	200.5593689092710008
545.6860045880123380	198.7260660521771172
545.8280828236000843	196.5896000525804936
545.9601898832352163	194.2202606163141922
546.0976425724805949	191.3725190197484096
546.2284896402832146	188.2704073300431276
546.3539926921812366	184.9164954179300935
546.4797596514468978	181.1688581740660027
546.6005864483877303	177.2082640555138937
546.7182928287809318	172.9892693783137076
546.8336311169819055	168.4854816477377142
546.9493839356184708	163.6231324677781345
547.0596520574746364	158.6592520275483480
547.1684579004736406	153.4356211300409711
547.2731652266195397	148.1015289617648136
547.3787652752829445	142.4205422197396445
547.4796773897725188	136.7057078240308385
547.5824797198520173	130.6052731268229081
547.6833258598898055	124.3532637318787124
547.7835054020081316	117.8830151485136781
547.8840773152340944	111.1433887644787433
547.9843886712745871	104.1912461246514852
548.0847655456610710	97.0216596933168489
548.1929953107641040	89.0798786196820060
548.3079677617048446	80.4399371374001930
548.4280707784121205	71.2375973393819777
548.7713084823333247	44.6715901399104851
548.8205884897665783	41.0372882870675397
548.8663828402935678	37.8047816680703193
548.9093383534559507	34.7656761585541787
548.9484723433653244	32.0100795174818131
548.9824435846720689	29.7463615186358545
549.0122744284576584	27.8709918881358263
549.0411716662382560	26.0503272120212763
549.0687261578144671	24.3206724724517720
549.0912964566455230	22.9929690210899942
549.1153853414944024	21.6231911355628093
549.1368542804250410	20.4862378678877484
549.1589789270454958	19.2730668687687370
549.1777304151631824	18.3176663269305600
549.1968176829880122	17.4153347371662086
549.2159298988958653	16.4774836542512446
549.2328028932446387	15.7130895912661099
549.2499606917418760	14.9964997694852631
549.2666000722854278	14.2725725457928672
549.2818872193176958	13.6631669705232177
549.2979426068469593	13.0504459598999762
549.3133455512045202	12.5141997792492159
549.3292842663250894	11.9343833950933256
549.3432683341815164	11.4717324913703322
549.3579380731392803	11.0090889007865655
549.3724216840840882	10.5748481026281809
549.3866973489530210	10.1684740404799676
549.4008439095460972	9.7865902375244271
549.4148885181569995	9.4275368450765704
549.4283245136015239	9.1030446527947753
549.4423579375516056	8.7829201924065714
549.4562471598126194	8.4843065025753237
549.4701547822728571	8.2028574815813418
549.4841039751815970	7.9375846338298484
549.4981029808615176	7.6878555432252211
549.5124530303756956	7.4481991374673671
549.5267009261189060	7.2259291046317990
549.5411183131104735	7.0161409731733562
549.5557325454155944	6.8182153596468433
549.5705805852746835	6.6314716100932625
549.5853328664134096	6.4597457474541784
549.6010163653336349	6.2914389626456542
549.6167898459201524	6.1356532360076672
549.6329851483817492	5.9887720471491912
549.6496638574554936	5.8503084160429539
549.6668945899017444	5.7198149311751889
549.6847561101179735	5.5968676583085237
549.7032658334961752	5.4815454530750927
549.7228642451892711	5.3714802578724514
549.7427980888253387	5.2711905790125586
549.7643909575931502	5.1749265926892445
549.7870678572118095	5.0853622600259838
549.8112773520274459	5.0011096282769145
549.8373073447014576	4.9218051010312998
549.8656262895475493	4.8467764920416281
549.8963579574211735	4.7765455146910467
549.9306483445885760	4.7108853680835052
549.9688324790660090	4.6491377221312193
550.0127235199066718	4.5896022431753902
550.0612731813821483	4.5349989516649130
550.1231955573309733	4.4792894080836101
550.2021152371881954	4.4213070299158925
550.3079793078360353	4.3621567998968098
550.4131742726629000	4.3157590883547776
550.5778088941076476	4.2600647751294440
550.7741503910560823	4.2150052974457903
550.9203877387313923	4.1919777167829153
550.9203877387564035	4.1946733824586433
551.0477688611618987	4.1825156195107374
551.0477688611869098	4.1856027937625013
551.2305615624342181	4.1850883061582103
551.2305615624342181	4.1825020517504692
551.3182622178637757	4.1915702830066364
551.4203917389278331	4.1988793147402959
551.4724821508519881	4.2068188237463060
551.5916588978041091	4.2248157607650842
551.6404445918764168	4.2336679619080453
551.6404445919014279	4.2358766717612619
551.8392919491886914	4.2851317677144500
551.8392919492137025	4.2868164855430733
552.0317712196721232	4.3526557258585052
552.2315389279466444	4.4334936476145357
552.2315389279716555	4.4354841742896873
552.3931030841579286	4.5171315591035244
552.6053504194820789	4.6363081725532060
552.6053504195070900	4.6402834165336966
552.7898943301676127	4.7619480873234457
552.7898943301926238	4.7650281368626182
552.9790291058400271	4.9110532847809765
553.1848710641206708	5.0909866450926513
553.3998465021828679	5.3041390512096820
553.6363749732043971	5.5718222060745841
553.9025923310546204	5.9186863768524631
554.1047339420189246	6.2292923483700493
554.2388548208414250	6.4510118024455023
554.3090402253443472	6.5899222658922678
554.5513830048205364	7.0274290046620260
554.5882375433695870	7.1067484518688842
554.7551346974871649	7.4774748368326387
554.8994041067206808	7.8328976070258687
554.9932564855791952	8.0958215158813136
555.1330412307855795	8.4644750606520667
555.1838546832049133	8.6099656352626539
555.1838546832299244	8.6167305549054323
555.2973457791213150	8.9718765274371624
555.3812485752099519	9.2699580451591448
555.4792233149763661	9.5954211008554324
555.5565649640096808	9.8853070929608116
555.6497951928008661	10.2728635550978815
555.7545557316552731	10.6860201971140203
555.8355752648215002	11.0423837827231726
555.9198392207902089	11.4559561074861840
556.0290230716217366	11.9662222862928154
556.1083490382318359	12.3788471830505866
556.1903561539731982	12.8539422484335262
556.2998523161177218	13.4567144556749234
556.3723792127357228	13.8984409687860531
556.4568565281286965	14.4398303976533260
556.5282635183533557	14.9544077287143651
556.6168611560258341	15.5541538323067279
556.6900117179177414	16.1040321955016097
556.7732048964896876	16.7588973912589303
556.8609157485079777	17.5188937723491520
556.9491909531337797	18.2469052298653942
557.0175601760308837	18.8721720836776399
557.0997713034809067	19.6610622956573522
557.1835809331541896	20.5462307317247976
557.2701920710746890	21.4184742321054493
557.3502209325771446	22.3049113840392046
557.4343116647089573	23.3257451129424815
557.5238255617816776	24.3588116293516173
557.5985372150350941	25.3062430240219314
557.6839622707766466	26.4902029350666197
557.7759974049213270	27.7081694063963830
557.8697452533173191	29.0601478404090550
557.9544325128675837	30.3979752686963316
558.0506690340666864	31.8492624554810213
558.1456171327170068	33.4046380033102039
558.2419434332447281	35.0441633595179809
558.3430277459882518	36.8381980302441860
558.4474572490696573	38.7646161908597691
558.5583457350211347	40.8878926308529884
558.6675113446976866	43.0551047050442577
558.7857314490057661	45.4891890259743050
558.9136204276070430	48.2148175943040158
559.0457888541371858	51.1284399552116042
559.1884507872092627	54.4846625994520934
559.3433543518787019	58.0104990931352518
559.5088757050727963	62.0090326041061388
559.6962754943683649	66.6583675503914321
559.9119248173401502	72.1415753648686149
560.1721547170827762	78.9044076365930351
560.5241788988380449	88.2169272385701078
561.6920884007282666	119.4706469741004469
562.0705211808535751	129.2378467415375667
562.4205187734645506	138.0200317841604374
562.7477318011052603	145.9599650796544950
563.0579210764317395	153.2006368812583617
563.3552174858162971	159.8382051171136027
563.6404855916063070	165.8903185500475104
563.9099735114704117	170.9433779240288516
564.1713850122223448	176.1850758055762753
564.4228666549769287	180.5501940137950498
564.6648212490658807	184.3920117831884227
564.8976300546488574	187.7213072083612531
565.1185167928281317	190.5126355259425281
565.3329660105600851	192.8473504882059046
565.5399327087060328	194.7167122978573843
565.7393935901652640	196.1282912350748688
565.9306133851432605	197.0926382407069468
566.1159628977301281	197.6341194569700406
566.2922944762327688	197.7604684673530357
566.2922944762327688	197.7604684673530357
566.4641213418473171	197.4918656402439865
566.6247602556939000	196.8570865633020048
566.7869016583066468	195.8393233064334424
566.9430789955391674	194.4687791299851085
567.0919159453875409	192.7819825439110843
567.2421521635653789	190.6793567336817148
567.3856450251380465	188.2945734953411829
567.5212529810371507	185.6682420519864536
567.6606042907706069	182.5913285329845337
567.7920182130369540	179.3251831900741422
567.9165423188355817	175.8777174023917382
568.0457159289002220	171.9432796679838873
568.1697729619683059	167.8205953359069440
568.2915273870962665	163.4306466301599698
568.4083669495281583	158.8925617191535196
568.5250146517792018	154.0441234886613984
568.6399365533776518	148.9515607809707944
568.7519946533267330	143.6874135957044700
568.8634060291224159	138.1598048128605569
568.9724675622920813	132.4712431917173490
569.0812605741508605	126.5052151718832363
569.1907683848841089	120.2386934166059405
569.3001592722959003	113.7283409516970067
569.4095730087199172	106.9793234949633103
569.5187955452784081	100.0202712949599260
569.6287193941764144	92.8126615423296215
569.7505218738110671	84.6205220362543855
569.8894189851154124	75.0752290953011965
570.0542787899618133	63.4480876570613859
570.2497315074660946	49.9085041970074315
570.3333577443082731	44.2735393865999995
570.3846728971896027	40.9736803744043812
570.4347314863151723	37.7376875400526544
570.4825241868043122	34.6580008047881520
570.5196415044702007	32.3891285291808373
570.5556414010675326	30.3078643331252877
570.5922933339894598	28.1282167335647557
570.6236955524673249	26.3755178336928644
570.6521548502059886	24.8876731277917891
570.6818573165887756	23.2845312060589400
570.7061351940099030	22.0607388643816407
570.7307162002115319	20.9055849512265119
570.7550475902463631	19.7209600768704796
570.7771580842716048	18.7252906204865610
570.7985747711204567	17.8335026391165989
570.8201022200729540	16.9017842841721091
570.8397574914090455	16.1187693298825749
570.8591761920090448	15.4079736555553328
570.8790187328601178	14.6510787907324591
570.8963940444177751	14.0446071113461759
570.9143848461174002	13.4442018036266209
570.9324786249287627	12.8697872318472033
570.9497478389453136	12.3479953974181065
570.9667857682477461	11.8582823496459149
570.9835304660816746	11.4011114595528049
571.0005180376015232	10.9611059619507500
571.0170002453935467	10.5568510566263232
571.0333891548021938	10.1765370329766078
571.0497031224645070	9.8188903709195614
571.0659426663950171	9.4830911549284380
571.0816830652669296	9.1770359530184997
571.0980077692241821	8.8785153339939313
571.1143283475688577	8.5985394097785832
571.1307527343421953	8.3346733441959913
571.1473149867086931	8.0859766614202773
571.1640347099948940	7.8518126122732577
571.1811191893965542	7.6291058921664741
571.1983366876661421	7.4207585147752955
571.2158643346391500	7.2242971065345403
571.2328130530167982	7.0491744523827196
571.2511356096539430	6.8747297254584101
571.2697611424181332	6.7120409594018025
571.2891283500447344	6.5572687756074401
571.3090184843882753	6.4124138935446675
571.3296325952660482	6.2760892278239195
571.3510744031688091	6.1478626263126497
571.3733439679029971	6.0280072898848056
571.3969206437592447	5.9154503619289196
571.4217526347092644	5.8100742714719278
571.4478919516312772	5.7120766525583724
571.4758008703014411	5.6202052600441466
571.5058165120524336	5.5340756537789257
571.5367162455055450	5.4576710840827953
571.5720477392166003	5.3837054589221562
571.6113753842823826	5.3141800607778036
571.6552651568442798	5.2493960839805922
571.7006089046619763	5.1946018370346838
571.7579877898353971	5.1392442905138349
571.8271013544413108	5.0862285338405533
571.9117449207860773	5.0390331837567670
572.0125200170065227	4.9970052848168667
572.1531821269769580	4.9588512204766158
572.3320576651638021	4.9347526383440536
572.5346195216050091	4.9326182601346895
572.5346195216050091	4.9326182601346895
572.6475606154625666	4.9424599633471233
572.8636846335551809	4.9791748355258161
573.0458092176700120	5.0297994557123804
573.2019485311076323	5.0873113361222160
573.3658980799530127	5.1610834645832764
573.5339284331226963	5.2516098455817088
573.7060337674305401	5.3605081177379859
573.8860483080559334	5.4923510785307119
574.0657525601786801	5.6435639711581249
574.2543694018191900	5.8243457176448761
574.4523822769576782	6.0400316591274166
574.6630097340932934	6.3007679883150889
574.8739901421346303	6.5990053029991120
574.9470752793814654	6.7266223679843522
575.2254093841593203	7.1728322615335935
575.3290022514574957	7.3795085201222825
575.4656101416992442	7.6650736064795080
575.5692490345560373	7.9111054220993395
575.6964792032924834	8.1934669676991838
575.7713131722615572	8.3841107394198069
575.8921410091746793	8.7067553327114471
575.9883123803100489	8.9979040181321910
576.1245619126402744	9.3860521463539275
576.1900064114751103	9.5979208731708248
576.3006150546664230	9.9729813969328163
576.3899294395084780	10.3155271940365996
576.5051937254464747	10.7315559214812204
576.5738225758354929	11.0112551580202815
576.6680334091180384	11.4145555121637745
576.7543001245429650	11.8293690979232604
576.8494798312573266	12.2607296842008910
576.9348886114105426	12.6979184175023292
577.0220945509161083	13.1939274143899024
577.1209571981640920	13.7265379478456726
577.2041801156598240	14.2241488647716370
577.2881237248284378	14.7819619581669528
577.3888398030397866	15.4169317280749603
577.4648481852750592	15.9482433590695329
577.5493309824578319	16.6013390876629572
577.6467234597233755	17.3158160575086484
577.7204632407893996	17.9151168267135006
577.8101261943210147	18.6763703769477765
577.8940161380988911	19.4641462560095917
577.9886786571049697	20.3034327097659357
578.0632155264947869	21.0336101889658025
578.1525899162819542	21.9524836080729919
578.2384327577282193	22.9240117880115406
578.3310448276265561	23.9217794677049369
578.4185835291596050	24.9561728118558506
578.5109814926539684	26.1491196316828969
578.6061557098282719	27.3219162184707649
578.6978490480378241	28.5620855671382827
578.7919814726750474	29.9507010282190080
578.8986237290334884	31.4588982121201113
578.9913948914183948	32.8832238922651783
579.0933538039579389	34.5147603442805035
579.2007431833417286	36.3015247925184426
579.3073128383144876	38.1424036431974258
579.4196904074398162	40.1633356548979918
579.5366712277125316	42.3466095382174501
579.6589886689195055	44.7132037176661328
579.7882047763258697	47.3968488976696918
579.9267536111830168	50.1722001734883918
580.0703956236874319	53.2477765325211010
580.2308402208898315	56.9043384040322309
580.4056697247170860	60.7669316224977223
580.5950136113551707	65.1943668249416959
580.8146589900609342	70.4602386586266505
581.0766745049803603	76.8839114034051647
581.4158371643454757	85.3557329246528980
582.7014106116765788	117.8391304450072852
583.0690788436511411	126.7614746156351941
583.4138015055748383	134.8797778701157029
583.7369712416518723	142.2234623561079729
584.0436558648779055	148.9103946372239875
584.3335658886639976	154.9417318579310745
584.6137498088575057	160.4673184495930514
584.8846193173454822	165.4910469992434230
585.1452040193747735	169.9939335909105864
585.3948342479895928	173.9720370527088562
585.6371686447463389	177.4871159284513737
585.8668846698889183	180.4721879792072912
586.0907303828290651	183.0263441307074288
586.3077469846922440	185.1374621237376061
586.5149765078613200	186.7887118671135340
586.7170423248047655	188.0278270052020844
586.9099695655972937	188.8413275075833155
587.0992152398699773	189.2635676486970908
587.2802104963262764	189.2936891963106234
587.2802104963262764	189.2936891963106234
587.4527421197545891	188.9507253911325222
587.6287068261058266	188.2179879464494263
587.7961895216672019	187.1378484219971199
587.9562007851153567	185.7318353132360471
588.1176208880583545	183.9290229856625842
588.2710373558197716	181.8509414131213191
588.4157068543684090	179.5335256786675302
588.5658779027164655	176.7651838057966813
588.7074812866359252	173.8023249704102113
588.8409068787860861	170.6700254449540921
588.9804319357216400	167.0480940707251705
589.1147032077703898	163.2280493002320441
589.2465364277649087	159.1423313526210563
589.3736837617872197	154.8851448396850401
589.5014090762357455	150.2957584192346587
589.6264205070361868	145.4940486963229205
589.7506556155944963	140.4277332767737505
589.8692992064306964	135.3106645111577677
589.9901802230385783	129.8257282764763545
590.1117792951907859	124.0411467519961661
590.2332869286008190	118.0031715443897724
590.3547719345984888	111.7201285976711631
590.4763537276326133	105.1988583455939619
590.5976685021313415	98.4741245764322031
590.7198912662939847	91.4991973802748504
590.8546414863494647	83.6081009601439575
591.0241407447704205	73.4833838753398680
591.4378401923851243	48.5701466846145848
591.4947059705435777	45.2873224501386602
591.5656842489527207	41.2755105932619912
591.6226495105149752	38.2114682673093569
591.6728975294037127	35.5060504157980219
591.7216430788316757	32.8914611829167782
591.7609555603009994	30.9024316961611767
591.7995173679489653	29.0667049785489304
591.8383115120828961	27.1631993682996757
591.8721385130955923	25.6126656985777217
591.9038477947474348	24.2574484951980693
591.9370800919875819	22.7891051569082990
591.9643566367013818	21.6691073886301027
591.9919909904028827	20.6171656368458791
592.0205843645683217	19.4907365819215102
592.0453015017369580	18.5927201939469136
592.0700718498070501	17.7648347837131162
592.0952829322075104	16.8869940132417113
592.1173121026010904	16.1846674421661021
592.1403710611846236	15.4814472791606974
592.1618808992908498	14.8860181434026089
592.1853371351918440	14.2062850854559315
592.2053716920828492	13.6799934651824113
592.2269120690918953	13.1415731647550551
592.2478044315439547	12.6463680919563632
592.2685140025357668	12.1813299251000071
592.2890681944769540	11.7447335626524527
592.3093880642147724	11.3371530609084701
592.3300954211757698	10.9467866536421514
592.3503720757795463	10.5873540208318655
592.3706990680764193	10.2489276330440866
592.3911054066647921	9.9304372354664334
592.4116750472286412	9.6300643024855646
592.4324124684907247	9.3473515370081302
592.4533479245209264	9.0814842180638973
592.4734848842900874	8.8442815682011737
592.4950619006367560	8.6086932875802340
592.5168616366762535	8.3888708970441659
592.5393751662022623	8.1797339063532295
592.5622297404210030	7.9848626530195972
592.5857171794104943	7.8015948706375315
592.6099269284131879	7.6293649906861507
592.6330504532539862	7.4805660194205537
592.6589068068004735	7.3299024458987425
592.6858383022641874	7.1889295428679381
592.7139443388532527	7.0574905320658790
592.7435146202055876	6.9346659385585756
592.7739656596762643	6.8232588636551119
592.8070455369584124	6.7184811648820455
592.8424207259423611	6.6216018258117666
592.8804921083232102	6.5323829913514295
592.9216540917678913	6.4508398804078606
592.9665825195227171	6.3786455221631915
593.0164907958234153	6.3135896316748470
593.0732978150036843	6.2548263672568938
593.1366259894027735	6.2072346470475450
593.2119625586042275	6.1666342770995310
593.2828568223020511	6.1425993666643635
593.3878491517582461	6.1237253868332298
593.5129798397924787	6.1237359314600397
593.5129798397924787	6.1237359314600397
593.5971286155037205	6.1340014581950157
593.7520845098691780	6.1693164723131666
593.9256511973092074	6.2327007350227710
594.1047673516364966	6.3219841627207387
594.2827738012363170	6.4339240863926168
594.4609102577081785	6.5690359749551659
594.6369145261520543	6.7258704371223654
594.8149162106130916	6.9092604945672029
594.9967745502589196	7.1236029875856959
595.1828124899301429	7.3730245575199458
595.2913768911586203	7.5360785502176624
595.4354075482742701	7.7674319093549693
595.5982062245317366	8.0565642082993421
595.6978996644903646	8.2654292711150461
595.9090301724367009	8.6852928477679328
595.9944711712894332	8.8859142923480441
596.1341704325459432	9.2350827994559666
596.2370103316067116	9.5291001497715317
596.3690933781324475	9.8822568849776715
596.4619763246024604	10.1689733795682447
596.5718323691305613	10.5268722773792920
596.6739811458058966	10.9017302273954186
596.7980580333224907	11.3316001435304941
596.8732761356595802	11.6262468920141178
596.9762517109172677	12.0501094181464516
597.0671572105628684	12.4719374405592927
597.1856618936484438	12.9915594741804608
597.2598018316621165	13.3568712622027643
597.3538179704834192	13.8438415928476477
597.4366374587748396	14.3271269987327710
597.5484575225152639	14.9447136628762305
597.6291912679137113	15.4409678731987903
597.7280131462526924	16.1099169532066391
597.8295105267525287	16.7646256570436307
597.9100463869275472	17.3417772840526858
598.0063791590835081	18.0631268785345434
598.0929894891089589	18.7839789395609955
598.1970323416835527	19.6045073689858746
598.2761492768100879	20.2944222961065428
598.3792252239045411	21.2344130901594319
598.4715522089651358	22.1638203708861852
598.5726670923540951	23.1283594415930409
598.6538470022024967	23.9821553382688855
598.7502082990160943	25.0424019913091271
598.8486517021564168	26.2281753137761022
598.9478668607255258	27.3698805129918838
599.0441775196865137	28.5819587366688559
599.1475572516196735	29.9328934519428458
599.2418607031681859	31.2846214464454349
599.3517557299165901	32.7874449569590993
599.4597512421624970	34.3913296925065097
599.5700316771808502	36.0918978594148996
599.6856880880667404	37.9516498440690242
599.8053909853406367	39.9519605687229173
599.9296065275447063	42.1068610795424050
600.0596591309182486	44.4458026245809208
600.1962281163424677	46.9898509961380384
600.3441923556907796	49.8411901370989767
600.4993901091689850	52.9313015903156341
600.6677310162318690	56.3890019358090555
600.8510060204223464	60.2649553185538664
601.0576946489815100	64.8879344842570305
601.2989630430370198	70.1363339509152581
601.5892234038532251	76.7536111757909367
601.9855062965881416	85.9490063880010524
602.9790958002841990	109.2715097073416359
603.3724091644044165	118.1833010547690179
603.7221494508784190	125.8804897785105084
604.0482859507484363	132.8152776604292740
604.3593647601898056	139.1696806869905458
604.6573699603904970	144.9805669092779681
604.9391794465383327	150.1934152113655614
605.2146384200830198	154.9922712455579017
605.4752369946284034	159.2309772692909746
605.7319005927190574	163.0917767964522227
605.9755691431566902	166.4391354242394527
606.2157544246350653	169.4093824737950058
606.4445787011335369	171.9068897308323756
606.6691386524689733	174.0171825643220416
606.8849450800171326	175.7019891970363688
607.0959498297416985	176.9984388464596350
607.3002030108054896	177.9006407048732683
607.4990244940233879	178.4200160855190518
607.6909412340639847	178.5635255208459000
607.6909412340639847	178.5635255208459000
607.8759241828026916	178.3477334710295281
608.0484165091678506	177.8030677935656740
608.2308330859920034	176.8794230974169466
608.4028744480358455	175.6482648898004868
608.5747179918612346	174.0487811236431810
608.7399395553408112	172.1684493469919346
608.8991108572436133	170.0107816042795150
609.0589167498998222	167.4871688199127959
609.2135659411728739	164.7144140656940863
609.3651288359583305	161.6597898361740988
609.5115457476828169	158.3871855712740171
609.6583952938802895	154.7852340343748097
609.8022878632194761	150.9381044164935872
609.9408947647674495	146.9326181229769475
610.0812793646559840	142.5645063505085659
610.2209018259570712	137.9320542170435715
610.3642752446947952	132.8897616750574571
610.5018746910352547	127.7742426684426249
610.6392886638546997	122.4022224959316958
610.7764166461524837	116.7882339444409752
610.9133431044990630	110.9407662367286065
611.0465571544077648	105.0259840676559122
611.1867408123366658	98.5899419180309309
611.3498295006668286	90.8794079181401315
611.5265078506220107	82.3069682296775085
611.7444415519989889	71.5346622032800923
612.0700302601936755	55.3256134773340662
612.1827533648003055	49.9071732170428177
612.2719193243548261	45.7207629840509426
612.3466804077487495	42.3793170399879315
612.4106985877033367	39.5151437336704987
612.4726345688803804	36.8199569808115044
612.5269418474849772	34.5262505202749637
612.5808707891387712	32.2581534908227923
612.6259416186785529	30.4824569241198198
612.6705929540913758	28.8383972253140577
612.7146506729487783	27.1600177855725597
612.7539709020325063	25.7698829934765712
612.7919961239074382	24.5247140192418911
612.8319637964563071	23.1671499617525427
612.8644618273449396	22.1490043133565280
612.8994699523252621	21.0979080719761107
612.9321949005978922	20.1984330952717031
612.9661592034516389	19.2243702507441441
612.9956136550142674	18.4532785308762968
613.0249465457671931	17.7208386476359081
613.0555437665099134	16.9941227373798434
613.0847795667059472	16.3346427953578583
613.1136553500676882	15.7164619265480461
613.1421961043613464	15.1374761965268689
613.1701570102335381	14.6009946447571100
613.1986260168523586	14.0867102922750469
613.2263768254538263	13.6146292653999268
613.2541044895360756	13.1709685998564492
613.2817739326509354	12.7553928375787446
613.3099438472820566	12.3589862200369520
613.3369718639495431	12.0039889584794981
613.3653048275554056	11.6576542143426103
613.3935800712849868	11.3365069288117475
613.4224172670125199	11.0327773618866836
613.4516178189229549	10.7484928979311256
613.4812829591280661	10.4823461377462603
613.5093477171152472	10.2518369310272188
613.5401460705101044	10.0200753581884339
613.5716182646536936	9.8045558109825137
613.6042828950293142	9.6018236288469367
613.6380211699621441	9.4130463664998825
613.6701011536533770	9.2529066954469705
613.7061894541641323	9.0922917782657517
613.7439948711646593	8.9438694436947372
613.7839108788649582	8.8068097767254958
613.8233702503856648	8.6900983477711478
613.8673869904400817	8.5796799824158665
613.9144433544845469	8.4808754902795052
613.9650535835713754	8.3937317144912900
614.0188788312491397	8.3221888950137615
614.0780057794362392	8.2628574201368838
614.1413035783333498	8.2183140017475456
614.2118064731771483	8.1901987587327731
614.2929041236619696	8.1777994469289474
614.3634855760476512	8.1842611898154587
614.3634855760476512	8.1842611898154587
614.4482810057199913	8.2067748126773896
614.5364153830394116	8.2468882469218308
614.6556235740747525	8.3215816681427164
614.7876148547919684	8.4306454066515339
614.9021377150373837	8.5439002468520560
615.0444931484029212	8.7066190483067469
615.2000257056345163	8.9127060135070053
615.3005662933701387	9.0629701000964058
615.4449620594400585	9.2979145011409070
615.5946540928239301	9.5703252155066423
615.7035224731642984	9.7871327667837456
615.8486054962204435	10.0999852364620146
615.9482353238938686	10.3542481438137752
616.1249953619322923	10.7752090015142166
616.2174327118181054	11.0323878105208895
616.3489785505547616	11.4232849731119259
616.4602166289764682	11.8002435550163955
616.5794413755210144	12.1782538345067906
616.6748790118404031	12.5258486529757125
616.7969367006406856	12.9957358118969566
616.9001228394781720	13.4454086855373713
617.0242494351082314	13.9545373116412961
617.1095974590504056	14.3492946064187130
617.2133031117703013	14.8544741951566515
617.3227161506856646	15.4185284187563187
617.4202434587552943	15.9832130319953567
617.5297912714974018	16.5814421663244786
617.6149068061699836	17.1023813091066081
617.7182326590408366	17.7686730274967850
617.8063940496255100	18.4077281741899661
617.9172211564485906	19.1638311915357100
618.0072964051456665	19.8451783068344412
618.1136900681345878	20.6864681247544269
618.2101654485761628	21.5323876133006209
618.3231667848602910	22.4720141324796998
618.4205193395994229	23.3635150335713249
618.5261142500045253	24.3700822282597969
618.6209181160871822	25.3706782369142338
618.7327521784574174	26.4934443080829070
618.8373291937209615	27.6442521428374910
618.9427776165872501	28.9151640848338900
619.0579040624951404	30.2383070316635916
619.1679770676887529	31.6188851405373015
619.2845685167962984	33.2103531584641303
619.4133636626626185	34.8969284480594482
619.5264295749360599	36.5018250801046023
619.6521208086893466	38.3598828272377688
619.7825435109901946	40.3634422157627313
619.9183865514733043	42.5297706606199313
620.0603619404123492	44.8780545098701538
620.2099307853380878	47.4406745877373055
620.3684637489985789	50.3512727770294219
620.5431957969607311	53.4498356921078965
620.7236303997591449	56.8595420347146785
620.9279299104795200	60.9559156171768635
621.1579129869015787	65.4299365004002311
621.4169985484143126	70.7378303249707869
621.7440631834905389	77.5794368771516503
622.2704834192779799	88.7652383063500565
622.9476393001323231	103.3167600061992033
623.3524889045240798	111.7077620394546926
623.7052602503504204	118.8094655544410188
624.0350325411665153	125.2224995776517602
624.3497354219044837	131.0977690078839828
624.6507518077984287	136.4566059558724476
624.9370529611881011	141.2858895823372904
625.2150618299212965	145.6942894432734477
625.4826555275260489	149.6496073335405299
625.7379330821198664	153.1325889581802073
625.9899449734225527	156.2680883865352541
626.2333822152604625	158.9875344131212671
626.4670531442494621	161.2874854706458052
626.6978952356075752	163.2387447155309985
626.9213156979865289	164.8020084785496238
627.1374297734801075	165.9887910566844766
627.3497769215809967	166.8212842115814851
627.5563463464085316	167.2954098937703407
627.7573095061856066	167.4205155029500247
627.7573095061856066	167.4205155029500247
627.9527594800943007	167.2077715187004117
628.1429055694289900	166.6679036052948959
628.3280661155938560	165.8124455947974241
628.5021558772741628	164.6868789830880360
628.6863154771306199	163.1665841497633949
628.8599054121018526	161.4086258321866296
629.0311405338075019	159.3510471583462618
629.1996699775240813	157.0032988368602389
629.3663118856278516	154.3448963326650585
629.5347858947465056	151.3434229237021782
629.6975431652516590	148.1375112073700961
629.8569774244823520	144.6912992039749213
630.0161812117918316	140.9564493259146047
630.1696557974946700	137.0740832991843376
630.3257783076402347	132.8468734875352482
630.4813535769345663	128.3636321677894330
630.6363709859998607	123.6345584481713473
630.7907953689400529	118.6714275768559474
630.9434260064145974	113.5254868528476635
631.1017947764506744	107.9452646286200377
631.2712296071363198	101.7434379866509317
631.4418824688414134	95.2852862890390355
631.6220241461520573	88.2792784629764498
631.8660647985976766	78.5676754787352394
632.4388138213849970	55.5807018374355550
632.5622244746102751	50.8528757435256864
632.6599539439922637	47.2979367773618691
632.7546578337465917	43.7603788283846384
632.8299788784854627	41.1073054764469106
632.9047109773617876	38.6309542159540200
632.9719896103407564	36.4015448856238635
633.0374699740996220	34.2387300201714098
633.0941422571414705	32.4958008163363843
633.1494860995796898	30.8570594994886029
633.2038219493001634	29.3683624843948792
633.2574043509329158	27.8430662231136701
633.3037356587960858	26.6305768255895927
633.3521732585829795	25.4164227345443123
633.3982522133336488	24.3612546780670236
633.4462673662727639	23.2137580981199143
633.4886472765920189	22.2948795890665892
633.5313081541011115	21.4144394683122350
633.5730794519352003	20.5956745772577037
633.6142151031702952	19.8312567309115657
633.6554441957586050	19.1084917631760050
633.6953771066358740	18.4478538538946424
633.7359860958033551	17.8149657471603753
633.7749451372551448	17.2444049348254431
633.8147164462437786	16.6996910640358500
633.8538186948026123	16.1988734793277658
633.8938005711817141	15.7209172120539247
633.9334134072696543	15.2802458988993273
633.9704035699581937	14.8992996108140243
634.0104621188006604	14.5170633202397834
634.0513534718461415	14.1574503415298576
634.0926654675004102	13.8240016934517200
634.1323234800684077	13.5321345454333670
634.1749972288134813	13.2468383663323923
634.2184648753574265	12.9843507693052285
634.2636575380961403	12.7392162962305058
634.3067503564585650	12.5316953446831256
634.3541423430349369	12.3302070626667284
634.4033910934867890	12.1474238099359653
634.4546476497732783	11.9833964623004956
634.5076497572547396	11.8419157992381816
634.5634458764965302	11.7188904092273596
634.6226031151246616	11.6142247773958474
634.6794555334448660	11.5379581958616146
634.7445790906770071	11.4759294336832589
634.8147427886202649	11.4347780556457046
634.8800737040124886	11.4202409591006866
634.9586025532179292	11.4276751861029311
634.9586025532179292	11.4276751861029311
635.0344171408485181	11.4573388095804418
635.1229805510389497	11.5194302728687106
635.2193297485681569	11.6132582044369617
635.3199003311397064	11.7414881962934796
635.4280377197779899	11.9060922350823137
635.5403542841452236	12.1083183027692822
635.6565883681686273	12.3446182661774593
635.7775497508682747	12.6232919939977588
635.8977213023267723	12.9276062375904335
635.9998896743394425	13.2115489119165481
636.1218567494961462	13.5767357721778232
636.2303218420516941	13.9278073270110898
636.3547457039713890	14.3627243407627336
636.4683009656436070	14.8182278552317701
636.6033803899246095	15.3272199840540750
636.7085814978784128	15.7834965479153730
636.8221903639396260	16.3388285924573431
636.9455444102012507	16.9069626424376800
637.0507828539634829	17.4547195417053729
637.1612093503366623	18.0985386662470695
637.2808736697512586	18.7572371974757921
637.3759378115979644	19.3447431035702202
637.4854433825807973	20.0583356646775002
637.6025750372272114	20.8670339865445342
637.7089452013565278	21.6851965028752183
637.8366320075416525	22.6166694240626818
637.9408243800916125	23.4577074163753245
638.0789574803485493	24.6715358339467130
638.1914463773787247	25.6215933512297731
638.3049542549911166	26.6859986203578501
638.4185026371147842	27.8573499339321877
638.5441411092699582	29.0903461034137045
638.6673269261302721	30.4160584257791626
638.7954122661227530	31.9189892398991226
638.9254406807177702	33.3751391986321693
639.0450819427369424	34.8409333100540195
639.1782339350290840	36.6118113763867612
639.3196459148816757	38.4140737007637583
639.4580219587458032	40.3242322909248685
639.6064479790981068	42.4508130295638040
639.7623778037149123	44.7684345731538329
639.9270597619058663	47.3046144948065859
640.1006263455515182	50.1714467079042947
640.2970676063041537	53.3057770507636377
640.4966384007793749	56.6991444081135327
640.7249311902595537	60.6942680818425160
640.9792326894234975	65.2655385189268316
641.2828388154115373	70.8518311850387335
641.6874700075497913	78.4429194463553330
642.8320934363665629	100.1917954427534454
643.2277242492732512	107.4074013131257885
643.5827777393254792	113.6713895223994371
643.9125678697043895	119.2630996311983580
644.2231705915138491	124.2951718188660521
644.5215275599662164	128.8804249484430500
644.8078867089715231	133.0254542539285296
645.0831035887121061	136.7466059815804726
645.3452248730642395	140.0268755163960464
645.6063323749584697	143.0169549435376553
645.8594541138984368	145.6298874859177488
646.1044945382851665	147.8704443964143991
646.3417225505023680	149.7493805165973129
646.5721124027353426	151.2825813787345339
646.8012135984424731	152.5043240005923053
647.0253610481324813	153.3911219368733612
647.2440511786021489	153.9459375936042136
647.4582123851281494	154.1771444200290091
647.6682019333831022	154.0907060853323571
647.6682019333831022	154.0907060853323571
647.8732083418517504	153.6942504425758216
648.0737092961370536	152.9939537473545101
648.2649868464674228	152.0255886567090045
648.4472164481859409	150.8118445248671833
648.6415631500223071	149.2140215135771086
648.8301804553618695	147.3676723759675156
649.0106669357587634	145.3100541091303057
649.1940516756367288	142.9299077172952934
649.3753208514791595	140.2832988218747232
649.5557680813909656	137.3654686216756602
649.7336470708197567	134.2051071605305879
649.9112911847928444	130.7770917798271455
650.0884904803976951	127.0926276432062139
650.2651546453571427	123.1618627700541282
650.4414661474146442	118.9897159074328954
650.6281377013157226	114.3216334802878578
650.8105942939182569	109.5230144874917499
650.9894176882455668	104.5961283112726079
651.1885163559026068	98.8955536603463088
651.4014280519069189	92.5932713336229227
651.6429864605681814	85.2490886614325802
651.9943440347517480	74.2167921501554275
652.3328804556721252	63.8054045598359920
652.4944664991143100	59.0650340837969736
652.6387884846849374	54.8165965924364542
652.7682043499144129	51.1125238634927754
652.8884380640628251	47.6854109675987559
652.9823041790386924	45.1783739493827525
653.0803483852661202	42.7320031025948666
653.1706739551901819	40.3990818340030842
653.2530084656558529	38.4306475989087204
653.3300724225360909	36.7343637908704750
653.4117146748155847	34.8626141577815361
653.4807233369128880	33.4115352453458883
653.5533104112678302	31.9554994393684950
653.6220832235225089	30.7022962585629351
653.6878112068749260	29.4454677173141164
653.7507966770021994	28.3598439475541717
653.8147861997206292	27.3135921437802800
653.8732297014845471	26.4114522677859931
653.9356099946533050	25.5022807382563350
653.9965238096460780	24.6670039487954824
654.0533340189601859	23.9368630033018626
654.1136947581481991	23.2104493957977951
654.1732272085541808	22.5421577404521010
654.2302617877775219	21.9473491288150520
654.2895095020001008	21.3759170827283569
654.3494255275501246	20.8428102134221653
654.4078908405880384	20.3654357881763524
654.4681613945055005	19.9176289892798835
654.5295492041356056	19.5036168090152984
654.5912505995974016	19.1283878020169311
654.6537933353863536	18.7909369829756265
654.7179778542346185	18.4844689092579806
654.7838759197693435	18.2089019813238977
654.8465874726759921	17.9838079025861290
654.9150010157460429	17.7762736989831467
654.9857784322506404	17.5994554784525157
655.0554721637896591	17.4618560033469201
655.1302868241820079	17.3523792621388893
655.2085370654557437	17.2751359365494856
655.2859073939482641	17.2348397169296348
655.3692143738352343	17.2295448815644718
655.3692143738352343	17.2295448815644718
655.4524540588481614	17.2587195204373067
655.5373086842217845	17.3232827153127147
655.6312076291754920	17.4328743292677260
655.7291612775086378	17.5847717937906047
655.8209473085237278	17.7626187244739278
655.9246887486131072	18.0013564922623885
656.0339990814505882	18.2916549049485333
656.1336493568346668	18.5927668803795711
656.2463997949680561	18.9725438215739182
656.3604894958506293	19.3961882414164499
656.4809778271652476	19.8841598255885188
656.5829517104369870	20.3349817337637759
656.7018869820922191	20.8996878454204378
656.8187398851720218	21.5390588001556900
656.9529079196283874	22.2264802737098179
657.0620355029092252	22.8647195620193528
657.1829850346309740	23.6624457396287262
657.3067181967628585	24.4297375980019353
657.4276727234155260	25.2774817957416289
657.5511366717882993	26.2434023454406251
657.6978929960130245	27.3319157012185308
657.8187014363128355	28.3263389172730697
657.9599577231405192	29.6045282339197726
658.0963113607133437	30.7816678293527275
658.2312412702822257	32.0638387464798100
658.3693949950551314	33.5055887536401897
658.5231620645611201	35.0351058536191857
658.6679209134294979	36.5997476221068752
658.8057738332752251	38.2346518364554697
658.9719482905679797	40.1133284307783313
659.1308444735296916	42.0616402826226405
659.3037915298214102	44.2632184875173564
659.4861874713177485	46.6721601649316611
659.6799072937174060	49.3230402103150283
659.8884239663054814	52.3791942624296567
660.1252170992328274	55.7340970461925167
660.3709674610228149	59.4368695087297425
660.6627836680856944	64.0807453303864492
661.0286010100803651	69.7467658507275843
661.5550626101659191	78.2376310628949909
662.3054276421642044	90.4882330651842608
662.7317329210695789	97.1737283222370252
663.1063333177979757	102.8542471531981306
663.4411397758776729	107.7328040474768187
663.7633021992071463	112.2137158575199010
664.0649846126441389	116.1902934128889768
664.3501580352394740	119.7284163806766486
664.6368150623014799	123.0468756147750753
664.9127776314556968	125.9945194230809733
665.1806347534426322	128.6046869107793782
665.4407455620781775	130.8840914381706284
665.6950095288980265	132.8532001774643447
665.9435058605376980	134.5139271100836993
666.1872861893623394	135.8756993438489644
666.4269007300312069	136.9414771300316431
666.6626364514339684	137.7136569451768082
666.8939916222230977	138.1926431977621803
667.1218174000792942	138.3829779470179915
667.3458780543459170	138.2871298519100947
667.3458780543459170	138.2871298519100947
667.5586022962625066	137.9267186851012639
667.7704956695612282	137.2991810787940494
667.9832125902885309	136.3937878076910692
668.1935384497176074	135.2191898563265511
668.3940195771327808	133.8341482387407666
668.6009535056344930	132.1242386928238375
668.8106045930458095	130.1231051948791730
669.0146082931552201	127.9203793361934771
669.2190548722409176	125.4530881034067988
669.4234992508536379	122.7308355525278643
669.6278567049686217	119.7603877047491352
669.8320212349318581	116.5496922261304746
670.0360727099816813	113.1046543169147469
670.2382627354234046	109.4610149658710299
670.4554936600566180	105.3217679012783208
670.6784649908470328	100.8640378596094109
670.9272342086838989	95.6728819771874726
671.2087201672694619	89.5775835109291876
671.5949421145594442	80.9733508420865746
672.2327094316749481	66.5690934121185620
672.4551010748632507	61.7676481479923822
672.6443903410599887	57.8080529684418991
672.8134594399629123	54.3962244007489204
672.9644718603900628	51.4696187369735796
673.0944809773411635	49.0514260396993649
673.2224179862556639	46.7704533379448577
673.3446841741555318	44.6921891807338909
673.4555454499507050	42.9824899875449162
673.5714117059405908	41.1131576210749472
673.6694599134094688	39.6859035077999778
673.7723446137723613	38.2703798994704911
673.8719143623272885	36.9788412166247724
673.9701124375420704	35.7853418856164112
674.0666344804154733	34.6859101435364039
674.1610522486778336	33.6868421182597046
674.2542993686655564	32.7697086671978184
674.3435130298231570	31.9583078417682103
674.4354776767912654	31.1891723723685743
674.5265860531975477	30.4914490225036090
674.6176844258511665	29.8601819324133935
674.7094669925784274	29.2863239116944527
674.7982774061501914	28.7905056850730610
674.8908704300985164	28.3350372806087805
674.9850851556780071	27.9307903627999679
675.0747856472258945	27.6022561873456880
675.1705744304294967	27.3090589651366926
675.2687656280236297	27.0657430159727888
675.3604965729830383	26.8925512589064120
675.4613096850988541	26.7570472551597724
675.5651792207289645	26.6735829657418861
675.6618325200074651	26.6490864351365317
675.6618325200074651	26.6490864351365317
675.7659004149779776	26.6742635241654469
675.7659004149779776	26.6742635241654469
675.8731268837997277	26.7527100525552868
675.9798231904426302	26.8840638034874644
676.0947714598038374	27.0822679001492510
676.2128469137413731	27.3422869086401903
676.3342524027366380	27.6663538802049196
676.4525835501942765	28.0378843253768295
676.5789984484906654	28.4944450227423829
676.7072006712008942	29.0159594430358361
676.8386552537215266	29.6098985311962437
676.9720458461982844	30.2726915124129867
677.1063780206195588	31.0009379710892254
677.2509252151963892	31.8543876345987016
677.3928536100962674	32.8221657214210509
677.5591781159922675	33.8839101710697790
677.7055369860515839	34.9472231517426764
677.8659843521957100	36.1793753090903891
678.0259167232637765	37.5552038472126952
678.2014160382599357	38.9806002632436801
678.3722403199847122	40.5210775419705485
678.5494350081365837	42.2820043109462063
678.7449695447327258	44.1303895927167815
678.9352180312602059	46.0973921871446350
679.1463983594529736	48.3691038336740462
679.3716124746699734	50.8881058487298503
679.6184352268411430	53.7513854427363569
679.8852530012991338	56.9538265428979358
680.1878932594285061	60.7002564297320575
680.5687297838217091	65.6758048415141502
681.1444217611127669	73.0247421868210296
682.0406270654264063	84.8395395987607657
682.4803308920592144	90.3812693382254793
682.8679687678715027	95.0855488292809667
683.2110429878722471	99.0655608657774422
683.5444650801800890	102.7358556738962960
683.8598876529964627	106.0018405531070016
684.1596635416359504	108.8967020643275845
684.4507629354618530	111.4932172229323015
684.7321873273536994	113.7846920853481123
685.0071639025230752	115.8000361817643267
685.2767742034728826	117.5472477580609763
685.5416003464110872	119.0285309229774242
685.8035349954189996	120.2522633641277139
686.0618857784980946	121.2130871666256269
686.3141595331383087	121.9028852077024396
686.5565931007927247	122.3268660271699844
686.7999691897746288	122.5098632922340300
687.0431065650657274	122.4417830317933635
687.0431065650657274	122.4417830317933635
687.2793726780076895	122.1245478520583418
687.5136097230038104	121.5664617196038790
687.7470004889721622	120.7608934165872796
687.9813655715827281	119.7085785479943354
688.2072618308234269	118.4578941906273428
688.4397714711288927	116.9309025951808678
688.6730669733664172	115.1610824581625678
688.9068275427166554	113.1538646692274597
689.1227166138211260	111.0797490734232582
689.3571147028926589	108.5962121846674791
689.6031603615327867	105.7624910842370980
689.8469352433776294	102.7410426578915832
690.1139055499348842	99.2121929131494795
690.3836017970234025	95.4369890656911224
690.6716751220172910	91.2098929307323090
690.9940133715388129	86.2955786971149621
691.4162037942267034	79.6780586589868989
692.0569700254278587	69.4750675510386060
692.3547495920066694	64.9621208342792755
692.6018957545483090	61.3539456549001656
692.8160006490031719	58.3576313532279158
693.0137346969136161	55.7169065298725101
693.1947830460984505	53.4225392353640984
693.3569195619130596	51.4747770118948296
693.5181438382328452	49.6442802459497514
693.6721675489411609	48.0033887750001043
693.8161240395663754	46.5660700394816800
693.9601425851642489	45.2273107049045038
694.0960080288317613	44.0550470385714590
694.2343214135603375	42.9547731094680643
694.3658317165237577	41.9951571272432744
694.5000862362074940	41.1044466029913025
694.6286149007806898	40.3346681230409772
694.7605855496673257	39.6297477313454252
694.8922612803437460	39.0080018649776292
695.0237930125202865	38.4721117282222806
695.1573126306773247	38.0079872465350519
695.2844071900738072	37.6422055991873208
695.4186606722628312	37.3344770042485479
695.5560453460353756	37.0972465461963168
695.6881202207009665	36.9438345113186202
695.8272853297328311	36.8600483852523624
695.9704651196508394	36.8505513798848554
695.9704651196508394	36.8505513798848554
696.1130461722391374	36.9148974433891581
696.2504719030577007	37.0493499764746019
696.4002500102822069	37.2714582094590625
696.5533676529679497	37.5754764136571779
696.7102662016139902	37.9644235804739765
696.8711424470743623	38.4413198240278433
697.0347816716518992	39.0051646051634719
697.1981888161634515	39.6468558053786140
697.3749459034452229	40.4258425323783328
697.5526009485546410	41.2907818240523312
697.7607990221619048	42.3941637564617864
697.9511711293655480	43.5790072082805224
698.1678764029819604	44.8262256706051261
698.3698355731121410	46.1606593804283136
698.5953030841101281	47.7374655854930765
698.8508941894019699	49.6275725150880120
699.1129588672351929	51.7744498516677822
699.4121711392300540	54.1149828202015684
699.7222218375947023	56.7612834171907821
700.1204316702746837	60.2880491016458606
700.5750837400152022	64.4443846892312990
702.1804171805232500	79.4068394571766589
702.6072206738690511	83.1337020804974003
703.0014775847839701	86.4070015830514819
703.3669643505224940	89.2647658667296895
703.7080034416753733	91.7520879020311497
704.0363244673719691	93.9619247230464509
704.3521247276745498	95.8986568435648365
704.6624383037251391	97.6059246558072005
704.9673915024031885	99.0814072699967880
705.2617690807649069	100.3007215680154616
705.5411610035691865	101.2629522664161783
705.8255178892497952	102.0402661225754173
706.1077025526986972	102.6003352036155007
706.3744047790230525	102.9297752917148756
706.6473125896692409	103.0621124474368457
706.9186234495898589	102.9795115534509620
706.9186234495898589	102.9795115534509620
707.1878642707710014	102.6924860162287274
707.4573511154649168	102.1913463344468767
707.7301046547285068	101.4764901688235454
708.0012279303973628	100.5607699561267054
708.2727955255018060	99.4325200002398759
708.5464075195420719	98.0944497149093593
708.8236565664660702	96.5380173083472357
709.0930692071302701	94.8314617249257310
709.3820126703567439	92.8091553164046559
709.7067150002650351	90.3349062996355201
710.0313811739886205	87.6665684416079074
710.3710987735281606	84.7010125429701475
710.7584624632814894	81.1538690163165342
711.2611851403326000	76.3846353211417721
712.2052626317982913	67.2780257869408729
712.5614640460987630	64.0700843681744203
712.8749426970022114	61.3852349804198383
713.1530911572766627	59.1377831442423485
713.4109390800401798	57.1858334574248843
713.6287162449776815	55.6466931812246557
713.8498088345936594	54.1934022310051091
714.0701219302428626	52.8617724483591971
714.2654034106586778	51.7842960810979918
714.4730912542698889	50.7427363078488725
714.6733516148185572	49.8503566004451741
714.8694734044416919	49.0777785749194493
715.0664841044018658	48.4085918133787843
715.2641366332172765	47.8371205582060526
715.4604603074308216	47.3756128350086527
715.6602854047731626	47.0039719858321519
715.8518070409120355	46.7422830673131884
716.0524157165019687	46.5670370498613480
716.2575723811680746	46.4843875508748710
716.4686860166547149	46.4960470084433410
716.4686860166547149	46.4960470084433410
716.6595603592460293	46.5954259940875417
716.8742993142737987	46.8014547930469575
717.0940617139727919	47.1089127949553443
717.3189046658841335	47.5206789626483399
717.5355803392542384	48.0121403771489952
717.7787765570944885	48.6590364804270550
718.0419758272674926	49.4618577843737128
718.3109345346061900	50.3795329385812565
718.6010454459864150	51.4754898812722388
718.9029283736331308	52.7161902781030491
719.2595942780376390	54.2981670086988188
719.6436864940311580	56.1201545185381789
720.0905215032945534	58.3591751968533217
720.6923156603429561	61.5074762175434344
722.2039207889373529	69.6034813702801927
722.7122340467760750	72.1001617699652542
723.1662181724379934	74.1832372121859152
723.5830652103257989	75.9427589901360705
723.9725607032372636	77.4289967386838782
724.3495233216472116	78.7050838858106232
724.7143115674011824	79.7716586369926546
725.0471117484972865	80.5916785141288585
725.3700439661832888	81.2322533560073481
725.7034680205798622	81.7271766371150790
726.0164825313137271	82.0319063896183991
726.3486543853447301	82.1891040423333123
726.6657800266287950	82.1771372709847583
726.6657800266287950	82.1771372709847583
726.9913608253032180	81.9973728755138040
727.3249174839734223	81.6467672735609113
727.6571173392737819	81.1329121901058556
727.9935678769140850	80.4375692729140184
728.3343487919794370	79.5686190367512438
728.6698261563772121	78.5519685256076343
729.0346347785257421	77.2799324716849156
729.4662871375315945	75.6026147554882328
729.9041359782786458	73.7292947066262485
730.3708559085679326	71.5850093657041384
730.9633393884901125	68.7223251479722848
732.4490196931358241	61.3786984643914835
732.9003704081062551	59.3714771827368537
733.3183099168282979	57.6462593152797993
733.6490157379917036	56.3890825158910047
733.9773570423054707	55.2472891970415247
734.3139450777582624	54.1954904965676789
734.6319648155921413	53.3261567882643774
734.9381882428391464	52.5977079436442025
735.2442506252360772	51.9864168227265182
735.5538002106047770	51.4764893048087657
735.8572965858079442	51.0937934437400685
736.1689054827591008	50.8079634077316129
736.4805465227274226	50.6271320026298355
736.7988017318485845	50.5572204349095529
737.1297085806392033	50.5909957846275660
737.1297085806392033	50.5909957846275660
737.4590919396736126	50.7258571307751041
737.8122429085369731	50.9754171804507550
738.1769303558985484	51.3398596690834239
738.5388473283790063	51.8068034318982100
738.9672427423753334	52.4767772158875587
739.4792729788989618	53.3965138957420606
740.0183543889833118	54.4726068270383763
740.7448212150084146	56.0295776514896389
742.5061571546973482	59.9592161597164690
743.1330002295674149	61.1620631644693518
743.7362195047094247	62.1850642195219052
744.2694599840875753	62.9504204039880833
744.7839143888853641	63.5447910565149812
745.2159754777279659	63.9234718652109990
745.7064314081767407	64.2221473172511281
746.1678017617466594	64.3559546818335804
746.6395866471176532	64.3601198957713621
746.6395866471176532	64.3601198957713621
747.0817791325885082	64.2223922262928397
747.5511170064715998	63.9446325849116803
747.9488316831171915	63.5876623568113217
748.4176413069375258	63.0421529023058511
748.8852073065768309	62.3677124334385908
749.4430013874393808	61.4169052900817718
750.1863292308484006	59.9987828655450883
751.0795097537976517	58.1564674774874391
752.4170504077403621	55.2853948115243554
753.1315666362811498	53.9413924052652192
753.8025004949791992	52.8104232524907502
754.2839253507441981	52.0955900495819009
754.8151773078008091	51.4111372867588514
755.3372409017987366	50.8614170856687622
755.8338560437549631	50.4432298403236814
756.3528637447810752	50.1252013314384470
756.9023761039874216	49.8975178208192958
757.4565785114217533	49.7734996463931338
758.0666921609973770	49.8167906755891039
758.0666921609973770	49.8167906755891039
758.7737587125672007	49.9740747825657010
759.6343309773043302	50.2587093782523766
761.4698783976851928	51.1407920490806092
762.3627914717565091	51.4623731480382958
763.3738372570054480	51.7158427586079057
764.3014982866984610	51.8093225958245966
765.3125636633300246	51.7935143436152998
765.3125636633300246	51.7935143436152998
765.9846905544027322	51.6980485991744061
767.0959975233172372	51.4350201073833802
767.9646561300287431	51.1295577229383653
768.9539577645502959	50.6516558381257056
769.9989359202048718	50.0329517930097865
774.0148416376871410	47.2751548626221947
775.0023558446473544	46.7767854054632579
776.3200118056355450	46.2109139110864575
777.5478208758765959	45.8321968937342987
778.9942462364679159	45.4995695881337738
780.7271096828305872	45.2200594336745567
783.0834805054888648	44.9705060112468544
784.0953317600602759	44.6737091629734238
785.7224633115533834	44.0968437792982542
787.3460775767226778	43.4172966281690549
789.2399629048529732	42.4553598311042251
792.2935949711110197	40.6742538666074296
792.9976947885087384	40.3006753311390042
794.2286222450079549	39.7147900134766729
795.7582572276357951	39.1338492765148658
797.0411705131208464	38.7344368441516451
798.5220928404407914	38.4100716647821727
800.1802079301936601	38.2249872303501448
800.9922060039548342	38.0885747668800647
802.1001816679558942	37.8523905472750570
804.1569378081467221	37.2919868191351966
804.8568763670890576	37.0427790309882141
806.5470110551598282	36.7073046525669326
808.0163194890802743	36.2372530252657654
812.2886870071207568	34.8183042915825496
814.0538219972802381	34.0656997532328916
816.4562274469786871	33.2753351826364323
818.3250089595110239	32.8744663411304785
821.2085249530414330	32.4436827146268527
821.8523149417401328	32.3070976452879677
823.6275440176545999	31.8809810429572522
828.7048406721327183	30.4408075642180727
833.3720394943873089	29.0605566649572573
834.5738556463737723	28.4890986282710408
835.4907653818087283	28.1698205984247743
837.3849632523237005	27.5645217514530785
839.0493843767179669	27.1540123843713843
841.3627619669539399	26.7657526851905416
845.5129113640338119	26.2152853396374184
850.1839189742793224	25.1892470838632860
850.7510087937349681	25.0184464193471996
852.2372466117905105	24.8015336205667865
854.5200012644437493	24.3247044500963518
856.1192358730753540	23.9918106499954504
858.8469194297177864	23.4451939975481807
861.7437680972586804	22.9125933557784016
862.6548259208042282	22.7750995641413603
864.2535778634191956	22.4828442785225420
865.1215329563870000	22.4465350623157036
866.7517285103264157	22.4445787576823186
866.7517285103264157	22.5012589131063656
868.0917287488516649	22.4379379424170402
871.1018500492748444	22.1370735188922332
872.1553396509765435	21.9649514662407483
873.3015726830864196	21.8465968082137891
874.8887281997228911	21.6058419908084325
880.0058959303902384	20.7269036811853908
882.1157486117665485	20.3372992651983573
883.6196280078652308	20.1209269607157744
884.0513196165737781	20.0095879131333767
884.3105788377566796	19.9684123536401898
884.3105788377816907	19.9849893981842861
885.6321771678174173	19.8543970482053922
886.3003804318758512	19.8530825792941279
886.3981903910812434	19.8476025047874352
889.2542374338635227	19.5236647451916667
889.2778576634498222	19.4950048987578342
895.7391851310172797	18.6692242018038854
896.2434471423433706	18.6590411861869185
896.4732934393532560	18.5914130976292107
902.2269816098652200	17.7826743943796473
902.8530673185232445	17.7506608680992777
903.1374560016015494	17.6819734578520595
905.1953753146597137	17.4199363356757253
906.0540450431004729	17.3500562953153796
910.4108210369203107	16.7939308144755373
911.1100660332245980	16.7498192411866498
911.4027992269850529	16.6858456492775424
913.0796452684973019	16.4642589193198070
916.8798378617279923	15.9337428881533434
916.8798378617530034	15.9373735858209091
919.2213325226148299	15.6987509427083847
920.6681053467945048	15.5804097742544752
921.4681827971961638	15.5112554469722639
923.2284949720949498	15.3105859933575150
925.7868201476236436	15.0254567979422298
927.0311964388115484	14.9149292674968592
927.3903113800309939	14.8561802369327314
928.8397033794011577	14.7025777693574575
930.2945175896547880	14.4508915718754398
930.4752598390280127	14.4186264595083813
930.4752598390530238	14.4281822605136743
931.4922765825662054	14.2994406496982940
932.9604948664534732	14.1493736831726906
935.2817392942434935	13.9274325915674453
936.8093868187875159	13.7924131259926579
937.4798582203405886	13.7254474368313151
939.6143323079443235	13.5397365523558530
940.3751372887446678	13.4659685759623731
941.2400876656375885	13.4095391446649579
945.8587772101611790	13.1057410884581422
950.0506080302305918	12.7176587743010572
950.6042034169747694	12.6927545222652718
950.8479976155892928	12.6564857583540427
955.9504306468228378	12.2144486443017790
959.3177711761317141	11.9787621210242321
960.3717354574832825	11.9383009644061495
960.5467639694129502	11.8986536117332289
964.6456464603377299	11.6297800623157332
967.3962852078672086	11.4934708283734270
967.5410961449282468	11.4676634304273524
973.3419962808451373	11.0857216607224078
973.7221927970474553	11.0916032844727823
973.8671822045685076	11.0754550201981772
974.1239378535457263	11.0093899360308214
974.3774933262847071	10.9878960961394210
974.8517508264523030	10.9454010690707157
975.1733399187246505	10.9280224866068583
976.0900972589286084	10.8977324823284309
976.4402887265462141	10.8793841832603100
981.6606999100293933	10.6709336505146375
982.4060960103598745	10.6331193269833584
983.2820173839766085	10.6063812717726602
983.6634802596424834	10.5868930356280124
985.7861963088031416	10.5237054431453441
988.5478538041803631	10.3959751838958105
989.3868165950664206	10.3398075732532853
993.3544300873526254	10.1466031043302696
994.2190239292232263	10.0985359318310941
995.0028436584908604	10.0669639373279534
995.3900973446747003	10.0455989916546962
997.1359794413209556	9.9696360498437659
997.5247592856578649	9.9274782298705926
1000.6499972104419385	9.7531243749401249
1000.7411131393772621	9.7489052589033154
1000.7411131393772621	9.7560595949483400
1000.9774604852302673	9.7983573432605908
1001.1932063705364726	9.8687535074483161
1001.3912426225984973	9.9642950809456714
1001.5816861598531204	10.0864771207713790
1001.7706059297252068	10.2390140757461925
1001.9554248662710734	10.4199711124065537
1002.1463902934701764	10.6407447017254402
1002.2657559751587542	10.7986931410361375
1002.4376911578031013	11.0478347777107402
1002.6205363537055746	11.3458926666949313
1002.7531051259978767	11.5842619056669935
1002.9314763984967840	11.9331215652809153
1003.0533335976153921	12.2179366663740634
1003.2731616728615336	12.6943425141808586
1003.3686789938828952	12.9362010951637423
1003.5346306895190764	13.3829807922905903
1003.6770652868511888	13.8210679769176377
1003.8467661922193201	14.3109472082461462
1003.9756767583418195	14.7406416962685167
1004.1182156488517876	15.2739135444468950
1004.2809316245084119	15.8492564156088243
1004.3894133628139116	16.2826690851894718
1004.5374954885738816	16.9051366411252175
1004.6557268214388614	17.4686660025022533
1004.8273774632546065	18.2408974247806484
1004.9364426478845189	18.7881953313246086
1005.1018343497917158	19.6558700422689441
1005.2357566353181255	20.4387811103315329
1005.3913137013006462	21.3016260214488860
1005.5175707865054164	22.0757712729345847
1005.6652625597835140	23.0253894090515807
1005.8103996171802237	24.0038800043987983
1005.9855023431223344	25.2880470596564813
1006.1391540496276775	26.3767465656282667
1006.2814161798792156	27.4921746416900845
1006.4344556096981478	28.8034539197133199
1006.6017458326624592	30.1769993709952402
1006.7520577685202170	31.5226243825426842
1006.9168105399799060	33.1259373943371784
1007.0972595830929777	34.8145712485001582
1007.2588608488241562	36.4548066110642708
1007.4341555724236059	38.3026617625742816
1007.6198386757440630	40.3347274530465612
1007.8145817407151981	42.5470735513810112
1008.0168193548134923	45.0204910057364813
1008.2441862656978628	47.7048640817858498
1008.4602277031457334	50.4372716158794887
1008.7021082411395128	53.5943823608881189
1008.9621309817474639	57.0945382136354880
1009.2500260044261040	61.0840809408753884
1009.5697835471138433	65.7704610700486541
1009.9361831824115825	70.9898914999232744
1010.3582667152850263	77.3006930805397019
1010.8994804828432734	85.5461486670398727
1011.7140923402486123	98.1395562764335097
1013.3723951478742720	124.0191710872390161
1014.2107745553261111	136.4769366738278507
1015.0356764857194776	148.9996117977753727
1015.8135615018835551	160.2467291006442736
1016.5839687511173679	171.0574453702361950
1017.3163138829238505	180.6465680698772758
1018.0666255130539639	190.8395239943432955
1018.8040736243638094	200.1212875596631022
1019.5111748987059173	208.2207835100274451
1020.2188666914120176	216.7498914512971169
1020.9099667843267980	224.2404945248441379
1021.5851195966330351	231.1067158757485061
1022.2479120647076343	236.9179460847176983
1022.8977430020329393	242.5926501582754611
1023.5336135673225044	247.6659071237370995
1024.1992111258296063	252.4576563419776676
1024.8480256781817843	257.1508919680777012
1025.5096029816525061	260.9061548632769814
1026.1737837802882041	263.6180372905433273
1026.8611738452198097	266.9664219336214046
1027.5784519208509664	269.3727056304899747
1028.3565968329571660	271.4393595371922743
1029.2439099534292382	272.6945568937811686
1030.2740751589653883	274.7594724451591333
1031.5103562225501719	276.0058118532600133
1033.2841253052608863	277.1788994560936317
1035.7493458721055504	278.2773721241341605
1043.1784730778749690	280.3019305765768650
1055.1610341548280303	285.1455183049130824
1059.7350888374514852	286.1531793330907476
1064.7956976738003050	287.7468286847744707
1069.7562704302149541	287.9011079674494340
1069.7562704302149541	287.9011079674494340
1118.5686661428399020	286.9432024699791555
1169.9323200589465159	287.6460562979235647
1180.8660280781236906	288.5421753506089431
1204.0694207948397434	288.7070302538978694
1210.6571597805138936	289.6834676580648988
1235.4539353915406537	289.9743108449944771
1333.6575983298432675	294.6534428654881026
1387.7615162096208223	296.2039872967752672
1431.3738867510332966	296.4261491203094465
1479.4355696331635954	297.0474892000283376
1693.8311127638621656	298.1253812604670657
1693.8311127638621656	297.7975555598711708
2061.2096659200469730	297.6777494713003875
2061.2096659200469730	297.6777494713003875
2139.3335084087448195	297.9871907985017288
2139.3335084087448195	298.2553386146140042
2352.1938339822199850	297.9022719134483737
2352.1938339822199850	297.6341484138211513
