0.0000000000000000	-0.4950254301378267
0.1000000000000000	-0.1673395484000758
0.2000000000000000	-0.0173593845668840
0.3000000000000000	-0.0007844674169736
0.4000000000000000	-0.0000201150250577
0.5000000000000000	-0.0000028867445451
0.6000000000000001	-0.0004523027669234
0.7000000000000001	-0.0104105452658045
0.8000000000000000	-0.0770419291037762
0.9000000000000000	-0.2230706036622891
1.0000000000000000	-0.2881216455696701
1.1000000000000001	-0.1918535244885176
1.2000000000000002	-0.0745140904194251
1.3000000000000000	-0.0176683419395365
1.4000000000000001	-0.0027303697695462
1.5000000000000000	-0.0010444028694868
1.6000000000000001	-0.0070057081017393
1.7000000000000002	-0.0354513087047447
1.8000000000000000	-0.1061915432441049
1.9000000000000001	-0.1927578496584575
2.0000000000000000	-0.2229820810864719
2.1000000000000001	-0.1737519611326371
2.2000000000000002	-0.0949919327634958
2.3000000000000003	-0.0380484291679835
2.4000000000000004	-0.0117033363741737
2.5000000000000000	-0.0064287090236654
2.6000000000000001	-0.0179331869065139
2.7000000000000002	-0.0530881768014008
2.8000000000000003	-0.1134523449613672
2.9000000000000004	-0.1704894866999833
3.0000000000000000	-0.1884776861567904
3.1000000000000001	-0.1568953547563051
3.2000000000000002	-0.1006413057209650
3.3000000000000003	-0.0516645364559075
3.4000000000000004	-0.0228557752888330
3.5000000000000000	-0.0156266730009488
3.6000000000000001	-0.0290803376398145
3.7000000000000002	-0.0639088882669066
3.8000000000000003	-0.1134223384169812
3.9000000000000004	-0.1544029599094434
4.0000000000000000	-0.1662890382678126
4.1000000000000005	-0.1441218485237942
4.2000000000000002	-0.1011789534604211
4.2999999999999998	-0.0602012504082720
4.4000000000000004	-0.0334734191382268
4.5000000000000000	-0.0260534686114908
4.6000000000000005	-0.0391735918571336
4.7000000000000002	-0.0707489300793823
4.8000000000000007	-0.1109742680621972
4.9000000000000004	-0.1419826482151208
5.0000000000000000	-0.1506076596815613
5.1000000000000005	-0.1334594997183968
5.2000000000000002	-0.0999174007711606
5.3000000000000007	-0.0661276738096397
5.4000000000000004	-0.0427291848329254
5.5000000000000000	-0.0360521986059757
5.6000000000000005	-0.0478977400269248
5.7000000000000002	-0.0754024236230080
5.8000000000000007	-0.1079025276553512
5.9000000000000004	-0.1323584261202722
6.0000000000000000	-0.1385051054491350
6.1000000000000005	-0.1251672897848363
6.2000000000000002	-0.0982220461950007
6.3000000000000007	-0.0701142297935012
6.4000000000000004	-0.0505258134459283
6.5000000000000000	-0.0449367715349260
6.6000000000000005	-0.0552842878269738
6.7000000000000002	-0.0783274003931835
6.8000000000000007	-0.1050882814836387
6.9000000000000004	-0.1243982357758072
7.0000000000000000	-0.1293000539325119
7.1000000000000005	-0.1182235546281449
7.2000000000000002	-0.0964184730387138
7.3000000000000007	-0.0733396105267601
7.4000000000000004	-0.0570635541818112
7.5000000000000000	-0.0525362159219774
7.6000000000000005	-0.0615206352313197
7.7000000000000002	-0.0809199636849877
7.8000000000000007	-0.1027489963499247
7.9000000000000004	-0.1177446330670147
8.0000000000000000	-0.1215872775992684
8.0999999999999996	-0.1127272195346320
8.2000000000000011	-0.0949963832628617
8.3000000000000007	-0.0755932477138669
8.4000000000000004	-0.0625024724454485
8.5000000000000000	-0.0590015359101348
8.5999999999999996	-0.0665519212275976
8.7000000000000011	-0.0826148705489055
8.8000000000000007	-0.1004530286633700
8.9000000000000004	-0.1130024154015494
9.0000000000000000	-0.1155387259974550
9.0999999999999996	-0.1083819325453054
9.2000000000000011	-0.0933420211272652
9.3000000000000007	-0.0778128230736541
9.4000000000000004	-0.0668623439370709
9.5000000000000000	-0.0641185550656114
9.6000000000000014	-0.0707149078846750
9.7000000000000011	-0.0844170863310872
9.8000000000000007	-0.0991098770410786
9.9000000000000004	-0.1088587899171875
10.0000000000000000	-0.1106921792568940
10.1000000000000014	-0.1047984962183920
10.2000000000000011	-0.0921938277393610
10.3000000000000007	-0.0793091306421518
10.4000000000000004	-0.0705089605360404
10.5000000000000000	-0.0686775147823367
10.6000000000000014	-0.0740779944696435
10.7000000000000011	-0.0854913493126219
10.8000000000000007	-0.0973802550279003
10.9000000000000004	-0.1055986214024724
11.0000000000000000	-0.1068564666319880
11.1000000000000014	-0.1015658856308735
11.2000000000000011	-0.0909370147232372
11.3000000000000007	-0.0807612420895854
11.4000000000000004	-0.0738514332722831
11.5000000000000000	-0.0722407752804230
11.6000000000000014	-0.0768826983428941
11.7000000000000011	-0.0865569834221955
11.8000000000000007	-0.0962293848265672
11.9000000000000004	-0.1024981812065827
12.0000000000000000	-0.1034916920708150
12.1000000000000014	-0.0990625559383603
12.2000000000000011	-0.0904421879833827
12.3000000000000007	-0.0816930263000989
12.4000000000000004	-0.0760600376349452
12.5000000000000000	-0.0750983239620046
12.6000000000000014	-0.0792531602643724
12.7000000000000011	-0.0873141821827138
12.8000000000000007	-0.0949602543775218
12.9000000000000004	-0.1003767442991196
13.0000000000000000	-0.1008293947036298
13.1000000000000014	-0.0969862704578446
13.2000000000000011	-0.0897051104938392
13.3000000000000007	-0.0825999129180466
13.4000000000000004	-0.0782022053503832
13.5000000000000000	-0.0776006855287458
13.6000000000000014	-0.0811832159215604
13.7000000000000011	-0.0877311693122963
13.8000000000000007	-0.0941896587517419
13.9000000000000004	-0.0982457204121952
14.0000000000000000	-0.0983936144487797
14.1000000000000014	-0.0952981694503021
14.2000000000000011	-0.0891960905088610
14.3000000000000007	-0.0832116076244265
14.4000000000000004	-0.0795642645831947
14.5000000000000000	-0.0795569090693353
14.6000000000000014	-0.0825646982869626
14.7000000000000011	-0.0884180545052596
14.8000000000000007	-0.0934828372010338
14.9000000000000004	-0.0969422262267992
15.0000000000000000	-0.0967928415239566
15.1000000000000014	-0.0939401892662988
15.2000000000000011	-0.0885568988256750
15.3000000000000007	-0.0840582428188399
15.4000000000000004	-0.0811920020146949
15.5000000000000000	-0.0812435902884324
15.6000000000000014	-0.0838631958999137
15.7000000000000011	-0.0887744778747675
15.8000000000000007	-0.0930887470243580
15.9000000000000004	-0.0954437766573820
16.0000000000000000	-0.0950970431845934
16.1000000000000014	-0.0927352605566842
16.1999999999999993	-0.0883825910873358
16.3000000000000007	-0.0844369562879141
16.4000000000000021	-0.0823746087532743
16.5000000000000000	-0.0826739790474209
16.6000000000000014	-0.0848955201418227
16.6999999999999993	-0.0889252044575792
16.8000000000000007	-0.0927897255551006
16.9000000000000021	-0.0942411609818345
17.0000000000000000	-0.0939294775952113
17.1000000000000014	-0.0918551973013113
17.1999999999999993	-0.0879890952563381
17.3000000000000007	-0.0849381954183846
17.4000000000000021	-0.0832784710231861
17.5000000000000000	-0.0838141619933518
17.6000000000000014	-0.0858582878498702
17.6999999999999993	-0.0892318494407429
17.8000000000000007	-0.0923812971504912
17.9000000000000021	-0.0935086076523586
18.0000000000000000	-0.0928864263903125
18.1000000000000014	-0.0908523918337845
18.1999999999999993	-0.0880173770125844
18.3000000000000007	-0.0854370874235515
18.4000000000000021	-0.0842679101386054
18.5000000000000000	-0.0846208283579135
18.6000000000000014	-0.0864222853387143
18.6999999999999993	-0.0894227315317107
18.8000000000000007	-0.0919658287573701
18.9000000000000021	-0.0927141738400450
19.0000000000000000	-0.0920816740696462
19.1000000000000014	-0.0904766807591327
19.2000000000000028	-0.0876480403835899
19.3000000000000007	-0.0857533621075690
19.4000000000000021	-0.0849295275960229
19.5000000000000000	-0.0853370198198671
19.6000000000000014	-0.0869437550098529
19.7000000000000028	-0.0897416493765136
19.8000000000000007	-0.0915999179221506
19.9000000000000021	-0.0920101508998820
20.0000000000000000	-0.0915290305130960
20.1000000000000014	-0.0898880389308151
20.2000000000000028	-0.0877361211409240
20.3000000000000007	-0.0856524924935530
20.4000000000000021	-0.0853077933445382
20.5000000000000000	-0.0860994960553787
20.6000000000000014	-0.0876937292876115
20.7000000000000028	-0.0899028672313357
20.8000000000000007	-0.0912247326050400
20.9000000000000021	-0.0915989054269194
21.0000000000000000	-0.0909443820101551
21.1000000000000014	-0.0894264193842320
21.2000000000000028	-0.0878041670610523
21.3000000000000007	-0.0858676928860998
21.4000000000000021	-0.0860133864461861
21.5000000000000000	-0.0864074617981905
21.6000000000000014	-0.0880749875568692
21.7000000000000028	-0.0898752048683690
21.8000000000000007	-0.0913027668422377
21.9000000000000021	-0.0907582459432548
22.0000000000000000	-0.0904080874126263
22.1000000000000014	-0.0892081779539612
22.2000000000000028	-0.0875502054400868
22.3000000000000007	-0.0862636473862691
22.4000000000000021	-0.0864384302732830
22.5000000000000000	-0.0871521023658482
22.6000000000000014	-0.0882693169761552
22.7000000000000028	-0.0898877460150278
22.8000000000000007	-0.0909302440673949
22.9000000000000021	-0.0909102655462309
23.0000000000000000	-0.0900968095726601
23.1000000000000014	-0.0886563217796227
23.2000000000000028	-0.0876011857769298
23.3000000000000007	-0.0866723046562996
23.4000000000000021	-0.0865456544142858
23.5000000000000000	-0.0873785082251439
23.6000000000000014	-0.0885662274636368
23.7000000000000028	-0.0898921811669209
23.8000000000000007	-0.0904824890793753
23.9000000000000021	-0.0903063016823444
24.0000000000000000	-0.0897062274555898
24.1000000000000014	-0.0885341699348148
24.2000000000000028	-0.0873506340656234
24.3000000000000007	-0.0866891861300627
24.4000000000000021	-0.0871329177030647
24.5000000000000000	-0.0877100815251155
24.6000000000000014	-0.0887907328547902
24.7000000000000028	-0.0897526031025414
24.8000000000000007	-0.0903393918329104
24.9000000000000021	-0.0902720690821513
25.0000000000000000	-0.0894556664050021
25.1000000000000014	-0.0883949810402944
25.2000000000000028	-0.0873506341051502
25.3000000000000007	-0.0866891861298402
25.4000000000000021	-0.0871839352521362
25.5000000000000000	-0.0880511175472374
25.6000000000000014	-0.0889353583474425
25.7000000000000028	-0.0900201336006141
25.8000000000000007	-0.0901866996626610
25.9000000000000021	-0.0897699623234246
26.0000000000000000	-0.0891330237005449
26.1000000000000014	-0.0882153366297286
26.2000000000000028	-0.0872911612285634
26.3000000000000007	-0.0873263584042940
26.4000000000000021	-0.0876548405619765
26.5000000000000000	-0.0882471843838585
26.6000000000000014	-0.0889386030320313
26.7000000000000028	-0.0900776788006583
26.8000000000000007	-0.0896804601902947
26.9000000000000021	-0.0895556235875115
27.0000000000000000	-0.0890766727713740
27.1000000000000014	-0.0878347560344727
27.2000000000000028	-0.0874134992358403
27.3000000000000007	-0.0874026353213779
27.4000000000000021	-0.0877677941145346
27.5000000000000000	-0.0883487069164014
27.6000000000000014	-0.0891481542951504
27.7000000000000028	-0.0896024644472807
27.8000000000000007	-0.0897799217715390
27.9000000000000021	-0.0891755719796195
28.0000000000000000	-0.0887833060418465
28.1000000000000014	-0.0876788660499974
28.2000000000000028	-0.0874688876806144
28.3000000000000007	-0.0877191216508127
28.4000000000000021	-0.0880335283453508
28.5000000000000000	-0.0883103103495856
28.6000000000000014	-0.0892131951594513
28.7000000000000028	-0.0896024641312771
28.8000000000000007	-0.0897799217990663
28.9000000000000021	-0.0894067667887381
29.0000000000000000	-0.0885215546358124
29.1000000000000014	-0.0877177147723238
29.2000000000000028	-0.0875953759986574
29.3000000000000007	-0.0879532868539772
29.4000000000000021	-0.0881514238941470
29.5000000000000000	-0.0885382345588476
29.6000000000000014	-0.0890092700438113
29.7000000000000028	-0.0896188240897898
29.8000000000000007	-0.0895073200151996
29.9000000000000021	-0.0892881261365443
30.0000000000000000	-0.0884510453812014
30.1000000000000014	-0.0879256279829042
30.2000000000000028	-0.0883288502163794
30.3000000000000007	-0.0879532868441530
30.4000000000000021	-0.0883800178476525
30.5000000000000000	-0.0885382345732201
30.6000000000000014	-0.0891094047479948
30.7000000000000028	-0.0896382513314661
30.8000000000000007	-0.0892407581884050
30.9000000000000021	-0.0891212214372560
31.0000000000000000	-0.0883789463586975
31.1000000000000014	-0.0881912023984842
31.2000000000000028	-0.0883288502055871
31.3000000000000007	-0.0878605154539169
31.4000000000000021	-0.0882934383868060
31.5000000000000000	-0.0886328665108585
31.6000000000000014	-0.0893926887828240
31.7000000000000028	-0.0896382513324153
31.8000000000000007	-0.0892407582296661
31.9000000000000021	-0.0888077262293304
32.0000000000000000	-0.0879769094801680
32.1000000000000014	-0.0880024602848435
32.2000000000000028	-0.0883068599081551
32.3000000000000043	-0.0881006903167994
32.3999999999999986	-0.0881572698469416
32.5000000000000000	-0.0886328665057456
32.6000000000000014	-0.0893926887835049
32.7000000000000028	-0.0895603499066644
32.8000000000000043	-0.0892407582240587
32.8999999999999986	-0.0888077261472069
33.0000000000000000	-0.0879769095803201
33.1000000000000014	-0.0878723889647861
33.2000000000000028	-0.0883068598966320
33.3000000000000043	-0.0881006902881677
33.3999999999999986	-0.0881591439670854
33.5000000000000000	-0.0889438379961795
33.6000000000000014	-0.0893926885737431
33.7000000000000028	-0.0895603499003158
33.8000000000000043	-0.0892407582170633
33.8999999999999986	-0.0886886852731190
34.0000000000000000	-0.0879769095726931
34.1000000000000014	-0.0876324230700143
34.2000000000000028	-0.0883068598937754
34.3000000000000043	-0.0880104565497881
34.3999999999999986	-0.0881470135940427
34.5000000000000000	-0.0889438380027948
34.6000000000000014	-0.0891230439337067
34.7000000000000028	-0.0895603499002202
34.8000000000000043	-0.0892407579323642
34.8999999999999986	-0.0887314728272736
35.0000000000000000	-0.0881359645686268
35.1000000000000014	-0.0878941161191848
35.2000000000000028	-0.0884058914432577
35.3000000000000043	-0.0882332057295995
35.3999999999999986	-0.0879356803584572
35.5000000000000000	-0.0892417957813712
35.6000000000000014	-0.0891220541321007
35.7000000000000028	-0.0894900874270415
35.8000000000000043	-0.0891664776984758
35.8999999999999986	-0.0884844903323831
36.0000000000000000	-0.0883261938213568
36.1000000000000014	-0.0880968083203052
36.2000000000000028	-0.0885889512520350
36.3000000000000043	-0.0882332057426256
36.3999999999999986	-0.0885965483362774
36.5000000000000000	-0.0893859760385275
36.6000000000000014	-0.0890581582119823
36.7000000000000028	-0.0892026057906410
36.8000000000000043	-0.0887332686616868
36.8999999999999986	-0.0885514539953201
37.0000000000000000	-0.0878534776494611
37.1000000000000014	-0.0881024098759012
37.2000000000000028	-0.0885889513145271
37.3000000000000043	-0.0882930533246612
37.3999999999999986	-0.0888655353468584
37.5000000000000000	-0.0894277891448816
37.6000000000000014	-0.0890581583044997
37.7000000000000028	-0.0888875436232667
37.8000000000000043	-0.0883952162393927
37.8999999999999986	-0.0884742059509463
38.0000000000000000	-0.0880289453843510
38.1000000000000014	-0.0881024098609643
38.2000000000000028	-0.0883877341994688
38.3000000000000043	-0.0885217844980206
38.4000000000000057	-0.0891793076405844
38.5000000000000000	-0.0894277891389872
38.6000000000000014	-0.0887766825508502
38.7000000000000028	-0.0886728995381151
38.8000000000000043	-0.0885020143360256
38.9000000000000057	-0.0880826231862939
39.0000000000000000	-0.0882310957264952
39.1000000000000014	-0.0881024099175106
39.2000000000000028	-0.0883877342279329
39.3000000000000043	-0.0888284252437647
39.4000000000000057	-0.0891793076565469
39.5000000000000000	-0.0891860064425325
39.6000000000000014	-0.0890086344858932
39.7000000000000028	-0.0886728995413919
39.8000000000000043	-0.0887940739359135
39.9000000000000057	-0.0881112636720131
40.0000000000000000	-0.0882236339085550
40.1000000000000014	-0.0881024099568186
40.2000000000000028	-0.0883877342272997
40.3000000000000043	-0.0888634852323385
40.4000000000000057	-0.0891793076633025
40.5000000000000000	-0.0891860064286811
40.6000000000000014	-0.0890086344937143
40.7000000000000028	-0.0884930233794310
40.8000000000000043	-0.0885133220217925
40.9000000000000057	-0.0881112636794505
41.0000000000000000	-0.0881556442780427
41.1000000000000014	-0.0881024101941348
41.2000000000000028	-0.0886413600641173
41.3000000000000043	-0.0888634852268744
41.4000000000000057	-0.0891793076608250
41.5000000000000000	-0.0891860064340061
41.6000000000000014	-0.0889578061250218
41.7000000000000028	-0.0886710112772407
41.8000000000000043	-0.0885133220220845
41.9000000000000057	-0.0881112636799231
42.0000000000000000	-0.0876501958873434
42.1000000000000014	-0.0882651073654996
42.2000000000000028	-0.0888940946194618
42.3000000000000043	-0.0885343687117983
42.4000000000000057	-0.0890171810013017
42.5000000000000000	-0.0891860064108729
42.6000000000000014	-0.0887845134377249
42.7000000000000028	-0.0888622848481362
42.8000000000000043	-0.0884573189939458
42.9000000000000057	-0.0883623946107484
43.0000000000000000	-0.0881683832321497
43.1000000000000014	-0.0882651073616762
43.2000000000000028	-0.0888752319609391
43.3000000000000043	-0.0886258595116701
43.4000000000000057	-0.0890171810023885
43.5000000000000000	-0.0888452925172844
43.6000000000000014	-0.0886901853618541
43.7000000000000028	-0.0888622893408790
43.8000000000000043	-0.0882601939939015
43.9000000000000057	-0.0884696697000921
44.0000000000000000	-0.0884534805246649
44.1000000000000014	-0.0887848643203478
44.2000000000000028	-0.0886067294823092
44.3000000000000043	-0.0889229562449133
44.4000000000000057	-0.0889054145104540
44.5000000000000000	-0.0887679665210922
44.6000000000000014	-0.0886846620341165
44.7000000000000028	-0.0887215372594586
44.8000000000000043	-0.0882552097674320
44.9000000000000057	-0.0882047199437982
45.0000000000000000	-0.0883971186412864
45.1000000000000014	-0.0886416119946832
45.2000000000000028	-0.0886067294566238
45.3000000000000043	-0.0890010573151758
45.4000000000000057	-0.0889299250161806
45.5000000000000000	-0.0888672647171390
45.6000000000000014	-0.0886846618332753
45.7000000000000028	-0.0887215377019706
45.8000000000000043	-0.0884664143520508
45.9000000000000057	-0.0882427003321830
46.0000000000000000	-0.0883971186399639
46.1000000000000014	-0.0886416120170839
46.2000000000000028	-0.0886067294588485
46.3000000000000043	-0.0891014897174896
46.4000000000000057	-0.0888483511214453
46.5000000000000000	-0.0888672647046022
46.6000000000000014	-0.0886846618303467
46.7000000000000028	-0.0883582931905088
46.8000000000000043	-0.0882221627480947
46.9000000000000057	-0.0882427003717244
47.0000000000000000	-0.0882697802134391
47.1000000000000014	-0.0886416111955868
47.2000000000000028	-0.0884213108850761
47.3000000000000043	-0.0889441864560131
47.4000000000000057	-0.0888314561500752
47.5000000000000000	-0.0888672647830770
47.6000000000000014	-0.0885179086869741
47.7000000000000028	-0.0884825014295430
47.8000000000000043	-0.0882864463333142
47.9000000000000057	-0.0882427003706045
48.0000000000000000	-0.0885686448431683
48.1000000000000014	-0.0885854397526230
48.2000000000000028	-0.0888295136715361
48.3000000000000043	-0.0889441864614486
48.4000000000000057	-0.0888314561556527
48.5000000000000000	-0.0888672646519013
48.6000000000000014	-0.0887358110662544
48.7000000000000028	-0.0883116765997086
48.8000000000000043	-0.0882864462982045
48.9000000000000057	-0.0884956783557108
49.0000000000000000	-0.0885686442784041
49.1000000000000014	-0.0887233993206083
49.2000000000000028	-0.0888295136929801
49.3000000000000043	-0.0889441864539082
49.4000000000000057	-0.0888314561566225
49.5000000000000000	-0.0888203178907322
49.6000000000000014	-0.0888928381303539
49.7000000000000028	-0.0882680420437528
49.8000000000000043	-0.0882864462635885
49.9000000000000057	-0.0884956783675819
50.0000000000000000	-0.0885686441764142
50.1000000000000014	-0.0885916344469567
50.2000000000000028	-0.0888295137813994
50.3000000000000043	-0.0888957906746722
50.4000000000000057	-0.0888314561704062
50.5000000000000000	-0.0888203178824204
50.6000000000000014	-0.0888188412814965
50.7000000000000028	-0.0882680420492646
50.8000000000000043	-0.0882864461089008
50.9000000000000057	-0.0884956783703027
51.0000000000000000	-0.0888280023712395
51.1000000000000014	-0.0885854396803740
51.2000000000000028	-0.0889272128988581
51.3000000000000043	-0.0888957906834766
51.4000000000000057	-0.0888314561733538
51.5000000000000000	-0.0886994281130994
51.6000000000000014	-0.0888928381514986
51.7000000000000028	-0.0882681481116434
51.8000000000000043	-0.0882864461059719
51.9000000000000057	-0.0882803249334580
52.0000000000000000	-0.0888880842221394
52.1000000000000014	-0.0885593455663420
52.2000000000000028	-0.0888764608699877
52.3000000000000043	-0.0888957907059569
52.4000000000000057	-0.0888314561980728
52.5000000000000000	-0.0886994280948495
52.6000000000000014	-0.0888928381571074
52.7000000000000028	-0.0882681481178479
52.8000000000000043	-0.0882864460628515
52.9000000000000057	-0.0884749823307748
53.0000000000000000	-0.0888880842099357
53.1000000000000014	-0.0885156602499768
53.2000000000000028	-0.0888764609027901
53.3000000000000043	-0.0888957906917605
53.4000000000000057	-0.0887433827499326
53.5000000000000000	-0.0886994280725166
53.6000000000000014	-0.0888928382579799
53.7000000000000028	-0.0882681481126525
53.8000000000000043	-0.0882864460288809
53.9000000000000057	-0.0886524598545438
54.0000000000000000	-0.0885895860063633
54.1000000000000014	-0.0886415882765743
54.2000000000000028	-0.0891108802276545
54.3000000000000043	-0.0886275841138756
54.4000000000000057	-0.0887250011318715
54.5000000000000000	-0.0886979067275822
54.6000000000000014	-0.0885617349831893
54.7000000000000028	-0.0882681480945809
54.8000000000000043	-0.0883794210991165
54.9000000000000057	-0.0887982501160044
55.0000000000000000	-0.0884689401349778
55.1000000000000014	-0.0889444589997375
55.2000000000000028	-0.0888661045448983
55.3000000000000043	-0.0882194039243968
55.4000000000000057	-0.0891974228401045
55.5000000000000000	-0.0886618708514501
55.6000000000000014	-0.0885617358173025
55.7000000000000028	-0.0882681480934503
55.8000000000000043	-0.0884263204976330
55.9000000000000057	-0.0885804032305051
56.0000000000000000	-0.0887780376105564
56.1000000000000014	-0.0889444583322042
56.2000000000000028	-0.0884160828856639
56.3000000000000043	-0.0889023232416626
56.4000000000000057	-0.0891262779609907
56.5000000000000000	-0.0886618708505340
56.6000000000000014	-0.0885617357288043
56.7000000000000028	-0.0882076522890304
56.8000000000000043	-0.0884124879984400
56.9000000000000057	-0.0884272495511544
57.0000000000000000	-0.0887780381220715
57.1000000000000014	-0.0891175886177082
57.2000000000000028	-0.0884949348710926
57.3000000000000043	-0.0887854744995630
57.4000000000000057	-0.0891262779898644
57.5000000000000000	-0.0887614469668094
57.6000000000000014	-0.0881193745628360
57.7000000000000028	-0.0882076526417944
57.8000000000000043	-0.0884124880200924
57.9000000000000057	-0.0884272495521180
58.0000000000000000	-0.0888103935714476
58.1000000000000014	-0.0890530779237264
58.2000000000000028	-0.0887449723055482
58.3000000000000043	-0.0887854744577284
58.4000000000000057	-0.0891262778462334
58.5000000000000000	-0.0887262349136171
58.6000000000000014	-0.0881193744985328
58.7000000000000028	-0.0882289208499000
58.8000000000000043	-0.0884124880492922
58.9000000000000057	-0.0884272495647809
59.0000000000000000	-0.0888958968904485
59.1000000000000014	-0.0890530778265897
59.2000000000000028	-0.0887449723071981
59.3000000000000043	-0.0887854744290168
59.4000000000000057	-0.0891262777520096
59.5000000000000000	-0.0882247165838878
59.6000000000000014	-0.0886184600563563
59.7000000000000028	-0.0882076545194131
59.8000000000000043	-0.0884124880579912
59.9000000000000057	-0.0885487146057866
60.0000000000000000	-0.0889559342160396
60.1000000000000014	-0.0885208032692574
60.2000000000000028	-0.0887449723080463
60.3000000000000043	-0.0887854744385716
60.4000000000000057	-0.0888705873225907
60.5000000000000000	-0.0885013245773342
60.6000000000000014	-0.0886184601162872
60.7000000000000028	-0.0882391820103301
60.8000000000000043	-0.0884124891072766
60.9000000000000057	-0.0883940275237537
61.0000000000000000	-0.0886908554595119
61.1000000000000014	-0.0888753193372620
61.2000000000000028	-0.0887449721949845
61.3000000000000043	-0.0887854745307859
61.4000000000000057	-0.0886139967727958
61.5000000000000000	-0.0886098966113580
61.6000000000000014	-0.0886184601152837
61.7000000000000028	-0.0884917945134295
61.8000000000000043	-0.0882708963781221
61.9000000000000057	-0.0883762251058911
62.0000000000000000	-0.0886503544661217
62.1000000000000014	-0.0888723029274210
62.2000000000000028	-0.0887449729493679
62.3000000000000043	-0.0888144710390372
62.4000000000000057	-0.0886139966557550
62.5000000000000000	-0.0886206548226411
62.6000000000000014	-0.0886184600726525
62.7000000000000028	-0.0884497783997184
62.8000000000000043	-0.0882722734520251
62.9000000000000057	-0.0883762250988514
63.0000000000000000	-0.0886503544893024
63.1000000000000014	-0.0888723029210393
63.2000000000000028	-0.0887449729719906
63.3000000000000043	-0.0891090374137694
63.4000000000000057	-0.0883597803454811
63.5000000000000000	-0.0885607483920347
63.6000000000000014	-0.0886184600405301
63.7000000000000028	-0.0884497784205883
63.8000000000000043	-0.0885593699677026
63.9000000000000057	-0.0883762251722029
64.0000000000000000	-0.0885080809085562
64.1000000000000085	-0.0889172287657768
64.2000000000000028	-0.0887449730435072
64.2999999999999972	-0.0891090371650378
64.4000000000000057	-0.0883597802919491
64.5000000000000000	-0.0888101297869425
64.6000000000000085	-0.0886184600346746
64.7000000000000028	-0.0884497784345475
64.7999999999999972	-0.0885593699980595
64.9000000000000057	-0.0885207897306732
65.0000000000000000	-0.0885080808960780
65.1000000000000085	-0.0889172287618184
65.2000000000000028	-0.0887449730554899
65.2999999999999972	-0.0888347329518030
65.4000000000000057	-0.0885782757977734
65.5000000000000000	-0.0886562336073615
65.6000000000000085	-0.0888330711606438
65.7000000000000028	-0.0884497783562008
65.7999999999999972	-0.0882881878187015
65.9000000000000057	-0.0885207897568168
66.0000000000000000	-0.0885080808920408
66.1000000000000085	-0.0889172287574126
66.2000000000000028	-0.0889831123606214
66.2999999999999972	-0.0885449210368508
66.4000000000000057	-0.0887861619905505
66.5000000000000000	-0.0884081364691171
66.6000000000000085	-0.0889113711319891
66.7000000000000028	-0.0884497729929085
66.7999999999999972	-0.0882881879013036
66.9000000000000057	-0.0885207897576358
67.0000000000000000	-0.0885080808898305
67.1000000000000085	-0.0889569598138794
67.2000000000000028	-0.0889430797544653
67.2999999999999972	-0.0885449212071645
67.4000000000000057	-0.0887014844530061
67.5000000000000000	-0.0884081368309204
67.6000000000000085	-0.0887526710264994
67.7000000000000028	-0.0883464499701779
67.7999999999999972	-0.0882881879370398
67.9000000000000057	-0.0885207898544926
68.0000000000000000	-0.0885080812119377
68.1000000000000085	-0.0889569597970599
68.2000000000000028	-0.0889430797549028
68.2999999999999972	-0.0885449211965957
68.4000000000000057	-0.0887014844518176
68.5000000000000000	-0.0886359918436764
68.6000000000000085	-0.0884408114955447
68.7000000000000028	-0.0885154849500024
68.7999999999999972	-0.0882881878517612
68.9000000000000057	-0.0887297170585308
69.0000000000000000	-0.0888164626965495
69.1000000000000085	-0.0889569599710784
69.2000000000000028	-0.0889430797517392
69.2999999999999972	-0.0885449212589745
69.4000000000000057	-0.0885613674723577
69.5000000000000000	-0.0887703110678072
69.6000000000000085	-0.0883670312888205
69.7000000000000028	-0.0885154850148505
69.7999999999999972	-0.0882754532486324
69.9000000000000057	-0.0887297167276356
70.0000000000000000	-0.0889627787927317
70.1000000000000085	-0.0889569599808161
70.2000000000000028	-0.0889430797527899
70.2999999999999972	-0.0885404352607496
70.4000000000000057	-0.0884949974263973
70.5000000000000000	-0.0887375161113266
70.6000000000000085	-0.0884707420983326
70.7000000000000028	-0.0885154852897208
70.7999999999999972	-0.0882881889841333
70.9000000000000057	-0.0887297162035104
71.0000000000000000	-0.0892023953261725
71.1000000000000085	-0.0889429777565958
71.2000000000000028	-0.0889021104183645
71.2999999999999972	-0.0881715398097565
71.4000000000000057	-0.0885069732419077
71.5000000000000000	-0.0887167066663287
71.6000000000000085	-0.0885494818957985
71.7000000000000028	-0.0885154853175615
71.7999999999999972	-0.0882629769836188
71.9000000000000057	-0.0887297166738992
72.0000000000000000	-0.0892311859575479
72.1000000000000085	-0.0888117579737350
72.2000000000000028	-0.0886329883912032
72.2999999999999972	-0.0885263781611982
72.4000000000000057	-0.0885069732066872
72.5000000000000000	-0.0887167066567008
72.6000000000000085	-0.0886327695848786
72.7000000000000028	-0.0885154852405535
72.7999999999999972	-0.0884297014365275
72.9000000000000057	-0.0890485471194025
73.0000000000000000	-0.0889816668623338
73.1000000000000085	-0.0884513649652131
73.2000000000000028	-0.0885781632040347
73.2999999999999972	-0.0883632153338308
73.4000000000000057	-0.0885069732022181
73.5000000000000000	-0.0887167066108693
73.6000000000000085	-0.0886327695961071
73.7000000000000028	-0.0885575473735343
73.7999999999999972	-0.0886279516844053
73.9000000000000057	-0.0890905816169204
74.0000000000000000	-0.0889816669197613
74.1000000000000085	-0.0887177458618864
74.2000000000000028	-0.0885781633519932
74.2999999999999972	-0.0883632153378241
74.4000000000000057	-0.0885069731800650
74.5000000000000000	-0.0883557551189727
74.6000000000000085	-0.0887523412048371
74.7000000000000028	-0.0883259770664408
74.7999999999999972	-0.0888139915465192
74.9000000000000057	-0.0891033638271672
75.0000000000000000	-0.0888851272015833
75.1000000000000085	-0.0887447706489995
75.2000000000000028	-0.0885781635307569
75.2999999999999972	-0.0883632153692537
75.4000000000000057	-0.0885069730508703
75.5000000000000000	-0.0883557552777705
75.6000000000000085	-0.0887523412357030
75.7000000000000028	-0.0883259770662351
75.7999999999999972	-0.0887462338794087
75.9000000000000057	-0.0891033638291333
76.0000000000000000	-0.0888851272009210
76.1000000000000085	-0.0887447706563997
76.2000000000000028	-0.0885781635524709
76.2999999999999972	-0.0883632153657482
76.4000000000000057	-0.0885069730738807
76.5000000000000000	-0.0882919524135301
76.6000000000000085	-0.0887523412411731
76.7000000000000028	-0.0883259770669530
76.8000000000000114	-0.0887462338739773
76.9000000000000057	-0.0888683928523830
77.0000000000000000	-0.0888851272008606
77.1000000000000085	-0.0887447706558789
77.2000000000000028	-0.0885781643532303
77.3000000000000114	-0.0883632153672076
77.4000000000000057	-0.0886886398299982
77.5000000000000000	-0.0882919524140955
77.6000000000000085	-0.0887523412419246
77.7000000000000028	-0.0883259770657040
77.8000000000000114	-0.0887462338918071
77.9000000000000057	-0.0889212157541098
78.0000000000000000	-0.0885327490797405
78.1000000000000085	-0.0887447706643572
78.2000000000000028	-0.0882511077313365
78.3000000000000114	-0.0884619775052598
78.4000000000000057	-0.0886886384492405
78.5000000000000000	-0.0882919523898056
78.6000000000000085	-0.0887523412524065
78.7000000000000028	-0.0884164670954839
78.8000000000000114	-0.0889087333647331
78.9000000000000057	-0.0889826985134693
79.0000000000000000	-0.0886633505066917
79.1000000000000085	-0.0888460729133554
79.2000000000000028	-0.0885204070245869
79.3000000000000114	-0.0884619775042904
79.4000000000000057	-0.0885965974460967
79.5000000000000000	-0.0882919524139275
79.6000000000000085	-0.0885026337620279
79.7000000000000028	-0.0886674874976240
79.8000000000000114	-0.0889087337717014
79.9000000000000057	-0.0890564795372758
80.0000000000000000	-0.0886633505089593
80.1000000000000085	-0.0888460729364482
80.2000000000000028	-0.0886544812479607
80.3000000000000114	-0.0885570504428800
80.4000000000000057	-0.0883150089905287
80.5000000000000000	-0.0884240473712493
80.6000000000000085	-0.0884834313035657
80.7000000000000028	-0.0886674874996282
80.8000000000000114	-0.0889087336467480
80.9000000000000057	-0.0890564795507019
81.0000000000000000	-0.0888172543249422
81.1000000000000085	-0.0887751842142788
81.2000000000000028	-0.0886544812872671
81.3000000000000114	-0.0888455238943693
81.4000000000000057	-0.0882285363134630
81.5000000000000000	-0.0886725829581542
81.6000000000000085	-0.0880600841665134
81.7000000000000028	-0.0886674881021565
81.8000000000000114	-0.0889087336546267
81.9000000000000057	-0.0889130403617638
82.0000000000000000	-0.0888172543670864
82.1000000000000085	-0.0888460732079848
82.2000000000000028	-0.0886544810198792
82.3000000000000114	-0.0886100435331220
82.4000000000000057	-0.0884553699058157
82.5000000000000000	-0.0885535315168771
82.6000000000000085	-0.0880600841679339
82.7000000000000028	-0.0886674881140840
82.8000000000000114	-0.0889087336866488
82.9000000000000057	-0.0889130403735912
83.0000000000000000	-0.0888172543880912
83.1000000000000085	-0.0888460733659591
83.2000000000000028	-0.0887868259689146
83.3000000000000114	-0.0884495722310401
83.4000000000000057	-0.0888585214951269
83.5000000000000000	-0.0881352959442775
83.6000000000000085	-0.0880600841609361
83.7000000000000028	-0.0886605683939121
83.8000000000000114	-0.0889087336558798
83.9000000000000057	-0.0889130404446050
84.0000000000000000	-0.0888172543639356
84.1000000000000085	-0.0886091052042519
84.2000000000000028	-0.0887868259739195
84.3000000000000114	-0.0886121585108262
84.4000000000000057	-0.0885993595658765
84.5000000000000000	-0.0882327798186182
84.6000000000000085	-0.0880600840865076
84.7000000000000028	-0.0886605683703036
84.8000000000000114	-0.0889087334996686
84.9000000000000057	-0.0890154605336732
85.0000000000000000	-0.0888453420460405
85.1000000000000085	-0.0886343800571195
85.2000000000000028	-0.0887868259719038
85.3000000000000114	-0.0887071085537838
85.4000000000000057	-0.0884565752248960
85.5000000000000000	-0.0884813863151038
85.6000000000000085	-0.0880600840864042
85.7000000000000028	-0.0886674872473413
85.8000000000000114	-0.0889087335136154
85.9000000000000057	-0.0890154605324178
86.0000000000000000	-0.0888453420466417
86.1000000000000085	-0.0886343800565985
86.2000000000000028	-0.0887868259718066
86.3000000000000114	-0.0887864250873654
86.4000000000000057	-0.0884565752138034
86.5000000000000000	-0.0884813863167902
86.6000000000000085	-0.0880600840866683
86.7000000000000028	-0.0886674872347853
86.8000000000000114	-0.0889087335309987
86.9000000000000057	-0.0890154605334000
87.0000000000000000	-0.0888453420469118
87.1000000000000085	-0.0886343800568089
87.2000000000000028	-0.0887670799255479
87.3000000000000114	-0.0887287141684823
87.4000000000000057	-0.0884565752034830
87.5000000000000000	-0.0884813863147003
87.6000000000000085	-0.0880600840891843
87.7000000000000028	-0.0886674871547952
87.8000000000000114	-0.0889087335205872
87.9000000000000057	-0.0890154605293223
88.0000000000000000	-0.0888453420579469
88.1000000000000085	-0.0886343800566025
88.2000000000000028	-0.0886367320223117
88.3000000000000114	-0.0887287142572701
88.4000000000000057	-0.0884565752033004
88.5000000000000000	-0.0884813863154004
88.6000000000000085	-0.0880600840880585
88.7000000000000028	-0.0886674871540255
88.8000000000000114	-0.0889087335191686
88.9000000000000057	-0.0890154605292505
89.0000000000000000	-0.0888453420593308
89.1000000000000085	-0.0886343800563372
89.2000000000000028	-0.0886367320225518
89.3000000000000114	-0.0887287142599514
89.4000000000000057	-0.0884565752038887
89.5000000000000000	-0.0884813863152301
89.6000000000000085	-0.0880600840885358
89.7000000000000028	-0.0886674871656048
89.8000000000000114	-0.0889087335224640
89.9000000000000057	-0.0890154605314066
90.0000000000000000	-0.0888453420562730
90.1000000000000085	-0.0886343800568604
90.2000000000000028	-0.0886367320223784
90.3000000000000114	-0.0887287142604353
90.4000000000000057	-0.0884565752040640
90.5000000000000000	-0.0884813863152860
90.6000000000000085	-0.0880600840883829
90.7000000000000028	-0.0886674871646194
90.8000000000000114	-0.0889087335246257
90.9000000000000057	-0.0890154605327857
91.0000000000000000	-0.0888453420547969
91.1000000000000085	-0.0886343800570600
91.2000000000000028	-0.0886367320226810
91.3000000000000114	-0.0887287142598920
91.4000000000000057	-0.0884565752044775
91.5000000000000000	-0.0884813863155533
91.6000000000000085	-0.0880600840876477
91.7000000000000028	-0.0886674871566661
91.8000000000000114	-0.0889087335222145
91.9000000000000057	-0.0890154605309882
92.0000000000000000	-0.0888453420594641
92.1000000000000085	-0.0886343800567093
92.2000000000000028	-0.0886367320226979
92.3000000000000114	-0.0887287142596715
92.4000000000000057	-0.0884565752040431
92.5000000000000000	-0.0884813863155014
92.6000000000000085	-0.0880600840877402
92.7000000000000028	-0.0886674871548152
92.8000000000000114	-0.0889087335221604
92.9000000000000057	-0.0890154605324904
93.0000000000000000	-0.0888453420584065
93.1000000000000085	-0.0886343800568661
93.2000000000000028	-0.0886367320221561
93.3000000000000114	-0.0887287142606445
93.4000000000000057	-0.0884565752041257
93.5000000000000000	-0.0884813863160855
93.6000000000000085	-0.0880600840864963
93.7000000000000028	-0.0886674871367459
93.8000000000000114	-0.0889087335158869
93.9000000000000057	-0.0890154605304720
94.0000000000000000	-0.0888453420613871
94.1000000000000085	-0.0886343800562843
94.2000000000000028	-0.0886367320224382
94.3000000000000114	-0.0887287142599129
94.4000000000000057	-0.0884565752042287
94.5000000000000000	-0.0884813863164597
94.6000000000000085	-0.0880600840861766
94.7000000000000028	-0.0886674871327137
94.8000000000000114	-0.0889087335133424
94.9000000000000057	-0.0890154605318409
95.0000000000000000	-0.0888453420599280
95.1000000000000085	-0.0886343800564565
95.2000000000000028	-0.0886367320224752
95.3000000000000114	-0.0887287142598403
95.4000000000000057	-0.0884565752042310
95.5000000000000000	-0.0884813863159081
95.6000000000000085	-0.0880600840862398
95.7000000000000028	-0.0886674871336712
95.8000000000000114	-0.0889087335151608
95.9000000000000057	-0.0890154605281995
96.0000000000000000	-0.0888453420638032
96.1000000000000085	-0.0886343800562190
96.2000000000000028	-0.0886367320218715
96.3000000000000114	-0.0887287142596458
96.4000000000000057	-0.0884565752045337
96.5000000000000000	-0.0884813863159507
96.6000000000000085	-0.0880600840861228
96.7000000000000028	-0.0886674871341765
96.8000000000000114	-0.0889087335133828
96.9000000000000057	-0.0890154605293312
97.0000000000000000	-0.0888453420626322
97.1000000000000085	-0.0886343800561828
97.2000000000000028	-0.0886367320217057
97.3000000000000114	-0.0887287142598423
97.4000000000000057	-0.0884565752041257
97.5000000000000000	-0.0884813863160209
97.6000000000000085	-0.0880600840859575
97.7000000000000028	-0.0886674871286468
97.8000000000000114	-0.0889087335115435
97.9000000000000057	-0.0890154605256728
98.0000000000000000	-0.0888453420676317
98.1000000000000085	-0.0886343800553855
98.2000000000000028	-0.0886367320215296
98.3000000000000114	-0.0887287142605315
98.4000000000000057	-0.0884565752043360
98.5000000000000000	-0.0884813863163283
98.6000000000000085	-0.0880600840856972
98.7000000000000028	-0.0886674871263113
98.8000000000000114	-0.0889087335118612
98.9000000000000057	-0.0890154605247914
99.0000000000000000	-0.0888453420697214
99.1000000000000085	-0.0886343800549507
99.2000000000000028	-0.0886367320214136
99.3000000000000114	-0.0887287142600337
99.4000000000000057	-0.0884565752041859
99.5000000000000000	-0.0884813863162358
99.6000000000000085	-0.0880600840858798
99.7000000000000028	-0.0886674871279330
99.8000000000000114	-0.0889087335159962
99.9000000000000057	-0.0890154605236717
100.0000000000000000	-0.0888453420704657
