0.0000000000000000	0.0000000000187344
0.1000000000000000	0.0000013452366189
0.2000000000000000	0.0005466260569674
0.3000000000000000	0.0258694645454562
0.4000000000000000	0.1889115514626225
0.5000000000000000	0.3516041419894524
0.6000000000000001	0.2343867654467013
0.7000000000000001	0.0719668306830240
0.8000000000000000	0.0114207633626240
0.9000000000000000	0.0010423795901726
1.0000000000000000	0.0001372801473218
1.1000000000000001	0.0017442366202146
1.2000000000000002	0.0166551009554478
1.3000000000000000	0.0771035398313351
1.4000000000000001	0.1865827842441017
1.5000000000000000	0.2493833602417888
1.6000000000000001	0.2015489863802833
1.7000000000000002	0.1052274432513711
1.8000000000000000	0.0373832644658875
1.9000000000000001	0.0092682579844269
2.0000000000000000	0.0030140380297610
2.1000000000000001	0.0092433762219725
2.2000000000000002	0.0364239318244045
2.3000000000000003	0.0961592429442405
2.4000000000000004	0.1692366795620758
2.5000000000000000	0.2039349031763746
2.6000000000000001	0.1758361736102199
2.7000000000000002	0.1116968366571116
2.8000000000000003	0.0547193935163303
2.9000000000000004	0.0212287870447052
3.0000000000000000	0.0106932423334001
3.1000000000000001	0.0195358690420910
3.2000000000000002	0.0503495966581920
3.3000000000000003	0.1024837224507213
3.4000000000000004	0.1541387240627488
3.5000000000000000	0.1766473717641395
3.6000000000000001	0.1576701821805577
3.7000000000000002	0.1112839196592502
3.8000000000000003	0.0644875625713723
3.9000000000000004	0.0325369636841309
4.0000000000000000	0.0208562155364966
4.1000000000000005	0.0301027587830442
4.2000000000000002	0.0598068649570757
4.2999999999999998	0.1034084075782390
4.4000000000000004	0.1419955941578089
4.5000000000000000	0.1582070890815404
4.6000000000000005	0.1437939331766166
4.7000000000000002	0.1088775765365765
4.8000000000000007	0.0702852593097354
4.9000000000000004	0.0421945917327477
5.0000000000000000	0.0312129080421156
5.1000000000000005	0.0398480203687867
5.2000000000000002	0.0663241691023946
5.3000000000000007	0.1026181618584995
5.4000000000000004	0.1326577692993768
5.5000000000000000	0.1442992665925810
5.6000000000000005	0.1335154728267504
5.7000000000000002	0.1054766734338271
5.8000000000000007	0.0741088303319483
5.9000000000000004	0.0501707714533077
6.0000000000000000	0.0406366786175970
6.1000000000000005	0.0483310075695369
6.2000000000000002	0.0713252053426032
6.3000000000000007	0.1008742829824567
6.4000000000000004	0.1246202619766522
6.5000000000000000	0.1340443679458017
6.6000000000000005	0.1253185660792617
6.7000000000000002	0.1025102619982037
6.8000000000000007	0.0767584305211685
6.9000000000000004	0.0568510170989080
7.0000000000000000	0.0488319562349169
7.1000000000000005	0.0555488021466548
7.2000000000000002	0.0748848145270164
7.3000000000000007	0.0993755769748594
7.4000000000000004	0.1183041215352973
7.5000000000000000	0.1255621313183554
7.6000000000000005	0.1183658186907809
7.7000000000000002	0.1001134459752108
7.8000000000000007	0.0785415929160746
7.9000000000000004	0.0621974905612737
8.0000000000000000	0.0557451090275231
8.0999999999999996	0.0615659158542217
8.2000000000000011	0.0777204692886830
8.3000000000000007	0.0978843476976785
8.4000000000000004	0.1132863134818862
8.5000000000000000	0.1189654666320602
8.5999999999999996	0.1128690018519791
8.7000000000000011	0.0975941341956538
8.8000000000000007	0.0801099115361181
8.9000000000000004	0.0666678743082276
9.0000000000000000	0.0615375049052386
9.0999999999999996	0.0665437094914763
9.2000000000000011	0.0801182461825822
9.3000000000000007	0.0968575266886154
9.4000000000000004	0.1090547701126547
9.5000000000000000	0.1135120272860973
9.6000000000000014	0.1084751308581227
9.7000000000000011	0.0957205947480363
9.8000000000000007	0.0812283440231202
9.9000000000000004	0.0704583027906013
10.0000000000000000	0.0662769372262890
10.1000000000000014	0.0706649445259065
10.2000000000000011	0.0819846790417461
10.3000000000000007	0.0956428859966517
10.4000000000000004	0.1058968900508281
10.5000000000000000	0.1091606063909677
10.6000000000000014	0.1046499545856682
10.7000000000000011	0.0942019547358787
10.8000000000000007	0.0820376362641995
10.9000000000000004	0.0733474278082421
11.0000000000000000	0.0702118849484914
11.1000000000000014	0.0741769951403521
11.2000000000000011	0.0834237709294937
11.3000000000000007	0.0950634558044044
11.4000000000000004	0.1027634331639695
11.5000000000000000	0.1054331957553828
11.6000000000000014	0.1013822531811343
11.7000000000000011	0.0929317503896458
11.8000000000000007	0.0827765966646028
11.9000000000000004	0.0758830360180555
12.0000000000000000	0.0734856674627835
12.1000000000000014	0.0770154036001249
12.2000000000000011	0.0847816393270299
12.3000000000000007	0.0941550838321779
12.4000000000000004	0.1004629488461511
12.5000000000000000	0.1023289025323051
12.6000000000000014	0.0990143538929027
12.7000000000000011	0.0916266389426771
12.8000000000000007	0.0836354877518055
12.9000000000000004	0.0778853371852320
13.0000000000000000	0.0762987177809104
13.1000000000000014	0.0791673362800116
13.2000000000000011	0.0857199815254469
13.3000000000000007	0.0935342153754670
13.4000000000000004	0.0984651413787981
13.5000000000000000	0.0998042345874282
13.6000000000000014	0.0972841736287008
13.7000000000000011	0.0909842289370099
13.8000000000000007	0.0840290035530113
13.9000000000000004	0.0792721667937939
14.0000000000000000	0.0784370247559679
14.1000000000000014	0.0810355371500295
14.2000000000000011	0.0867299705594898
14.3000000000000007	0.0929799888629197
14.4000000000000004	0.0968241355185115
14.5000000000000000	0.0980086719925245
14.6000000000000014	0.0954177770061306
14.7000000000000011	0.0899404856976607
14.8000000000000007	0.0847102408829103
14.9000000000000004	0.0809438345428983
15.0000000000000000	0.0801211728148477
15.1000000000000014	0.0824557001434601
15.2000000000000011	0.0875120190529026
15.3000000000000007	0.0924943280891426
15.4000000000000004	0.0956476810003132
15.5000000000000000	0.0962436527116935
15.6000000000000014	0.0939806898548046
15.7000000000000011	0.0893970761251052
15.8000000000000007	0.0852020908886861
15.9000000000000004	0.0821424574673601
16.0000000000000000	0.0817538535872648
16.1000000000000014	0.0838435302827450
16.1999999999999993	0.0879910638753390
16.3000000000000007	0.0921387760239614
16.4000000000000021	0.0945420976104070
16.5000000000000000	0.0948498375604666
16.6000000000000014	0.0928282956048907
16.6999999999999993	0.0891373178383470
16.8000000000000007	0.0853182743792560
16.9000000000000021	0.0831020010635722
17.0000000000000000	0.0829236945449694
17.1000000000000014	0.0848092471517958
17.1999999999999993	0.0883819048731671
17.3000000000000007	0.0921504934119113
17.4000000000000021	0.0937109620788227
17.5000000000000000	0.0934670909766039
17.6000000000000014	0.0918819181301050
17.6999999999999993	0.0888929290447579
17.8000000000000007	0.0855636797850942
17.9000000000000021	0.0837746747403448
18.0000000000000000	0.0840056652678104
18.1000000000000014	0.0856769287556643
18.1999999999999993	0.0885760023302291
18.3000000000000007	0.0916982787162468
18.4000000000000021	0.0932414678580917
18.5000000000000000	0.0925267596661021
18.6000000000000014	0.0910371647525717
18.6999999999999993	0.0885262741969532
18.8000000000000007	0.0857187506293986
18.9000000000000021	0.0846968349347917
19.0000000000000000	0.0846989556053573
19.1000000000000014	0.0864880714828937
19.2000000000000028	0.0887573982355896
19.3000000000000007	0.0913851354593560
19.4000000000000021	0.0924239724300300
19.5000000000000000	0.0920222641540988
19.6000000000000014	0.0904323218275918
19.7000000000000028	0.0881452719498324
19.8000000000000007	0.0863344181112597
19.9000000000000021	0.0852100665898372
20.0000000000000000	0.0855787314773861
20.1000000000000014	0.0868278220671887
20.2000000000000028	0.0890905867334074
20.3000000000000007	0.0913352535935790
20.4000000000000021	0.0916763996834472
20.5000000000000000	0.0912274685753404
20.6000000000000014	0.0900000731879894
20.7000000000000028	0.0881723462597264
20.8000000000000007	0.0863686673531361
20.9000000000000021	0.0857820411319647
21.0000000000000000	0.0860943851831874
21.1000000000000014	0.0873866924340107
21.2000000000000028	0.0895113527402053
21.3000000000000007	0.0906736301560516
21.4000000000000021	0.0911053708349529
21.5000000000000000	0.0906764132577422
21.6000000000000014	0.0896461185894335
21.7000000000000028	0.0879496735218508
21.8000000000000007	0.0864371179436026
21.9000000000000021	0.0859115520667275
22.0000000000000000	0.0867745292783848
22.1000000000000014	0.0878379496629046
22.2000000000000028	0.0895491475237076
22.3000000000000007	0.0906736301926923
22.4000000000000021	0.0904840163932610
22.5000000000000000	0.0902438329060868
22.6000000000000014	0.0891626278685242
22.7000000000000028	0.0878059221816310
22.8000000000000007	0.0866837159607037
22.9000000000000021	0.0865474134242833
23.0000000000000000	0.0871459315171008
23.1000000000000014	0.0880877737401919
23.2000000000000028	0.0895491475200718
23.3000000000000007	0.0906657562393870
23.4000000000000021	0.0906198481734287
23.5000000000000000	0.0899906021594938
23.6000000000000014	0.0889271793552850
23.7000000000000028	0.0877274370076617
23.8000000000000007	0.0867898423531953
23.9000000000000021	0.0865421271130175
24.0000000000000000	0.0877027720170274
24.1000000000000014	0.0886143509920022
24.2000000000000028	0.0896563806289666
24.3000000000000007	0.0905038244915660
24.4000000000000021	0.0903046407994258
24.5000000000000000	0.0894304850507991
24.6000000000000014	0.0887213980134807
24.7000000000000028	0.0875954056175814
24.8000000000000007	0.0867691244632083
24.9000000000000021	0.0871267810076277
25.0000000000000000	0.0878247197213980
25.1000000000000014	0.0886375897617126
25.2000000000000028	0.0898471987423368
25.3000000000000007	0.0902847479692292
25.4000000000000021	0.0900066459987777
25.5000000000000000	0.0893842062605429
25.6000000000000014	0.0885945883631239
25.7000000000000028	0.0874320793370743
25.8000000000000007	0.0871831189569521
25.9000000000000021	0.0872683383805128
26.0000000000000000	0.0880298757533599
26.1000000000000014	0.0889223865996732
26.2000000000000028	0.0893951742058151
26.3000000000000007	0.0900390903086010
26.4000000000000021	0.0896831576083558
26.5000000000000000	0.0891945924863782
26.6000000000000014	0.0882707123552986
26.7000000000000028	0.0875090593471036
26.8000000000000007	0.0874024817412847
26.9000000000000021	0.0876614194681281
27.0000000000000000	0.0880963057911318
27.1000000000000014	0.0890451323788735
27.2000000000000028	0.0894468221376049
27.3000000000000007	0.0900390899833255
27.4000000000000021	0.0892667862640913
27.5000000000000000	0.0892334602418833
27.6000000000000014	0.0881928801301120
27.7000000000000028	0.0877869720741908
27.8000000000000007	0.0874303524757219
27.9000000000000021	0.0879376438270927
28.0000000000000000	0.0883262092451805
28.1000000000000014	0.0890451323599664
28.2000000000000028	0.0894468221706285
28.3000000000000007	0.0898283881353210
28.4000000000000021	0.0892859070792006
28.5000000000000000	0.0889434614732478
28.6000000000000014	0.0881967289679590
28.7000000000000028	0.0877018602094472
28.8000000000000007	0.0874303524758273
28.9000000000000021	0.0881428186983899
29.0000000000000000	0.0885785136066565
29.1000000000000014	0.0890082296690442
29.2000000000000028	0.0895949472720941
29.3000000000000007	0.0896475842537315
29.4000000000000021	0.0892873201174366
29.5000000000000000	0.0886191585581379
29.6000000000000014	0.0883415309508084
29.7000000000000028	0.0876183341212752
29.8000000000000007	0.0876446890117113
29.9000000000000021	0.0884434147116252
30.0000000000000000	0.0883259803607945
30.1000000000000014	0.0890524023533421
30.2000000000000028	0.0896511058691273
30.3000000000000007	0.0893393162876832
30.4000000000000021	0.0886407905160535
30.5000000000000000	0.0886191585436249
30.6000000000000014	0.0882322972390426
30.7000000000000028	0.0877280562641496
30.8000000000000007	0.0879592019080984
30.9000000000000021	0.0884434147109010
31.0000000000000000	0.0883259803667574
31.1000000000000014	0.0891708887941350
31.2000000000000028	0.0896511058699444
31.3000000000000007	0.0891963723596025
31.4000000000000021	0.0888140350043889
31.5000000000000000	0.0885615983696991
31.6000000000000014	0.0881198332820406
31.7000000000000028	0.0877280562650745
31.8000000000000007	0.0883158748133937
31.9000000000000021	0.0883067370092080
32.0000000000000000	0.0884881323280279
32.1000000000000014	0.0891708887896833
32.2000000000000028	0.0896752900249050
32.3000000000000043	0.0890636860455787
32.3999999999999986	0.0888140350074256
32.5000000000000000	0.0883862599067863
32.6000000000000014	0.0881198332879061
32.7000000000000028	0.0876855835695065
32.8000000000000043	0.0883158748117785
32.8999999999999986	0.0883067391087965
33.0000000000000000	0.0887632615203297
33.1000000000000014	0.0891708887917139
33.2000000000000028	0.0896752900442674
33.3000000000000043	0.0890636860125248
33.3999999999999986	0.0888140350040160
33.5000000000000000	0.0883862598557670
33.6000000000000014	0.0880352237619386
33.7000000000000028	0.0877106675461987
33.8000000000000043	0.0883320506315737
33.8999999999999986	0.0883500136431474
34.0000000000000000	0.0888096306035869
34.1000000000000014	0.0891506935849026
34.2000000000000028	0.0893018906289630
34.3000000000000043	0.0890636860029303
34.3999999999999986	0.0888432929294024
34.5000000000000000	0.0883862598641891
34.6000000000000014	0.0880124289258508
34.7000000000000028	0.0882448071356466
34.8000000000000043	0.0883320506428795
34.8999999999999986	0.0884582222862714
35.0000000000000000	0.0889802445291380
35.1000000000000014	0.0892841537155940
35.2000000000000028	0.0889650490546800
35.3000000000000043	0.0889828740455002
35.3999999999999986	0.0882834624720202
35.5000000000000000	0.0883963973020130
35.6000000000000014	0.0882562811252432
35.7000000000000028	0.0883754916673307
35.8000000000000043	0.0882648779768368
35.8999999999999986	0.0884685677967286
36.0000000000000000	0.0889802444891410
36.1000000000000014	0.0892841534965831
36.2000000000000028	0.0889650490377910
36.3000000000000043	0.0887905636098092
36.3999999999999986	0.0882834624006168
36.5000000000000000	0.0883278091393277
36.6000000000000014	0.0884330358830631
36.7000000000000028	0.0882943413186969
36.8000000000000043	0.0883724082870213
36.8999999999999986	0.0886763358567976
37.0000000000000000	0.0889802634265738
37.1000000000000014	0.0892841909963501
37.2000000000000028	0.0889650491838778
37.3000000000000043	0.0887905636154262
37.3999999999999986	0.0882127401563762
37.5000000000000000	0.0883278091320942
37.6000000000000014	0.0882464400994561
37.7000000000000028	0.0881000365401076
37.8000000000000043	0.0883724082964785
37.8999999999999986	0.0886763358937597
38.0000000000000000	0.0891920381987900
38.1000000000000014	0.0891162679821173
38.2000000000000028	0.0889650490623285
38.3000000000000043	0.0887180376896451
38.4000000000000057	0.0882127403772398
38.5000000000000000	0.0881530854282186
38.6000000000000014	0.0884070718906466
38.7000000000000028	0.0882745597596093
38.8000000000000043	0.0883724076882273
38.9000000000000057	0.0891412963509066
39.0000000000000000	0.0893373127195056
39.1000000000000014	0.0890938358430540
39.2000000000000028	0.0887003333346715
39.3000000000000043	0.0887180384747900
39.4000000000000057	0.0882127438585865
39.5000000000000000	0.0880057136921740
39.6000000000000014	0.0884070718429987
39.7000000000000028	0.0882745597847466
39.8000000000000043	0.0887172158006230
39.9000000000000057	0.0890013460780534
40.0000000000000000	0.0892904910468950
40.1000000000000014	0.0888451063598271
40.2000000000000028	0.0890399652586075
40.3000000000000043	0.0888866955821968
40.4000000000000057	0.0880597969538631
40.5000000000000000	0.0880057136772537
40.6000000000000014	0.0884070718386460
40.7000000000000028	0.0882745597833598
40.8000000000000043	0.0887172157815124
40.9000000000000057	0.0891766424249969
41.0000000000000000	0.0892904910608936
41.1000000000000014	0.0886041442094364
41.2000000000000028	0.0889575126034260
41.3000000000000043	0.0886716470073615
41.4000000000000057	0.0880597969576563
41.5000000000000000	0.0880057136893107
41.6000000000000014	0.0881912412105082
41.7000000000000028	0.0882745598016813
41.8000000000000043	0.0887172157409841
41.9000000000000057	0.0894112051251738
42.0000000000000000	0.0892241400129264
42.1000000000000014	0.0886357186884043
42.2000000000000028	0.0889575125945795
42.3000000000000043	0.0884306993689669
42.4000000000000057	0.0880183581659272
42.5000000000000000	0.0882837723768179
42.6000000000000014	0.0881912395546964
42.7000000000000028	0.0882745606766260
42.8000000000000043	0.0889665099524273
42.9000000000000057	0.0893300097962999
43.0000000000000000	0.0888766599129592
43.1000000000000014	0.0889608623847190
43.2000000000000028	0.0891137995104774
43.3000000000000043	0.0882853754459623
43.4000000000000057	0.0880597971776984
43.5000000000000000	0.0882825114576737
43.6000000000000014	0.0879733463315801
43.7000000000000028	0.0883703292037423
43.8000000000000043	0.0891866179111234
43.9000000000000057	0.0891889609087941
44.0000000000000000	0.0888187075735213
44.1000000000000014	0.0890658866776612
44.2000000000000028	0.0891137995236577
44.3000000000000043	0.0882853754470853
44.4000000000000057	0.0882502872946261
44.5000000000000000	0.0878524776863265
44.6000000000000014	0.0880605944143362
44.7000000000000028	0.0890011676275582
44.8000000000000043	0.0891437998930046
44.9000000000000057	0.0886465592709343
45.0000000000000000	0.0888539479867779
45.1000000000000014	0.0890271048303365
45.2000000000000028	0.0887455650958582
45.3000000000000043	0.0882693902574028
45.4000000000000057	0.0882502872877460
45.5000000000000000	0.0879703098337641
45.6000000000000014	0.0884114730795149
45.7000000000000028	0.0889934544420551
45.8000000000000043	0.0886988282637078
45.9000000000000057	0.0890058883073468
46.0000000000000000	0.0888815632987551
46.1000000000000014	0.0891629806178427
46.2000000000000028	0.0887455648475792
46.3000000000000043	0.0881483799407829
46.4000000000000057	0.0882502872551601
46.5000000000000000	0.0880247203140788
46.6000000000000014	0.0886486060569121
46.7000000000000028	0.0889934544529425
46.8000000000000043	0.0887401452046859
46.9000000000000057	0.0890058883154977
47.0000000000000000	0.0889649453924197
47.1000000000000014	0.0891629806250909
47.2000000000000028	0.0887455649278173
47.3000000000000043	0.0881483801335317
47.4000000000000057	0.0882502871810222
47.5000000000000000	0.0880247202239675
47.6000000000000014	0.0887572814723363
47.7000000000000028	0.0889332940589350
47.8000000000000043	0.0886037865841255
47.9000000000000057	0.0890058883134426
48.0000000000000000	0.0889233586562270
48.1000000000000014	0.0891629805246890
48.2000000000000028	0.0887455648944712
48.3000000000000043	0.0881483800530014
48.4000000000000057	0.0879140022735223
48.5000000000000000	0.0880591942285665
48.6000000000000014	0.0887572814697702
48.7000000000000028	0.0889332940501650
48.8000000000000043	0.0886037865858112
48.9000000000000057	0.0890058883117145
49.0000000000000000	0.0889233587055194
49.1000000000000014	0.0891629803870007
49.2000000000000028	0.0887455652401040
49.3000000000000043	0.0881483808801925
49.4000000000000057	0.0879140023193401
49.5000000000000000	0.0882381293629077
49.6000000000000014	0.0887572814688462
49.7000000000000028	0.0889332941134464
49.8000000000000043	0.0888199711117883
49.9000000000000057	0.0890058882996457
50.0000000000000000	0.0889233587402837
50.1000000000000014	0.0891629802990891
50.2000000000000028	0.0887455653081547
50.3000000000000043	0.0881483810370597
50.4000000000000057	0.0877347726958428
50.5000000000000000	0.0882381293319792
50.6000000000000014	0.0887572815680546
50.7000000000000028	0.0889018249912260
50.8000000000000043	0.0890649808517433
50.9000000000000057	0.0890058884408228
51.0000000000000000	0.0889233586913208
51.1000000000000014	0.0891629804059729
51.2000000000000028	0.0885494188373108
51.3000000000000043	0.0882226833752704
51.4000000000000057	0.0877656168447638
51.5000000000000000	0.0885644639195066
51.6000000000000014	0.0885057842193351
51.7000000000000028	0.0887722435795346
51.8000000000000043	0.0890181648208071
51.9000000000000057	0.0888647383621262
52.0000000000000000	0.0887527769469363
52.1000000000000014	0.0888530720565699
52.2000000000000028	0.0884324727837608
52.3000000000000043	0.0882226833760261
52.4000000000000057	0.0881489150710724
52.5000000000000000	0.0884512699042303
52.6000000000000014	0.0886790087447652
52.7000000000000028	0.0886288212786145
52.8000000000000043	0.0890536634052910
52.9000000000000057	0.0890316271420227
53.0000000000000000	0.0888121702925433
53.1000000000000014	0.0889745766056162
53.2000000000000028	0.0884922360664077
53.3000000000000043	0.0881662622821293
53.4000000000000057	0.0884573857123479
53.5000000000000000	0.0884512700635074
53.6000000000000014	0.0888484057726202
53.7000000000000028	0.0886288205435336
53.8000000000000043	0.0886046858491605
53.9000000000000057	0.0885554882376043
54.0000000000000000	0.0887694862869046
54.1000000000000014	0.0886150506531829
54.2000000000000028	0.0887174280180507
54.3000000000000043	0.0880554784248553
54.4000000000000057	0.0884752702265171
54.5000000000000000	0.0884512700034630
54.6000000000000014	0.0888484057868612
54.7000000000000028	0.0886288205468110
54.8000000000000043	0.0887755395011682
54.9000000000000057	0.0889097235220708
55.0000000000000000	0.0887732727053748
55.1000000000000014	0.0884557062428287
55.2000000000000028	0.0885857855342452
55.3000000000000043	0.0880110720167664
55.4000000000000057	0.0885923398469564
55.5000000000000000	0.0886406620560008
55.6000000000000014	0.0888484057766973
55.7000000000000028	0.0885931893196807
55.8000000000000043	0.0889625484284405
55.9000000000000057	0.0889097233673001
56.0000000000000000	0.0887732725734054
56.1000000000000014	0.0886348081978333
56.2000000000000028	0.0883708537566131
56.3000000000000043	0.0880970692912929
56.4000000000000057	0.0885923398631887
56.5000000000000000	0.0888154909232995
56.6000000000000014	0.0888484057640723
56.7000000000000028	0.0885931893414572
56.8000000000000043	0.0889625483538048
56.9000000000000057	0.0889097238987230
57.0000000000000000	0.0887694862756926
57.1000000000000014	0.0887255406441179
57.2000000000000028	0.0883708537597971
57.3000000000000043	0.0880110720249682
57.4000000000000057	0.0885923398563392
57.5000000000000000	0.0888154909353606
57.6000000000000014	0.0887690113494827
57.7000000000000028	0.0885931893531374
57.8000000000000043	0.0889625486899961
57.9000000000000057	0.0889097236425092
58.0000000000000000	0.0887694862322747
58.1000000000000014	0.0886348079910360
58.2000000000000028	0.0883708538638432
58.3000000000000043	0.0880110719881168
58.4000000000000057	0.0885923398751298
58.5000000000000000	0.0887499247939394
58.6000000000000014	0.0885978452143707
58.7000000000000028	0.0885855989493838
58.8000000000000043	0.0888923342942486
58.9000000000000057	0.0889286324921195
59.0000000000000000	0.0888245457642087
59.1000000000000014	0.0886348079773416
59.2000000000000028	0.0883708538674314
59.3000000000000043	0.0881472445145953
59.4000000000000057	0.0885923398059988
59.5000000000000000	0.0887499247826736
59.6000000000000014	0.0885978452144189
59.7000000000000028	0.0885855989500866
59.8000000000000043	0.0888923342958305
59.9000000000000057	0.0889286325463820
60.0000000000000000	0.0891589590571480
60.1000000000000014	0.0886348080894474
60.2000000000000028	0.0881063535766996
60.3000000000000043	0.0883995680411973
60.4000000000000057	0.0883906824518508
60.5000000000000000	0.0884251158420788
60.6000000000000014	0.0885978452144471
60.7000000000000028	0.0885855989503341
60.8000000000000043	0.0888923342949839
60.9000000000000057	0.0889286325091331
61.0000000000000000	0.0887352306638815
61.1000000000000014	0.0886348080869744
61.2000000000000028	0.0881507310673833
61.3000000000000043	0.0887483200441519
61.4000000000000057	0.0887183565065411
61.5000000000000000	0.0885325849822935
61.6000000000000014	0.0885978452144121
61.7000000000000028	0.0885855989487465
61.8000000000000043	0.0888923342936371
61.9000000000000057	0.0889286324750408
62.0000000000000000	0.0886324965158405
62.1000000000000014	0.0883974325425303
62.2000000000000028	0.0882792861410492
62.3000000000000043	0.0888842354852208
62.4000000000000057	0.0888327317865111
62.5000000000000000	0.0885325849769383
62.6000000000000014	0.0885978452144453
62.7000000000000028	0.0885855988370813
62.8000000000000043	0.0887423139317977
62.9000000000000057	0.0890942179611101
63.0000000000000000	0.0886324965458157
63.1000000000000014	0.0882733536758984
63.2000000000000028	0.0882792862285530
63.3000000000000043	0.0888265547327331
63.4000000000000057	0.0888327318258277
63.5000000000000000	0.0885325849298311
63.6000000000000014	0.0882506927301962
63.7000000000000028	0.0885855988963073
63.8000000000000043	0.0887965549215088
63.9000000000000057	0.0889004779400644
64.0000000000000000	0.0886324965670257
64.1000000000000085	0.0882642162173457
64.2000000000000028	0.0887727888699348
64.2999999999999972	0.0887569607530227
64.4000000000000057	0.0888327318313724
64.5000000000000000	0.0886620881265890
64.6000000000000085	0.0880245755668981
64.7000000000000028	0.0886646314821625
64.7999999999999972	0.0887790567297577
64.9000000000000057	0.0888227266677473
65.0000000000000000	0.0885843566933275
65.1000000000000085	0.0882818389930177
65.2000000000000028	0.0887727828431562
65.2999999999999972	0.0886700119366292
65.4000000000000057	0.0888327318247641
65.5000000000000000	0.0885786408075071
65.6000000000000085	0.0881358900508160
65.7000000000000028	0.0886646314637567
65.7999999999999972	0.0887790567302031
65.9000000000000057	0.0888227265416604
66.0000000000000000	0.0885843566866655
66.1000000000000085	0.0882818390012785
66.2000000000000028	0.0887727827537356
66.2999999999999972	0.0886700119558031
66.4000000000000057	0.0886764114285215
66.5000000000000000	0.0888170958627298
66.6000000000000085	0.0881358900438710
66.7000000000000028	0.0886646314614577
66.7999999999999972	0.0887238048097902
66.9000000000000057	0.0888227268456488
67.0000000000000000	0.0885843567013038
67.1000000000000085	0.0882818389891756
67.2000000000000028	0.0889783561907530
67.2999999999999972	0.0886700119285829
67.4000000000000057	0.0886764116674757
67.5000000000000000	0.0888170958281660
67.6000000000000085	0.0882736388900806
67.7000000000000028	0.0887707696045037
67.7999999999999972	0.0887238056148635
67.9000000000000057	0.0888227280635743
68.0000000000000000	0.0885843568491779
68.1000000000000085	0.0882642207177251
68.2000000000000028	0.0889233766003746
68.2999999999999972	0.0886700119061857
68.4000000000000057	0.0886737767374673
68.5000000000000000	0.0887396668357587
68.6000000000000085	0.0882121161454236
68.7000000000000028	0.0887707696302763
68.7999999999999972	0.0887238051243737
68.9000000000000057	0.0888791473426660
69.0000000000000000	0.0885843567553851
69.1000000000000085	0.0882642215633524
69.2000000000000028	0.0888880252699309
69.2999999999999972	0.0886700118982330
69.4000000000000057	0.0886737767242976
69.5000000000000000	0.0884220377849439
69.6000000000000085	0.0882121161466225
69.7000000000000028	0.0887707696294526
69.7999999999999972	0.0887054327793538
69.9000000000000057	0.0890881129251583
70.0000000000000000	0.0885843584917022
70.1000000000000085	0.0885817945939360
70.2000000000000028	0.0888880252597943
70.2999999999999972	0.0886700119172779
70.4000000000000057	0.0886737767106462
70.5000000000000000	0.0881396806509148
70.6000000000000085	0.0882597457572143
70.7000000000000028	0.0885858908482203
70.7999999999999972	0.0887238050407338
70.9000000000000057	0.0887893414882471
71.0000000000000000	0.0887060392067951
71.1000000000000085	0.0887981200583008
71.2000000000000028	0.0888880252561505
71.2999999999999972	0.0885722934958941
71.4000000000000057	0.0886737757864731
71.5000000000000000	0.0883332893743513
71.6000000000000085	0.0886298090168694
71.7000000000000028	0.0883794113119878
71.7999999999999972	0.0889278158549897
71.9000000000000057	0.0882834051139189
72.0000000000000000	0.0885101373696161
72.1000000000000085	0.0888306146217311
72.2000000000000028	0.0886462782455354
72.2999999999999972	0.0885722936370275
72.4000000000000057	0.0886737758014659
72.5000000000000000	0.0883332898409957
72.6000000000000085	0.0887382369367554
72.7000000000000028	0.0883323517220252
72.7999999999999972	0.0887900298670909
72.9000000000000057	0.0882973778075379
73.0000000000000000	0.0885101373717266
73.1000000000000085	0.0888306147023984
73.2000000000000028	0.0885888140573487
73.2999999999999972	0.0885549605677576
73.4000000000000057	0.0886737758062811
73.5000000000000000	0.0886087280094539
73.6000000000000085	0.0887382370050763
73.7000000000000028	0.0885788621112258
73.7999999999999972	0.0886404308009557
73.9000000000000057	0.0882973778742380
74.0000000000000000	0.0885101373723490
74.1000000000000085	0.0888306147274833
74.2000000000000028	0.0885888140581038
74.2999999999999972	0.0887129032664168
74.4000000000000057	0.0887861162163428
74.5000000000000000	0.0890306868561209
74.6000000000000085	0.0886285223136314
74.7000000000000028	0.0883653700522405
74.7999999999999972	0.0886404308315252
74.9000000000000057	0.0882718224750482
75.0000000000000000	0.0885101373736734
75.1000000000000085	0.0888306146731082
75.2000000000000028	0.0885888140603114
75.2999999999999972	0.0887129032930874
75.4000000000000057	0.0887861162257429
75.5000000000000000	0.0890306869984712
75.6000000000000085	0.0886285223306629
75.7000000000000028	0.0886460086159496
75.7999999999999972	0.0882113746303723
75.9000000000000057	0.0883099345502825
76.0000000000000000	0.0885101373773930
76.1000000000000085	0.0888306146520427
76.2000000000000028	0.0885888140556928
76.2999999999999972	0.0887129032991446
76.4000000000000057	0.0887861162287805
76.5000000000000000	0.0890306869502515
76.6000000000000085	0.0882990877429824
76.7000000000000028	0.0886460085265535
76.8000000000000114	0.0884403045385514
76.9000000000000057	0.0886214583060366
77.0000000000000000	0.0885101383145188
77.1000000000000085	0.0888306147912822
77.2000000000000028	0.0885888140609712
77.3000000000000114	0.0887129033087294
77.4000000000000057	0.0888176624344053
77.5000000000000000	0.0886304928565851
77.6000000000000085	0.0883317186292056
77.7000000000000028	0.0886460085422102
77.8000000000000114	0.0884403045123943
77.9000000000000057	0.0886214583091915
78.0000000000000000	0.0885101383223272
78.1000000000000085	0.0888306147751176
78.2000000000000028	0.0885888140620352
78.3000000000000114	0.0887129033036949
78.4000000000000057	0.0886800410992340
78.5000000000000000	0.0886304928602732
78.6000000000000085	0.0882990877415591
78.7000000000000028	0.0886460085649701
78.8000000000000114	0.0884403045086145
78.9000000000000057	0.0886214583149891
79.0000000000000000	0.0885101381879345
79.1000000000000085	0.0888306147772205
79.2000000000000028	0.0885888140610090
79.3000000000000114	0.0887129033055722
79.4000000000000057	0.0886800410995589
79.5000000000000000	0.0886304928526020
79.6000000000000085	0.0882990877439787
79.7000000000000028	0.0886460085405541
79.8000000000000114	0.0884403045048513
79.9000000000000057	0.0886214583195871
80.0000000000000000	0.0885101381829364
80.1000000000000085	0.0888306147837056
80.2000000000000028	0.0885888140604087
80.3000000000000114	0.0887129033071345
80.4000000000000057	0.0886800410999092
80.5000000000000000	0.0886304928418639
80.6000000000000085	0.0882990877443270
80.7000000000000028	0.0886460085475503
80.8000000000000114	0.0884403044933015
80.9000000000000057	0.0886214583329404
81.0000000000000000	0.0885101381779538
81.1000000000000085	0.0888306147910967
81.2000000000000028	0.0885888140609282
81.3000000000000114	0.0887129033042201
81.4000000000000057	0.0886800410954322
81.5000000000000000	0.0886304928498908
81.6000000000000085	0.0882990877562358
81.7000000000000028	0.0886460085692402
81.8000000000000114	0.0884403044840763
81.9000000000000057	0.0886214583383718
82.0000000000000000	0.0885101381789526
82.1000000000000085	0.0888306147967898
82.2000000000000028	0.0885888140600470
82.3000000000000114	0.0887129033058467
82.4000000000000057	0.0886800410961254
82.5000000000000000	0.0886304928635207
82.6000000000000085	0.0882617936615212
82.7000000000000028	0.0886460085637903
82.8000000000000114	0.0884403044727710
82.9000000000000057	0.0886214583537013
83.0000000000000000	0.0885101381678390
83.1000000000000085	0.0888306148122441
83.2000000000000028	0.0885888140599273
83.3000000000000114	0.0887129033074019
83.4000000000000057	0.0886800410918555
83.5000000000000000	0.0886304929073488
83.6000000000000085	0.0882617936618453
83.7000000000000028	0.0886460085553168
83.8000000000000114	0.0884403044769224
83.9000000000000057	0.0886214583153205
84.0000000000000000	0.0885101381883296
84.1000000000000085	0.0889483210943000
84.2000000000000028	0.0885888147665891
84.3000000000000114	0.0887295687390199
84.4000000000000057	0.0886800356429137
84.5000000000000000	0.0886783040929645
84.6000000000000085	0.0882617936482769
84.7000000000000028	0.0886460085262878
84.8000000000000114	0.0884403045015226
84.9000000000000057	0.0886214582870044
85.0000000000000000	0.0885101382156960
85.1000000000000085	0.0889245918889220
85.2000000000000028	0.0885888147609828
85.3000000000000114	0.0887295687673195
85.4000000000000057	0.0886800356671637
85.5000000000000000	0.0886783041012069
85.6000000000000085	0.0884194430701744
85.7000000000000028	0.0886460085050460
85.8000000000000114	0.0882087896488204
85.9000000000000057	0.0886214568305696
86.0000000000000000	0.0885101382325153
86.1000000000000085	0.0889245918414311
86.2000000000000028	0.0885545203847018
86.3000000000000114	0.0887295722638738
86.4000000000000057	0.0886800379990549
86.5000000000000000	0.0886782999500154
86.6000000000000085	0.0884194340899890
86.7000000000000028	0.0886460300089756
86.8000000000000114	0.0882014088915057
86.9000000000000057	0.0886214826034295
87.0000000000000000	0.0885101272217763
87.1000000000000085	0.0890522621106359
87.2000000000000028	0.0885545039518647
87.3000000000000114	0.0887295757120843
87.4000000000000057	0.0886800435584262
87.5000000000000000	0.0886782957933667
87.6000000000000085	0.0884194252596828
87.7000000000000028	0.0888439329676024
87.8000000000000114	0.0882014084756096
87.9000000000000057	0.0886214823960125
88.0000000000000000	0.0886653165498903
88.1000000000000085	0.0889313278574342
88.2000000000000028	0.0884834846240993
88.3000000000000114	0.0887295754185875
88.4000000000000057	0.0886800424906162
88.5000000000000000	0.0886782966309868
88.6000000000000085	0.0884655936932242
88.7000000000000028	0.0888439331247259
88.8000000000000114	0.0882014080422849
88.9000000000000057	0.0886139969330234
89.0000000000000000	0.0886653159034610
89.1000000000000085	0.0884113557608315
89.2000000000000028	0.0884834846133698
89.3000000000000114	0.0887295743321256
89.4000000000000057	0.0886800424787766
89.5000000000000000	0.0886782966478187
89.6000000000000085	0.0887351354723901
89.7000000000000028	0.0888439331123687
89.8000000000000114	0.0882829320616107
89.9000000000000057	0.0886139969577753
90.0000000000000000	0.0886115424989771
90.1000000000000085	0.0884019946802707
90.2000000000000028	0.0883370334590125
90.3000000000000114	0.0887295738160490
90.4000000000000057	0.0886800424863885
90.5000000000000000	0.0886782966422593
90.6000000000000085	0.0888630830430437
90.7000000000000028	0.0886411060418932
90.8000000000000114	0.0882829323027212
90.9000000000000057	0.0886146230684774
91.0000000000000000	0.0884928128510594
91.1000000000000085	0.0884019940255237
91.2000000000000028	0.0883370334581836
91.3000000000000114	0.0887295738184436
91.4000000000000057	0.0886800424969064
91.5000000000000000	0.0888121053209857
91.6000000000000085	0.0888630830431381
91.7000000000000028	0.0886411060513328
91.8000000000000114	0.0882829323064437
91.9000000000000057	0.0889561749760300
92.0000000000000000	0.0884804199951227
92.1000000000000085	0.0885580036889451
92.2000000000000028	0.0886018292383094
92.3000000000000114	0.0887295738720710
92.4000000000000057	0.0886800425179957
92.5000000000000000	0.0883941786347657
92.6000000000000085	0.0887349833590542
92.7000000000000028	0.0886411061889674
92.8000000000000114	0.0885525678961920
92.9000000000000057	0.0887235622819886
93.0000000000000000	0.0884618834813620
93.1000000000000085	0.0885580035491510
93.2000000000000028	0.0886018295823785
93.3000000000000114	0.0887295736655146
93.4000000000000057	0.0886800425003157
93.5000000000000000	0.0883376069204552
93.6000000000000085	0.0887349833626364
93.7000000000000028	0.0886411061682136
93.8000000000000114	0.0885525678892434
93.9000000000000057	0.0887335753850124
94.0000000000000000	0.0884618835033381
94.1000000000000085	0.0885580035283964
94.2000000000000028	0.0886018296080874
94.3000000000000114	0.0887295736255276
94.4000000000000057	0.0884083545456286
94.5000000000000000	0.0884286098707195
94.6000000000000085	0.0887349833374488
94.7000000000000028	0.0886411061475379
94.8000000000000114	0.0888142349267614
94.9000000000000057	0.0887368242470515
95.0000000000000000	0.0884618061794432
95.1000000000000085	0.0885580033549635
95.2000000000000028	0.0885030586640632
95.3000000000000114	0.0887295735691529
95.4000000000000057	0.0883900872204910
95.5000000000000000	0.0883376069090732
95.6000000000000085	0.0887349833710185
95.7000000000000028	0.0886411060920671
95.8000000000000114	0.0888142349303845
95.9000000000000057	0.0887866623322726
96.0000000000000000	0.0884618058091417
96.1000000000000085	0.0887686639635894
96.2000000000000028	0.0885030586653256
96.3000000000000114	0.0887295735144764
96.4000000000000057	0.0882656938158504
96.5000000000000000	0.0883376069145854
96.6000000000000085	0.0888580717672807
96.7000000000000028	0.0884217731782349
96.8000000000000114	0.0888142349285870
96.9000000000000057	0.0887866623313113
97.0000000000000000	0.0884618059076926
97.1000000000000085	0.0884379255242009
97.2000000000000028	0.0885030587588977
97.3000000000000114	0.0885205698493489
97.4000000000000057	0.0882656939788868
97.5000000000000000	0.0883376069125636
97.6000000000000085	0.0888580717663900
97.7000000000000028	0.0885729945218572
97.8000000000000114	0.0888142349188391
97.9000000000000057	0.0887866620497734
98.0000000000000000	0.0884618060081476
98.1000000000000085	0.0884379254973686
98.2000000000000028	0.0888101390204292
98.3000000000000114	0.0883507868849047
98.4000000000000057	0.0881871519637771
98.5000000000000000	0.0883376069104961
98.6000000000000085	0.0888887759445511
98.7000000000000028	0.0889161177376369
98.8000000000000114	0.0888142349000018
98.9000000000000057	0.0889066813070051
99.0000000000000000	0.0887514384084684
99.1000000000000085	0.0887171054887417
99.2000000000000028	0.0886248423658303
99.3000000000000114	0.0884292940837424
99.4000000000000057	0.0881871519624632
99.5000000000000000	0.0884807786663717
99.6000000000000085	0.0890493425263453
99.7000000000000028	0.0889161177204493
99.8000000000000114	0.0885557734920379
99.9000000000000057	0.0884920026147712
100.0000000000000000	0.0885622278152382
