0.0000000000000000	0.0000163079656243
0.0004712736358218	0.0000173079656243
0.0018290560472417	0.0000286511354562
0.0023651240022039	0.0000380623202101
0.0033279255650138	0.0000637577140262
0.0041243891186340	0.0000996286492972
0.0053869298906689	0.0002013699327924
0.0058571965154742	0.0002589010549105
0.0063450492253782	0.0003341299537439
0.0070750412283237	0.0004849021991496
0.0076148544289343	0.0006343274862587
0.0080856337381864	0.0007980754669918
0.0084648099328403	0.0009573753686195
0.0088150079678286	0.0011298541245112
0.0094289978091909	0.0015017027707253
0.0099901796255593	0.0019350165101119
0.0104984930580141	0.0024216662902559
0.0109551890281134	0.0029498790098116
0.0113859252989540	0.0035403340929930
0.0118330817973627	0.0042627621612197
0.0123098670011776	0.0051747126851269
0.0128187677646488	0.0063348072812001
0.0133619488245574	0.0078202125551179
0.0139414800294223	0.0097330206405053
0.0145603685111386	0.0122123678315162
0.0152126088543966	0.0153958785752911
0.0157340796812605	0.0184255413531859
0.0163355335423434	0.0225295411751132
0.0170195414013029	0.0280966453778375
0.0178058583214144	0.0358461820009050
0.0187313205203797	0.0470839859644570
0.0197836048634231	0.0630318768354238
0.0209280819231188	0.0847073832571213
0.0229281475793460	0.1345243237879752
0.0238290715469517	0.1619353705719059
0.0248985648652244	0.1979127081605464
0.0262101864934208	0.2463558604309599
0.0270081030491345	0.2774528619298275
0.0278976558863801	0.3127910503219078
0.0288773954173921	0.3514434675405279
0.0299368184230334	0.3912725751479779
0.0311980838234400	0.4333888790012574
0.0328733047926409	0.4756661985666233
0.0354737252225031	0.4991006639075118
0.0364175078962008	0.4932766422279737
0.0381108358789514	0.4633542399747678
0.0396439201799888	0.4191683470617012
0.0409528449235489	0.3712971780890965
0.0418349802345335	0.3356889350773003
0.0428378854514544	0.2946194521747252
0.0438937918550221	0.2520470404039476
0.0451539199963103	0.2031502515044699
0.0471807276422785	0.1330240931236593
0.0486287772157932	0.0931955830145845
0.0494566668320293	0.0749134077698202
0.0502330528637783	0.0602664810593580
0.0517890090415110	0.0368745599252652
0.0526023840218580	0.0275641851218756
0.0535234687095846	0.0194678566825491
0.0540227689550856	0.0160856559157474
0.0545593892406370	0.0131332950251898
0.0550075552603176	0.0111124102502981
0.0554091127537874	0.0095702356932550
0.0558993008736779	0.0079402724010019
0.0564564162709603	0.0063228086950977
0.0569150467270770	0.0051255632148386
0.0577173630872578	0.0032874311549743
0.0581032841413184	0.0025371285028314
0.0584978131050125	0.0018805734499056
0.0589674855216488	0.0012636567614882
0.0596781445726710	0.0006846043692281
0.0599221287549758	0.0005774791676445
0.0601793241324681	0.0005074549904421
0.0604170775207698	0.0004759437988922
0.0606151181035051	0.0004691439921340
0.0608408237983811	0.0004773871656375
0.0611099981974864	0.0005022944666457
0.0613383958516613	0.0005287153243030
0.0616200091483879	0.0005597106555423
0.0618897148258998	0.0005806795758173
0.0621962864575183	0.0005864291206040
0.0626154003598290	0.0005552614702259
0.0629001375986524	0.0005067516554339
0.0632263441579877	0.0004269053456694
0.0635096474681830	0.0003407956477463
0.0637962881959577	0.0002440432951618
0.0640551883344269	0.0001532111687344
0.0643808004369281	0.0000419662353446
0.0646711056299597	-0.0000482719692424
0.0650226054098438	-0.0001388839420919
0.0655523281488004	-0.0002252799916561
0.0660420957618710	-0.0002483758900830
0.0664863598636386	-0.0002286301391556
0.0668090710109482	-0.0001967349381863
0.0671377990310380	-0.0001557877755738
0.0674663416746274	-0.0001120688262857
0.0678605911191821	-0.0000630624210476
0.0684062638734026	-0.0000133113153229
0.0695295908882996	0.0000011111828484
0.0698478266362101	-0.0000120260864010
0.0701406581978646	-0.0000265473176375
0.0706816883559745	-0.0000529526014924
0.0710251279516524	-0.0000647539078051
0.0714881136178168	-0.0000695979074300
0.0721907038597114	-0.0000468599888239
0.0725417096469837	-0.0000226139308340
0.0730304462884891	0.0000222208223466
0.0734446642118829	0.0000642394877187
0.0738655533331170	0.0001046146488789
0.0743136681376529	0.0001382955828785
0.0748304446646312	0.0001568514502644
0.0752057987886751	0.0001530230728955
0.0759364059313264	0.0001015327524226
0.0763115585886667	0.0000567647277463
0.0768792676484494	-0.0000235885641640
0.0771635217984865	-0.0000642453870524
0.0777278130489014	-0.0001334661826794
0.0781401662650159	-0.0001666301781339
0.0787530786051897	-0.0001788298030220
0.0792324743343039	-0.0001584348204937
0.0796133102596894	-0.0001278083955777
0.0801073149746005	-0.0000781255291988
0.0806360385416795	-0.0000250594589523
0.0815896932728660	0.0000345235565766
0.0819978323529308	0.0000425221790493
0.0824312353847593	0.0000446001591579
0.0827647630697703	0.0000455724231595
0.0833034512350616	0.0000553741762028
0.0838503810418981	0.0000843393159617
0.0841824505446728	0.0001125992328699
0.0846136132300428	0.0001575969533425
0.0848695046230216	0.0001856159063399
0.0852374688350468	0.0002231179987851
0.0854722512287556	0.0002421786636374
0.0858125657319157	0.0002580884861011
0.0867536086707252	0.0002058694689416
0.0870123476277988	0.0001647640003384
0.0873721261740644	0.0000923577000104
0.0876377222277989	0.0000313242910470
0.0879221400309853	-0.0000367131891164
0.0882051178566899	-0.0001021056905934
0.0885070932768522	-0.0001633296597694
0.0888164427613586	-0.0002117105439123
0.0894687347099771	-0.0002468007297456
0.0897467807379049	-0.0002311063289803
0.0901258587103053	-0.0001823081257153
0.0904528559894530	-0.0001206159343855
0.0906592776254228	-0.0000757460403623
0.0909446328021578	-0.0000113514142460
0.0912015586433457	0.0000445200431123
0.0914800453715619	0.0000968611196748
0.0918967598485219	0.0001491741155117
0.0924006760255426	0.0001551957885714
0.0928692699921034	0.0000994470093399
0.0931939613089375	0.0000305735032406
0.0934592122674918	-0.0000388667581932
0.0936781057396281	-0.0001011325262161
0.0939504084182203	-0.0001800312721667
0.0941678956437129	-0.0002400275377092
0.0944859921253578	-0.0003161809924944
0.0947993491298548	-0.0003699833519304
0.0951278062024601	-0.0003970541781311
0.0957099932432837	-0.0003602914955215
0.0959834806956135	-0.0003069366817840
0.0962690145053137	-0.0002306148685537
0.0965549197819127	-0.0001390741894101
0.0967709543204033	-0.0000638441036001
0.0970379926316449	0.0000311690511241
0.0972834278449676	0.0001155060327163
0.0975525171693737	0.0001984185001562
0.0978862898298306	0.0002807679977889
0.0985038604157678	0.0003530176969127
0.0989380288013378	0.0003367329477125
0.0992718316294710	0.0002916568329753
0.0995054926151883	0.0002477554063615
0.0997939706704193	0.0001847054108257
0.1000518483006266	0.0001248395774435
0.1003305057692711	0.0000623858770554
0.1006331268367824	0.0000035104826307
0.1011228964158095	-0.0000592433664128
0.1014502416925609	-0.0000742740919544
0.1017683646546150	-0.0000684234923276
0.1020538216709343	-0.0000484035796330
0.1023737073245989	-0.0000147734123679
0.1026307988253602	0.0000167237794005
0.1029197889895428	0.0000507552819986
0.1032374829929643	0.0000804078406018
0.1035516551748352	0.0000963806241711
0.1038563004058246	0.0000949302413616
0.1043313510081388	0.0000555431376990
0.1045986305932457	0.0000149390453273
0.1048484911558536	-0.0000324817571152
0.1051561370757730	-0.0000985414056672
0.1054051746047427	-0.0001541734644449
0.1056419117332097	-0.0002044400930512
0.1059263791055670	-0.0002567187754090
0.1062578812209704	-0.0002996143491307
0.1066306141124520	-0.0003160646610087
0.1074859148304463	-0.0002091949891960
0.1077762645916937	-0.0001324852129904
0.1080635665623139	-0.0000435655035187
0.1083348193872519	0.0000457363144818
0.1085980775697678	0.0001319041288770
0.1089344879252446	0.0002321422726854
0.1092327307423025	0.0003034511826629
0.1096559631937676	0.0003648273367781
0.1101887540183223	0.0003613629463248
0.1105697134698174	0.0003032008191381
0.1108988198861663	0.0002214039491537
0.1111249530277977	0.0001527389707899
0.1113986992343552	0.0000609590686907
0.1116629667509731	-0.0000307146562258
0.1119492805696051	-0.0001268877110529
0.1122030913761883	-0.0002040767246668
0.1125430928795033	-0.0002870317949041
0.1130497517483785	-0.0003530344325981
0.1135639055862425	-0.0003398601582304
0.1138514664577609	-0.0002990650185555
0.1141768674094213	-0.0002295484348909
0.1143716985722234	-0.0001790378823273
0.1146560807930419	-0.0000981482645134
0.1149148388943438	-0.0000216983357607
0.1152107698170625	0.0000623852951217
0.1154950555820035	0.0001341801216262
0.1158758101573893	0.0002083103934523
0.1168973074770276	0.0002398297277153
0.1172228753953714	0.0002005586689079
0.1175433699185984	0.0001462941481064
0.1178313142564368	0.0000892273475442
0.1181261653669047	0.0000293320180439
0.1184234367577595	-0.0000270246936855
0.1188208706131646	-0.0000882232286292
0.1195101080261151	-0.0001321815163599
0.1198347691579156	-0.0001217347233309
0.1202228781511833	-0.0000858128476788
0.1205651927020583	-0.0000387001660050
0.1208186907488679	0.0000014966273258
0.1211370370830648	0.0000533627503846
0.1214226929418031	0.0000958397799453
0.1217812486367926	0.0001367990697169
0.1222456867716688	0.0001603511775417
0.1229288844486511	0.0001222353546697
0.1232134416743439	0.0000827307258541
0.1235583525289814	0.0000208974126060
0.1238751956912726	-0.0000430562738392
0.1241501777791563	-0.0000993165305222
0.1245167929447180	-0.0001676366161938
0.1248494289468897	-0.0002159906166563
0.1251891000600348	-0.0002449518366684
0.1263365289423176	-0.0001605766853799
0.1266834279603002	-0.0000869743299094
0.1269017290568887	-0.0000346249763340
0.1271944888001068	0.0000387255391561
0.1275504690316253	0.0001250301908696
0.1278567330809170	0.0001899253449469
0.1281710518112396	0.0002409304743198
0.1289805097057518	0.0002739704847064
0.1293486530179325	0.0002390335424625
0.1297044782304418	0.0001804395310162
0.1299792886336006	0.0001231996979515
0.1302366064680277	0.0000644216280985
0.1305612956288115	-0.0000108680834469
0.1307957327141905	-0.0000620550137172
0.1311733596439823	-0.0001312055113956
0.1315561038363847	-0.0001765060826157
0.1322540363407678	-0.0001787962135339
0.1325312217328153	-0.0001517336808824
0.1327759906118346	-0.0001170879657374
0.1330689966246953	-0.0000655780806557
0.1333757012998988	-0.0000057805071530
0.1336624879369210	0.0000505888808718
0.1339757500296363	0.0001067624856772
0.1342828463728313	0.0001513685316562
0.1348579802591361	0.0001924248449907
0.1354104038797773	0.0001743073962344
0.1357392528974622	0.0001402465494978
0.1360793266927324	0.0000923574796376
0.1363988546692974	0.0000416683745026
0.1366651487345733	-0.0000001007762971
0.1370955345688627	-0.0000571714158293
0.1376108025765048	-0.0000973954097315
0.1380326120554654	-0.0001012645680748
0.1382398241211960	-0.0000937724806123
0.1386234913073595	-0.0000672000294008
0.1389267672943909	-0.0000387069297939
0.1392009988676353	-0.0000115731267553
0.1395716682459513	0.0000208557017003
0.1398435598350753	0.0000373714967462
0.1402229718113100	0.0000449608252805
0.1405216214839073	0.0000361191897102
0.1409196764510701	0.0000043376042814
0.1412057954765571	-0.0000306848683371
0.1415607051000817	-0.0000830689093282
0.1417863202817055	-0.0001184635785572
0.1420982721306501	-0.0001648756448805
0.1424280554324668	-0.0002052979369705
0.1427574113788415	-0.0002311155818796
0.1430548124613092	-0.0002384546815847
0.1437290669433502	-0.0001915614804374
0.1440655284665670	-0.0001383041959111
0.1443270125166785	-0.0000871948092118
0.1446225016514877	-0.0000234198408052
0.1448660140596390	0.0000299498621311
0.1451680604283033	0.0000923619144961
0.1455639159720512	0.0001597928976558
0.1463156495000904	0.0002159572845058
0.1467425165011742	0.0002004357512681
0.1471059923205086	0.0001647162483541
0.1473727171643393	0.0001296834873775
0.1476970216831153	0.0000822574850525
0.1479290290950893	0.0000487324054977
0.1482623631702987	0.0000060427601295
0.1487223971402881	-0.0000342510233132
0.1494779029594859	-0.0000386848712251
0.1497246203601718	-0.0000255275215159
0.1500797386595462	0.0000011617257005
0.1503708629407528	0.0000249980851591
0.1506941081689345	0.0000477318986011
0.1511010250375765	0.0000631059458533
0.1523748195188445	-0.0000373799128626
0.1526580255183573	-0.0000841714564393
0.1529728970471230	-0.0001378147934157
0.1532203782729639	-0.0001770120735308
0.1535328687272189	-0.0002171157625020
0.1538472783770415	-0.0002417237173743
0.1546886639068023	-0.0002008268184017
0.1549789254447204	-0.0001492721742924
0.1553223641746533	-0.0000685936958887
0.1555554622102280	-0.0000055975008486
0.1558376073891805	0.0000749117225116
0.1561178416951494	0.0001536718679826
0.1563980760011183	0.0002254227046331
0.1567990857498378	0.0003059000716633
0.1572199220359697	0.0003495786888136
0.1574275030819274	0.0003532000322707
0.1578985271075545	0.0003173596127667
0.1582227897049789	0.0002610401969264
0.1584621290446249	0.0002068670790669
0.1586921582400193	0.0001479628922018
0.1589810749810308	0.0000690820352208
0.1591911649114601	0.0000120240449293
0.1595275702211814	-0.0000725451263005
0.1598503436389468	-0.0001390192954938
0.1601872179908069	-0.0001864338603452
0.1608793250401870	-0.0002003433708838
0.1611988900499265	-0.0001711199596418
0.1614455898794009	-0.0001366346673093
0.1617520384494656	-0.0000833707373224
0.1620514910834466	-0.0000264202508725
0.1624113411687490	0.0000412790146444
0.1627692647428855	0.0000990369068486
0.1631700867108499	0.0001444290464213
0.1635078409037870	0.0001620574813044
0.1640462083892352	0.0001500703004381
0.1644603526468232	0.0001119916571033
0.1648224565710265	0.0000650778031736
0.1651962858062195	0.0000093782764355
0.1656145906012286	-0.0000540394586093
0.1660854312601357	-0.0001180863329596
0.1666269694962819	-0.0001751359875510
0.1671645786842937	-0.0002116405393798
0.1676620337153068	-0.0002287121926775
0.1682022529001383	-0.0002313709089733
0.1688393393290493	-0.0002102568311619
0.1693807846071642	-0.0001676323964573
0.1703226235470058	-0.0000298589580225
0.1706795974170250	0.0000404217226046
0.1710607276020717	0.0001194494592657
0.1713133208758497	0.0001708082303771
0.1716474920205081	0.0002320279408828
0.1719432156107995	0.0002754883665030
0.1722821198362972	0.0003077579896565
0.1735727831223505	0.0002104175493558
0.1737751142260920	0.0001665116151783
0.1740902667254526	0.0000897833670518
0.1742970987783085	0.0000369643834348
0.1745822836834649	-0.0000340087414508
0.1748674685886214	-0.0000976992804822
0.1752049037557216	-0.0001560862404089
0.1756780368776968	-0.0001946737487006
0.1759737966564611	-0.0001894396892759
0.1763273864629055	-0.0001541569090001
0.1766331558087354	-0.0001023629838635
0.1769036500421861	-0.0000450580538400
0.1771284619807670	0.0000064421537179
0.1773976712392600	0.0000676710124586
0.1776556824937035	0.0001206399453981
0.1779207552786422	0.0001629345492868
0.1783404375539066	0.0001937007761639
0.1788734352520715	0.0001537927650736
0.1792467049586246	0.0000731064901184
0.1794867754310528	0.0000022967227588
0.1796930492337836	-0.0000668634409489
0.1799266958539577	-0.0001506351094664
0.1801692216357549	-0.0002379235581386
0.1804117474175521	-0.0003199830935393
0.1806614285457007	-0.0003927624336214
0.1809087619641389	-0.0004469991565456
0.1813322167337818	-0.0004853884860785
0.1819595794957949	-0.0003931016783444
0.1821854837786290	-0.0003169342848901
0.1824557168341453	-0.0002012263330154
0.1826518892923387	-0.0001044036315729
0.1828623448186560	0.0000073845859306
0.1830929544070793	0.0001339520622809
0.1832658267294744	0.0002276348611288
0.1834872596395576	0.0003409812659724
0.1837425164475506	0.0004559447000429
0.1839805944601065	0.0005413002215672
0.1842464740350064	0.0006048294230884
0.1847945376756539	0.0006117528838859
0.1850157195150419	0.0005652823129059
0.1852715613686631	0.0004788141194237
0.1854829946430597	0.0003841672396865
0.1857237269967305	0.0002563141584774
0.1859003555943146	0.0001526497435853
0.1861203650713109	0.0000173082476042
0.1862947530302903	-0.0000908703148972
0.1865275723845884	-0.0002307408502927
0.1867439759125714	-0.0003503289924342
0.1870117443069028	-0.0004753800014496
0.1873089147143981	-0.0005749431651622
0.1876671892456888	-0.0006289950420691
0.1880263121348509	-0.0006050930401199
0.1882578841760786	-0.0005495708707114
0.1885167508125925	-0.0004546408829846
0.1887136452384377	-0.0003631902665795
0.1889059791314518	-0.0002616022855143
0.1891199770802969	-0.0001389280856278
0.1892935752349552	-0.0000361412871995
0.1895079730439534	0.0000900742261584
0.1897610737849386	0.0002310149815491
0.1899944041352432	0.0003454181134617
0.1902455112793082	0.0004451021607395
0.1906563342040226	0.0005422957795631
0.1912631468869485	0.0005175401660655
0.1915412264916577	0.0004436513419632
0.1917787748645029	0.0003558179541324
0.1919847275604785	0.0002660347754482
0.1922166907649351	0.0001551678082414
0.1924098744829590	0.0000594464093001
0.1926335843505276	-0.0000493796456939
0.1928840914270906	-0.0001624348228082
0.1931233414214153	-0.0002552742608183
0.1933829372920521	-0.0003337335341538
0.1940837542397462	-0.0004001905060103
0.1943104333697323	-0.0003749298864873
0.1945946281052480	-0.0003152141056980
0.1948560273434751	-0.0002385550776971
0.1950624515173792	-0.0001676396471199
0.1952850459224089	-0.0000856047520476
0.1955181899645497	0.0000012674691636
0.1957714806844219	0.0000901811393509
0.1960285190292697	0.0001685630390006
0.1963727614749195	0.0002456828413438
0.1968462275434995	0.0002857115018911
0.1970953569405610	0.0002742041375591
0.1974095817363134	0.0002301937962937
0.1976187077537737	0.0001856998979817
0.1978668590135966	0.0001208835798926
0.1981234145026786	0.0000459467229910
0.1983799699917607	-0.0000314805872234
0.1986321064552351	-0.0001041376383279
0.1989156651924264	-0.0001743219308950
0.1992695234262723	-0.0002364689097717
0.1997549366508258	-0.0002629548512918
0.2000232020184083	-0.0002466964200679
0.2002281610330082	-0.0002206139323033
0.2005531088084358	-0.0001587201528831
0.2007643393633955	-0.0001086672090288
0.2010423649356661	-0.0000358155607545
0.2012596558315226	0.0000225952932601
0.2015247586878968	0.0000903805229449
0.2018837380385663	0.0001675866201113
0.2022198033298765	0.0002164269975346
0.2026619276529469	0.0002375539608294
0.2030968580623028	0.0002092188423736
0.2034202235151424	0.0001615032572446
0.2036971261318095	0.0001079423137113
0.2039338688334148	0.0000571981376464
0.2042140632071442	-0.0000036689630824
0.2045673765820531	-0.0000740004645952
0.2048258485640394	-0.0001149987172215
0.2051625683917282	-0.0001495303843452
0.2057334275500382	-0.0001509609383705
0.2060799027827275	-0.0001176472589433
0.2063947877625875	-0.0000692062241066
0.2067036706703864	-0.0000110875933528
0.2069741575813307	0.0000436730620732
0.2072662727311534	0.0001009241315391
0.2076415174298255	0.0001635703238111
0.2080522851469688	0.0002075234812136
0.2091151918440265	0.0001682403738967
0.2093447670737001	0.0001342818613507
0.2096141023498204	0.0000875478755066
0.2099199600126586	0.0000306177190297
0.2102361742680882	-0.0000269735103457
0.2105553532331310	-0.0000782408011617
0.2109882904532600	-0.0001271124991794
0.2117468356026002	-0.0001375967717227
0.2119987535885293	-0.0001203006642028
0.2123508157508389	-0.0000823399765203
0.2126861503786960	-0.0000373561384358
0.2129536226239568	0.0000004748996519
0.2132791125998078	0.0000440437949887
0.2136603276777343	0.0000843557216089
0.2140607184488240	0.0001068509072992
0.2150701789059788	0.0000565757786431
0.2153393933563679	0.0000215883244129
0.2155735570578202	-0.0000125498559644
0.2159122934934782	-0.0000641797495315
0.2161494983375947	-0.0000984273657524
0.2165237737648828	-0.0001435744262537
0.2168762241719589	-0.0001704185729029
0.2178291601267684	-0.0001430123087591
0.2181860810974297	-0.0000961044711801
0.2184808102193500	-0.0000468053807239
0.2188056997728773	0.0000139317768336
0.2190521274033596	0.0000604919742549
0.2193697059005291	0.0001164446152440
0.2196987622869978	0.0001648552070791
0.2202363952624787	0.0002101869593365
0.2206849301044090	0.0002078447975450
0.2210331890049458	0.0001799045958713
0.2213755864353121	0.0001329789480119
0.2217375099820425	0.0000670211305397
0.2220609131684669	0.0000005045186183
0.2223843163548913	-0.0000673876881088
0.2226692906019132	-0.0001232608613132
0.2230843908010519	-0.0001896519611911
0.2234614536382156	-0.0002274255338635
0.2240748847225804	-0.0002325643763884
0.2245653227435970	-0.0001868778677650
0.2248204301825882	-0.0001489562625957
0.2251321100215423	-0.0000932087890421
0.2254192000586794	-0.0000369385872420
0.2257476769007800	0.0000279259194088
0.2260761537428806	0.0000877679273850
0.2264051365058236	0.0001366556673039
0.2270082354654408	0.0001869502431538
0.2274960356523772	0.0001850782231023
0.2279137538355127	0.0001559332882927
0.2281916743851043	0.0001259650815031
0.2285092887701628	0.0000848812930468
0.2288664176725808	0.0000351403490372
0.2292653635630874	-0.0000173197541336
0.2296821191621547	-0.0000621175507147
0.2302726807657877	-0.0001007126115058
0.2307447969065919	-0.0001090521368475
0.2311607493339831	-0.0001037496059083
0.2315676748806920	-0.0000930785959137
0.2321737608661705	-0.0000774235779891
0.2331551611654194	-0.0000765443386097
0.2335709525810580	-0.0000826395790537
0.2340004749951111	-0.0000871421568397
0.2345357111539035	-0.0000798970488464
0.2358054330947664	0.0000308275042196
0.2360965392643152	0.0000715754853913
0.2364598921665466	0.0001240605439540
0.2368037506222117	0.0001695792546073
0.2371476090778767	0.0002051771588852
0.2377378749985906	0.0002298792435978
0.2381558321537161	0.0002138618481328
0.2384355532108914	0.0001875068965719
0.2388043675632511	0.0001367069484284
0.2391556827814790	0.0000760144076381
0.2394822709928559	0.0000149868201832
0.2397820374953950	-0.0000396281440074
0.2401117533790564	-0.0000926791328642
0.2405849519888097	-0.0001462286447464
0.2415181741291209	-0.0001509316508034
0.2418657574854289	-0.0001227882660481
0.2422635539374863	-0.0000802311877197
0.2426075776426768	-0.0000421470347218
0.2428866915167989	-0.0000150628906554
0.2434548281306725	0.0000163476505823
0.2439311000005596	0.0000115013147221
0.2442285528199079	-0.0000049433965155
0.2445521386639080	-0.0000313241543009
0.2448663214911731	-0.0000598331722514
0.2452324436930337	-0.0000890801763692
0.2454606555553622	-0.0001010911141919
0.2457960041541774	-0.0001053478471632
0.2460634136343233	-0.0000940746478216
0.2465520434062874	-0.0000352629116662
0.2469634073947640	0.0000494413286437
0.2472720340041827	0.0001279006960409
0.2475379886483982	0.0002006274059493
0.2477674420740003	0.0002626216432971
0.2479943625373432	0.0003194131739395
0.2483156197479339	0.0003854952548060
0.2485308346114725	0.0004159691926930
0.2488312312850835	0.0004351816098789
0.2491970287194956	0.0004160341817751
0.2496480225296848	0.0003243530154276
0.2499406317629128	0.0002278886807851
0.2502329834076986	0.0001086396614394
0.2504396703690718	0.0000148827247171
0.2506948506514647	-0.0001065466549999
0.2508932788788003	-0.0002012461532501
0.2510933865659896	-0.0002930396920225
0.2513284970250316	-0.0003918554931922
0.2516586176531234	-0.0005048685283844
0.2520242969605253	-0.0005825269353376
0.2528719589924480	-0.0005303296993109
0.2531611106243998	-0.0004410768533468
0.2533808168014275	-0.0003544037190134
0.2536015414157875	-0.0002549719739403
0.2538104281907344	-0.0001535460858920
0.2540527803649033	-0.0000320295451506
0.2542443254461679	0.0000627479883050
0.2544809106932224	0.0001729719562785
0.2548083681514917	0.0003046481160341
0.2551607595181539	0.0004077424719751
0.2555011006397849	0.0004606909459432
0.2557676886354358	0.0004680691121735
0.2560791403511155	0.0004400865408642
0.2562980172683628	0.0003992912476027
0.2565812383471162	0.0003254024151988
0.2568166095631081	0.0002507409763749
0.2570724892463594	0.0001616764168660
0.2573283689296108	0.0000700689019439
0.2575711299207459	-0.0000135949902504
0.2578298938554892	-0.0000931288412426
0.2581622943903750	-0.0001742217515471
0.2592652038997690	-0.0002214389265982
0.2594893335877000	-0.0001919686139543
0.2597943303686662	-0.0001380262678660
0.2600285823782076	-0.0000894645582922
0.2603166637708005	-0.0000264719452799
0.2606047451633935	0.0000346105563958
0.2609891130488187	0.0001041254416764
0.2614288099049292	0.0001586854572103
0.2619616568821381	0.0001842172281128
0.2623227077194829	0.0001798256921903
0.2626644016757374	0.0001661444901553
0.2629796297918091	0.0001504233267745
0.2633177125821066	0.0001369226534725
0.2636694826968175	0.0001318288925263
0.2648512450668664	0.0002224332049991
0.2652409968980793	0.0002875087568348
0.2656488915589398	0.0003670366330843
0.2660262497455206	0.0004470833804143
0.2672473414949449	0.0007212318878795
0.2675134326343037	0.0007873849264379
0.2678705444735033	0.0008853534016390
0.2685248064989600	0.0011063637546031
0.2689630914186488	0.0012947279164498
0.2693647629032291	0.0015003677316796
0.2700649276683765	0.0019356127787450
0.2716852378337516	0.0032973627082491
0.2721149294876830	0.0037533012844296
0.2726621714697853	0.0044182516044700
0.2731720945638420	0.0051490157030860
0.2737508752401899	0.0061411569247077
0.2744053681315605	0.0075138172092574
0.2753116906851275	0.0099088349205473
0.2765682981162860	0.0142559131677978
0.2773045659321582	0.0174435321960285
0.2779645505877642	0.0207972150352803
0.2786473119675285	0.0248625902263224
0.2797129268082362	0.0326280443199553
0.2812332664029039	0.0470614442154203
0.2826002613515337	0.0639047891688531
0.2833397057788641	0.0748299462412572
0.2845063079306667	0.0950899942184913
0.2861060590917349	0.1293909791277185
0.2874106793454996	0.1625740968757688
0.2888099943599987	0.2028631293659584
0.2899483917845159	0.2391530002828538
0.2912397233478446	0.2825240499084080
0.2926518718557476	0.3306548870873635
0.2938112109668226	0.3692580396861954
0.2954791858290098	0.4199374390422340
0.2965975651692562	0.4478854233190598
0.2980168431603628	0.4731951439259671
0.2991508842616093	0.4848422704914018
0.3011632564888241	0.4810789960250036
0.3023166646521250	0.4643228287678680
0.3055618233150507	0.3696205772922317
0.3069101777634043	0.3146983662462199
0.3081500263705262	0.2612207351526274
0.3093686028597410	0.2081815532571783
0.3102359891494466	0.1716009620608612
0.3120554490387859	0.1022172152510815
0.3129979007108020	0.0718327528438503
0.3153206806796068	0.0173289273875221
0.3159368568521498	0.0078373376878721
0.3164303828295898	0.0016876402856850
0.3165654064172408	0.0002216916410487
0.3167910670960803	-0.0020317789478477
0.3171709249486916	-0.0052691564190677
0.3175452259188355	-0.0078055925939465
0.3179234944677863	-0.0097522841363635
0.3183132761289909	-0.0111640586991839
0.3187091362588547	-0.0120464189286381
0.3191070806760951	-0.0124482299769923
0.3194510370101513	-0.0124640093555045
0.3198140392317934	-0.0122066390806887
0.3202010015442538	-0.0116858350647664
0.3206175853664355	-0.0109119556218666
0.3210572910631824	-0.0099290510031409
0.3215286493994088	-0.0087535484090051
0.3220850667032739	-0.0072783652227753
0.3228869864937043	-0.0050950293320443
0.3234697115021714	-0.0035284033880724
0.3239048355363351	-0.0024022629587721
0.3243012777795157	-0.0014328886045911
0.3246013624170407	-0.0007494357726697
0.3248591279695521	-0.0002058717549813
0.3250464565899406	0.0001598044549777
0.3253446677706199	0.0006845931130664
0.3256256306015298	0.0011082692572245
0.3259294764636003	0.0014826557963113
0.3262505199167582	0.0017790108860392
0.3266261197180900	0.0019964441266965
0.3269404257234360	0.0020762023356102
0.3271803098794338	0.0020801535040946
0.3274636817335494	0.0020289702083166
0.3277735502660509	0.0019151946552575
0.3280547958628847	0.0017720114249902
0.3283287123639295	0.0016076215517755
0.3285915588061880	0.0014369598544715
0.3289297354268143	0.0012124974852890
0.3292888105563576	0.0009850596107939
0.3296078514574791	0.0008035620757295
0.3299760274143926	0.0006263407984671
0.3305684140898023	0.0004194704102739
0.3309113955169348	0.0003395109163937
0.3312359524884624	0.0002836260107204
0.3315605094599900	0.0002412874854731
0.3319005852467917	0.0002050685995828
0.3323763954195737	0.0001594814223644
0.3329666992375191	0.0001036896608485
0.3332912860926474	0.0000751294737790
0.3335413919646302	0.0000568160677336
0.3339167288790133	0.0000391715979208
0.3341704956166021	0.0000372569485683
0.3345232944175279	0.0000527623853212
0.3349853881557444	0.0001100493261630
0.3356379012843425	0.0002658255987821
0.3359228389883489	0.0003590697184445
0.3362709194982215	0.0004888399601951
0.3367348508459765	0.0006802235698628
0.3370514117854412	0.0008166698967827
0.3374547301221034	0.0009909505566081
0.3380346147691444	0.0012362060771631
0.3384056160247934	0.0013905254165674
0.3388220766631200	0.0015675645491710
0.3391283261292143	0.0017063375836463
0.3394890260188299	0.0018862833065190
0.3398310768965651	0.0020818356045057
0.3402786086126792	0.0023869255348837
0.3407974127360991	0.0028270012452674
0.3418305152596817	0.0040314953528747
0.3426371049674617	0.0052830275196218
0.3433962646981674	0.0066919567169667
0.3441890428190104	0.0083982981730533
0.3447427999186829	0.0097524228162675
0.3452814958401526	0.0112267998313596
0.3458929618335355	0.0131373950302807
0.3465521636169966	0.0155484352112035
0.3472878885752409	0.0187688076054058
0.3480130923186073	0.0225807895018667
0.3490716549573597	0.0294268996102670
0.3505576320622806	0.0418658317057226
0.3512073852554152	0.0484924038585594
0.3523790534988013	0.0625810168280575
0.3532591389666044	0.0752427080646575
0.3564464698258726	0.1376557218885508
0.3574198669170845	0.1616340596567165
0.3599688625444620	0.2356703469883534
0.3606199066559212	0.2564498709272652
0.3624238100680742	0.3152695930917839
0.3646615892687542	0.3873338592595172
0.3659619236542576	0.4234090940932781
0.3683328573791905	0.4702989750677530
0.3698628742387082	0.4824790580821753
0.3714528551118951	0.4773483200831251
0.3725229184127375	0.4640090170770061
0.3741130151913513	0.4276073638777327
0.3749528290912464	0.4016200283921769
0.3760359611707750	0.3626295922045578
0.3778439700867764	0.2878968364264521
0.3787617562635267	0.2474876182945184
0.3798406790173458	0.2000962936105853
0.3810200355208800	0.1503446237452624
0.3821304125420834	0.1072473418669442
0.3835890997177712	0.0585447660452819
0.3843371410711772	0.0377642093730777
0.3849474385746078	0.0232104447170609
0.3856843403365101	0.0087500983252649
0.3861794742656527	0.0009499426918420
0.3863742091624818	-0.0017133076585212
0.3865786005633844	-0.0042723242107025
0.3868578021727799	-0.0073901716271595
0.3871903624226911	-0.0105697293634284
0.3875607416292670	-0.0134822455581774
0.3878952594093242	-0.0156003282929225
0.3883268758951871	-0.0176961610169157
0.3888078208018059	-0.0192901048858591
0.3893012051830426	-0.0202127453656919
0.3900286779319167	-0.0203997294983712
0.3910700663603312	-0.0184513133983183
0.3916377650465871	-0.0164120703645472
0.3920943573135887	-0.0143742910275887
0.3925460141063897	-0.0121140801451356
0.3928905482576855	-0.0102989740841977
0.3932168747948270	-0.0085617403639582
0.3936253979350965	-0.0064331021833000
0.3940439293477848	-0.0043840971681586
0.3943596446707655	-0.0029683359814707
0.3946978036814687	-0.0016017660584047
0.3950679978982103	-0.0002980803089432
0.3954224654400146	0.0007589818788997
0.3957040364760900	0.0014707930105631
0.3959470218426544	0.0020003830604214
0.3962453816111721	0.0025524545404209
0.3965658542924895	0.0030381217917326
0.3969495015876752	0.0034927132712408
0.3974150743583796	0.0038826634557199
0.3984075818386772	0.0041781326446576
0.3988913513724104	0.0040495818867734
0.3996584604004668	0.0034619858982238
0.3999769725902492	0.0030896642429595
0.4003243757839214	0.0026157406668933
0.4005975638041857	0.0022069790916274
0.4008407901128722	0.0018275571355359
0.4010920441546383	0.0014310272187163
0.4013211288724934	0.0010746704056027
0.4015825173451356	0.0006844330100106
0.4018277218674269	0.0003442273272593
0.4020783740128961	0.0000305160408509
0.4023395575837685	-0.0002531990084866
0.4028871647381647	-0.0006873719151669
0.4032168299953883	-0.0008432968506679
0.4034903426659667	-0.0009185824556742
0.4037212817727276	-0.0009495777426168
0.4039566951336487	-0.0009563146438045
0.4041874455655183	-0.0009446776119474
0.4044456723700848	-0.0009170730147440
0.4046712684175883	-0.0008861166189790
0.4049255641662632	-0.0008496273975881
0.4053596580013369	-0.0007960436025002
0.4060367238383583	-0.0007528685843704
0.4063087419149992	-0.0007458121477013
0.4065923615171327	-0.0007378532956238
0.4068684451231206	-0.0007241508256711
0.4071746664740197	-0.0006945479014603
0.4075291320390250	-0.0006332222778377
0.4084383418369282	-0.0003145329173878
0.4087330780214472	-0.0001686674846007
0.4089559208353825	-0.0000514040588357
0.4092085056318618	0.0000833472738518
0.4094522856220693	0.0002092239561273
0.4096960656122768	0.0003251100119134
0.4099975566386175	0.0004465499847974
0.4102813725146722	0.0005316756148244
0.4109336848758496	0.0005964690442513
0.4111609777429611	0.0005745914047321
0.4114455901272224	0.0005182488373057
0.4116917888292331	0.0004476226831543
0.4119469341387914	0.0003589025268670
0.4121839337823513	0.0002674118197840
0.4124257955787663	0.0001711782850623
0.4127161374458629	0.0000592847475641
0.4129751102867458	-0.0000303450281410
0.4133015468907288	-0.0001216945533441
0.4143951124059090	-0.0001972100969904
0.4146780808166082	-0.0001644318422664
0.4149650683319668	-0.0001180748430228
0.4151992843798697	-0.0000749424235503
0.4154784460501738	-0.0000223289083477
0.4158089282649484	0.0000342895933384
0.4162408846099166	0.0000874254042189
0.4167234951502638	0.0001101756695147
0.4170007128489757	0.0001057895258911
0.4173543383807755	0.0000857140179981
0.4176448801232424	0.0000616751002223
0.4179758513943325	0.0000323495491551
0.4182505735307709	0.0000107322752815
0.4187396181839466	-0.0000103614143714
0.4194661982460836	0.0000145826025427
0.4197527388154625	0.0000411418753481
0.4200673407024034	0.0000767879530431
0.4203871193430971	0.0001139755414896
0.4206774810967734	0.0001437134346769
0.4211063586932708	0.0001708801126416
0.4219377888266236	0.0001350098064729
0.4222629644252987	0.0000861234459668
0.4225968079363678	0.0000196870091307
0.4229079463470743	-0.0000520577175552
0.4232086800213519	-0.0001245765338919
0.4235084807496169	-0.0001937107262363
0.4237489581424957	-0.0002425271824755
0.4240551462296733	-0.0002917699598404
0.4245878230272590	-0.0003298024692780
0.4248744783472656	-0.0003210542500824
0.4253368565382674	-0.0002624460013504
0.4257016750299110	-0.0001813246850637
0.4260277443111442	-0.0000891837925345
0.4263110495755164	0.0000010685579387
0.4266039824430552	0.0000977918860187
0.4268934194653089	0.0001913697181664
0.4271840971582827	0.0002774145966608
0.4275065192262039	0.0003566088058533
0.4278247492060600	0.0004126452637419
0.4283918558188583	0.0004426334983313
0.4290705894123776	0.0003490435339825
0.4293414484598359	0.0002744771157789
0.4296531003175756	0.0001674955031175
0.4299657429413525	0.0000427426799513
0.4301817756519292	-0.0000499587333884
0.4304634213456902	-0.0001733621484261
0.4307450670394511	-0.0002944903893700
0.4309805144633475	-0.0003892355297099
0.4312561443519597	-0.0004867502948987
0.4316324959414266	-0.0005884662574248
0.4320952864892686	-0.0006496712440839
0.4324620375788300	-0.0006411929125672
0.4326534390902724	-0.0006163355780988
0.4330174819213919	-0.0005320485308420
0.4332635848376414	-0.0004506645078106
0.4335577004500842	-0.0003328351279444
0.4337602518220224	-0.0002420843668749
0.4340239213914966	-0.0001173778529014
0.4342480481849710	-0.0000098149557984
0.4345250541993581	0.0001188813884982
0.4347845440816808	0.0002295755986876
0.4351229879266696	0.0003496707268756
0.4355074356851222	0.0004418932844393
0.4362804219293169	0.0004596749593799
0.4364690155051312	0.0004309191050676
0.4367707527408941	0.0003625619450292
0.4369889638039229	0.0002997484426605
0.4372610084335257	0.0002106793052210
0.4374839456241256	0.0001336960532301
0.4377387712469230	0.0000466938883143
0.4380691974808973	-0.0000564778886802
0.4383939909329503	-0.0001372753493196
0.4387258702764065	-0.0001910305562580
0.4396171624088677	-0.0001699867942055
0.4399093998494367	-0.0001172323871884
0.4401293838269122	-0.0000682124965921
0.4404033673551216	-0.0000007607646151
0.4406342990434862	0.0000566823027065
0.4408969374783605	0.0001172949594507
0.4412736640128364	0.0001861095966881
0.4416686093103546	0.0002233944707544
0.4423872262802442	0.0001792494396200
0.4427207472302840	0.0001136145964255
0.4429904962780328	0.0000458320961757
0.4432186399346930	-0.0000173272529306
0.4434869448156372	-0.0000933100571072
0.4437530014299528	-0.0001649543861193
0.4440426799550984	-0.0002318994624631
0.4443254711420976	-0.0002802480226291
0.4445951090092317	-0.0003068613171048
0.4453640525888317	-0.0002623711710662
0.4456631245366930	-0.0002005083699893
0.4459539430797628	-0.0001226885111665
0.4461818755041538	-0.0000542017726498
0.4464121953926366	0.0000178285066268
0.4467708411345441	0.0001273012709550
0.4471151534705164	0.0002176902610963
0.4474810916958585	0.0002867134678463
0.4480126274164629	0.0003214662744902
0.4482650050302198	0.0003090437713711
0.4486288020712147	0.0002609256497174
0.4489465370996157	0.0001953707664617
0.4491605836843278	0.0001425007697213
0.4494498812742362	0.0000648362127926
0.4497288889612010	-0.0000112717124422
0.4500690215228052	-0.0000976244461975
0.4504465734758046	-0.0001749036905747
0.4509178145751843	-0.0002319295055045
0.4511960521464544	-0.0002421084371593
0.4516094700736368	-0.0002262951912137
0.4519814405715589	-0.0001856359179676
0.4522555696026181	-0.0001445063731237
0.4525534289981706	-0.0000939239632563
0.4529998794076252	-0.0000165285402200
0.4534039631939827	0.0000449444281688
0.4543628400612679	0.0001223584150845
0.4546391828478824	0.0001259493320413
0.4550803312448380	0.0001192654255779
0.4553920890841124	0.0001084664891533
0.4558081773602382	0.0000916383630624
0.4564088610216066	0.0000681707116006
0.4571700869627865	0.0000418392606470
0.4574834309466064	0.0000276745661866
0.4579094230972868	-0.0000012171982858
0.4583159424709115	-0.0000416458268194
0.4588687841456593	-0.0001182496595532
0.4592633798227231	-0.0001846502110303
0.4596252514752246	-0.0002477323720847
0.4599176442508454	-0.0002958589964534
0.4602412211645405	-0.0003399342290564
0.4605647980782357	-0.0003690483782626
0.4612791663580063	-0.0003603113498078
0.4618938287324243	-0.0002578748093965
0.4621838656093971	-0.0001812215229146
0.4625037082354544	-0.0000809896518368
0.4628179731178830	0.0000279259121351
0.4630553087055088	0.0001129282606319
0.4632774628312175	0.0001912210759674
0.4635703369744058	0.0002883905451266
0.4639748737905604	0.0004026476803666
0.4643410360124842	0.0004778220402319
0.4648047012911730	0.0005268386795650
0.4653164348287128	0.0005196296911021
0.4657041694089683	0.0004769461290610
0.4659954155654970	0.0004290251220902
0.4663272785981948	0.0003635293098266
0.4666591416308926	0.0002919795475683
0.4670291802624713	0.0002120204652666
0.4674278796652115	0.0001328771060328
0.4679001505383355	0.0000537533141766
0.4684625596242649	-0.0000175213209943
0.4689762040368471	-0.0000650492416466
0.4693233269359507	-0.0000911820390440
0.4699032054010561	-0.0001276230493765
0.4702243844576743	-0.0001435851158689
0.4706995613354511	-0.0001597579165185
0.4711494129133221	-0.0001607477872350
0.4717206828600555	-0.0001342633366033
0.4722700737658825	-0.0000738570633621
0.4726455707183220	-0.0000155427015905
0.4730271204393542	0.0000518936508052
0.4732251188318138	0.0000874895387266
0.4735515292101168	0.0001426488987598
0.4738648253065635	0.0001867606777976
0.4742203826688666	0.0002188912780532
0.4747174660032660	0.0002220036830404
0.4751564043220243	0.0001785637785384
0.4754631978208634	0.0001236739599584
0.4757333178131479	0.0000613539211435
0.4760527240625022	-0.0000240502662036
0.4762660068060361	-0.0000848656202639
0.4765505291242709	-0.0001654947099624
0.4768350514425058	-0.0002403775762767
0.4771852177437965	-0.0003166439488427
0.4776237194633448	-0.0003749344340099
0.4782589380201075	-0.0003696496555665
0.4786361736616077	-0.0003181463527854
0.4789409375930627	-0.0002559275979172
0.4791893549514467	-0.0001963439384418
0.4794774077908507	-0.0001226138765329
0.4797446976143089	-0.0000548053649514
0.4800277452421133	0.0000102397416309
0.4805238821012300	0.0000946014159955
0.4807875822406422	0.0001192441925801
0.4812767376011492	0.0001239968270758
0.4815134241374924	0.0001089864645416
0.4818247943918773	0.0000753065758748
0.4821186702672891	0.0000337552327642
0.4823377926657033	0.0000003332869347
0.4826598386083349	-0.0000476610258697
0.4829439341769053	-0.0000842539212668
0.4834249018322082	-0.0001222550338719
0.4838560141266295	-0.0001248385805873
0.4842090223453639	-0.0001049275936871
0.4845835980667243	-0.0000669108401298
0.4848028726560622	-0.0000395387355480
0.4851289778171389	0.0000030165234168
0.4855350528460279	0.0000509608798209
0.4860056344776508	0.0000881101529738
0.4863059535251898	0.0000979801825616
0.4867353845036224	0.0000932315593951
0.4871113242211519	0.0000752390954844
0.4873408939226331	0.0000613990636057
0.4876738331243927	0.0000418180885496
0.4879446562221286	0.0000304663091387
0.4882931095161305	0.0000266921497861
0.4889519398581876	0.0000641184812834
0.4892215219917362	0.0000961729153388
0.4895725983865602	0.0001479164634944
0.4898191009330603	0.0001871246949665
0.4901198959421608	0.0002331892491398
0.4904007043353726	0.0002688078349032
0.4907119168455771	0.0002933054389347
0.4910550440833972	0.0002958580360775
0.4915011010653114	0.0002535669709535
0.4919286014694415	0.0001635778773835
0.4922403289007014	0.0000722109400759
0.4925039439946570	-0.0000169249663139
0.4927289778292071	-0.0000974784216507
0.4930015845602087	-0.0001956244466314
0.4932293522404161	-0.0002736821694137
0.4934963592669262	-0.0003547200867792
0.4938470598636828	-0.0004363351134336
0.4942196709814900	-0.0004834280109996
0.4948477802882141	-0.0004586643038544
0.4951815739152901	-0.0003959483895776
0.4954776624712092	-0.0003186741015653
0.4957298025303467	-0.0002416086169694
0.4959587576879317	-0.0001672072614293
0.4962305451228908	-0.0000783823752663
0.4965023325578500	0.0000054229289155
0.4969862353789469	0.0001281383304401
0.4972739351788255	0.0001789431632963
0.4977810032284561	0.0002232304363660
0.4981575818424665	0.0002227058922556
0.4984257720598176	0.0002088965182302
0.4987398929012833	0.0001846053993837
0.4990485595693447	0.0001573191559334
0.4993690783402490	0.0001312836662936
0.5004097750677283	0.0001015894157491
0.5007460777209175	0.0001100217306158
0.5010745038513803	0.0001208090978734
0.5015632651712448	0.0001303017829677
0.5019552623635384	0.0001219096047436
0.5026551059317091	0.0000531337784989
0.5030679864651654	-0.0000181673728349
0.5033892355956815	-0.0000837807776526
0.5036040783857066	-0.0001289499207206
0.5039157598600572	-0.0001918231033417
0.5042177116915492	-0.0002440538245481
0.5045003707637569	-0.0002804850339270
0.5050038414010727	-0.0003033984909913
0.5055032314279961	-0.0002658509405850
0.5057975693682796	-0.0002168817068851
0.5060469755912755	-0.0001625499366710
0.5063598138533758	-0.0000826304285360
0.5066113886326808	-0.0000128489035783
0.5069001556235472	0.0000676872428655
0.5071646655974059	0.0001368761644605
0.5074734327329476	0.0002067490745449
0.5078066622980504	0.0002634556192892
0.5081962641239747	0.0002991852252034
0.5085325648836434	0.0003018174947536
0.5088226823629276	0.0002840367647241
0.5092086418237702	0.0002360644879140
0.5094597472386226	0.0001937594915907
0.5097910548048581	0.0001293994646995
0.5101845048302025	0.0000487001926119
0.5105624666098990	-0.0000250967473278
0.5111418857041689	-0.0001184876105297
0.5116045046738358	-0.0001692625616675
0.5119758728648545	-0.0001949456325043
0.5124725372551777	-0.0002114336007470
0.5129762004189529	-0.0002124064387423
0.5136764194032910	-0.0001966242586160
0.5145742161298950	-0.0001516920763590
0.5149911562400216	-0.0001202189502706
0.5158579904595529	-0.0000365789908449
0.5162863775088629	0.0000080770627010
0.5167607063983272	0.0000533438534221
0.5173334987411714	0.0000945015554736
0.5180317635253571	0.0001176462200909
0.5185511821128709	0.0001183853052421
0.5189653244825422	0.0001135547693880
0.5195242273034710	0.0001061973422772
0.5200816499395866	0.0001026545655736
0.5204889563846780	0.0001003978880783
0.5208774976624941	0.0000946073913662
0.5212748668015181	0.0000785407262546
0.5217817332706864	0.0000357843160488
0.5221028516641500	-0.0000073254874046
0.5225596366551969	-0.0000894336321556
0.5229383131771792	-0.0001712191420717
0.5232532807520690	-0.0002420178816425
0.5235176846161060	-0.0002986364655526
0.5238497289791026	-0.0003590517755825
0.5240713521779163	-0.0003886616530346
0.5244658825315788	-0.0004118513811641
0.5251995536040108	-0.0003286988308007
0.5255368177957537	-0.0002333620357884
0.5258491127776992	-0.0001186386242547
0.5260786387324905	-0.0000226936681306
0.5263166033814561	0.0000826677888355
0.5265707929340818	0.0001963223713688
0.5267793936861156	0.0002859938519063
0.5270311221963430	0.0003850333903458
0.5273368889737655	0.0004842104461281
0.5276358295969188	0.0005511553087853
0.5280318525745645	0.0005844221239319
0.5284360978966928	0.0005505111588414
0.5287125097783361	0.0004908674421433
0.5289804719217556	0.0004100886569476
0.5292439254670419	0.0003144228156450
0.5294506656121319	0.0002324003479109
0.5296979273211589	0.0001316011775948
0.5299159093159782	0.0000450479643655
0.5301929282311048	-0.0000548587905216
0.5304922001599863	-0.0001434938914793
0.5308102559046689	-0.0002093397413767
0.5315053326627424	-0.0002404877268173
0.5317617441306407	-0.0002173732199313
0.5319948902376640	-0.0001851305666542
0.5322662579101075	-0.0001392554302159
0.5325218308275602	-0.0000938875819399
0.5327774037450129	-0.0000523472006775
0.5332134750816613	-0.0000034520277848
0.5336556036188679	0.0000031294092516
0.5339944731439573	-0.0000244168172450
0.5342773781856317	-0.0000663439237329
0.5345432379383379	-0.0001173658272708
0.5348138300805924	-0.0001748336907997
0.5350311011594385	-0.0002207683613493
0.5353459741176029	-0.0002796473184613
0.5355836099199233	-0.0003124420385367
0.5358672660467790	-0.0003327280447839
0.5363902591389502	-0.0003045771997975
0.5367570132962959	-0.0002318515530351
0.5370595992012557	-0.0001435584907426
0.5373297955353478	-0.0000494814738084
0.5375620227963391	0.0000380217305650
0.5378123036107867	0.0001333395316962
0.5380394152270063	0.0002157030384907
0.5382956149466167	0.0002985320104082
0.5385543782142795	0.0003662755400552
0.5389846672437437	0.0004314099545718
0.5396329865852101	0.0004058684093911
0.5398292446031813	0.0003713009424223
0.5401208852847299	0.0003025492366788
0.5403429571066856	0.0002406308535198
0.5405939771565730	0.0001657008069846
0.5409051896357967	0.0000735835476630
0.5411806312246205	-0.0000001100523639
0.5414962281670703	-0.0000676721332988
0.5419125316664982	-0.0001206994070222
0.5422918237822411	-0.0001298124231142
0.5425303437914579	-0.0001176812073763
0.5428457654287187	-0.0000850066027971
0.5430970426167490	-0.0000497360944288
0.5433862918233563	-0.0000044678937350
0.5436681723474269	0.0000390598949755
0.5439794277033166	0.0000804893421872
0.5443552404278212	0.0001152069095065
0.5450348441474699	0.0001253224035014
0.5453903248465917	0.0001091759160009
0.5456167586768100	0.0000953246426066
0.5459468544085884	0.0000741737561318
0.5463303554482076	0.0000551256566476
0.5473336038867852	0.0000629768679926
0.5475654245615100	0.0000730079765795
0.5478722000199421	0.0000851307165204
0.5481740601450352	0.0000901149158217
0.5484997050864804	0.0000813021449468
0.5488524001880185	0.0000494350416228
0.5492552638848733	-0.0000189819882590
0.5495333226395263	-0.0000842798996211
0.5497678176842727	-0.0001479674555961
0.5500484236957331	-0.0002294724369778
0.5502864818222790	-0.0002980732730728
0.5505392236870517	-0.0003644548583092
0.5507919655518243	-0.0004184740621253
0.5510447074165969	-0.0004541308845210
0.5514688757373312	-0.0004598982305282
0.5517101209839319	-0.0004289448893108
0.5520364404983148	-0.0003465815796964
0.5523021428220632	-0.0002481930466579
0.5525526720091503	-0.0001349355509450
0.5527764723736921	-0.0000221751165445
0.5529773395834591	0.0000834660160844
0.5532001183197005	0.0002000703966256
0.5534003548629577	0.0002994182066869
0.5536185533047375	0.0003955859497365
0.5538788805868776	0.0004869093396135
0.5541228505214953	0.0005430244358003
0.5546086910975823	0.0005534664956089
0.5548786290916569	0.0004978856238602
0.5551108369380197	0.0004176316716218
0.5553149705915225	0.0003256892025190
0.5555449979902833	0.0002035457725013
0.5557410046395815	0.0000891454821413
0.5559486411587933	-0.0000366096094635
0.5561504778889189	-0.0001572745066646
0.5563615503891581	-0.0002755312350165
0.5565687513782004	-0.0003778811810187
0.5568209008721487	-0.0004759299920503
0.5570725357504525	-0.0005376373701389
0.5573804279471675	-0.0005566871290075
0.5577864909836442	-0.0004828601805103
0.5580135784536536	-0.0003960493051149
0.5582408686169019	-0.0002823760772805
0.5584312372406844	-0.0001714269310257
0.5586137417442550	-0.0000562510201860
0.5588141525852705	0.0000747305573120
0.5589905055438680	0.0001890369607613
0.5591852387174860	0.0003085504508891
0.5593923187578470	0.0004217167359128
0.5595963298806830	0.0005133700842447
0.5598781063367289	0.0005989635979596
0.5608107576236901	0.0004719330034541
0.5609880639916717	0.0003803545931754
0.5611696083503427	0.0002700107932526
0.5613383600101293	0.0001560280684034
0.5615347938640368	0.0000146224201418
0.5617258939772931	-0.0001266413651242
0.5618915476966136	-0.0002469725894741
0.5620824335237089	-0.0003779739142343
0.5622778585770026	-0.0004982928692093
0.5625415042202258	-0.0006291218602404
0.5628087858789484	-0.0007148415880005
0.5631605455099558	-0.0007439425207754
0.5634130602249214	-0.0007035481573367
0.5636385419914428	-0.0006262477744132
0.5638554767631579	-0.0005193634933985
0.5640606443737313	-0.0003938214710470
0.5642622660592234	-0.0002534415430323
0.5644549234895537	-0.0001089754455918
0.5646195448775988	0.0000174684961435
0.5648112800233844	0.0001631384419809
0.5650150711525564	0.0003099180326065
0.5652127488155062	0.0004379226128572
0.5654731604106654	0.0005761762074570
0.5657388237045375	0.0006727026899980
0.5660977671725301	0.0007209682577091
0.5663618566832020	0.0006941705107082
0.5666024296058462	0.0006266512643249
0.5668293841743640	0.0005303247737666
0.5670376809358502	0.0004193567709338
0.5672092110283818	0.0003162332856236
0.5674136002772967	0.0001845799420540
0.5675855863023965	0.0000709226534933
0.5677872525429699	-0.0000601665182347
0.5679920285480664	-0.0001855456662212
0.5682469453208816	-0.0003224172060374
0.5684959313122157	-0.0004281407893914
0.5687767963134736	-0.0005074649554951
0.5693277716966827	-0.0005311971668517
0.5695724098018358	-0.0004903390030553
0.5697609890849775	-0.0004418993815447
0.5699880080174947	-0.0003686860867995
0.5701892869411497	-0.0002953342038679
0.5704028859301803	-0.0002141941712884
0.5706535730189969	-0.0001220101006008
0.5708932032547680	-0.0000439076737633
0.5712219341809774	0.0000373894670359
0.5720722206578925	0.0000665055060106
0.5723051549858414	0.0000333429271167
0.5725516986696769	-0.0000128493724184
0.5727300967091337	-0.0000496277631035
0.5729586220175023	-0.0000959841124727
0.5732497616901470	-0.0001450841157115
0.5735383412367145	-0.0001727680098865
0.5738693402155158	-0.0001679355679708
0.5743607861082526	-0.0000769688693606
0.5746271016163065	0.0000124869279088
0.5748753240879301	0.0001157303883101
0.5751006114571123	0.0002206818235759
0.5752851806448431	0.0003101326028107
0.5755044872357630	0.0004153593908599
0.5756917303672182	0.0004997012911796
0.5759091618009012	0.0005862055796900
0.5761820132374257	0.0006693176919663
0.5764297100447571	0.0007126858983296
0.5767645687291055	0.0007138795530478
0.5771541806531731	0.0006272628229204
0.5773556664606688	0.0005469493711679
0.5775978998084543	0.0004225435976762
0.5777924420914388	0.0003046197781324
0.5779929451019026	0.0001707074130215
0.5781599838020337	0.0000533834012314
0.5783705800915899	-0.0000973698801684
0.5785469857844615	-0.0002216223692097
0.5787522791135113	-0.0003585631080104
0.5790112063003002	-0.0005117296904144
0.5792790806760196	-0.0006380215490683
0.5795596325617668	-0.0007268920940146
0.5799981944825764	-0.0007656786669167
0.5802308664391420	-0.0007363361011316
0.5804943516992892	-0.0006651728280797
0.5807394333674172	-0.0005685784919068
0.5809212548338166	-0.0004820245581253
0.5811426266920590	-0.0003650386627799
0.5813389580887761	-0.0002552404024683
0.5815551893115671	-0.0001336096801043
0.5817766263855468	-0.0000136094162988
0.5820303459257621	0.0001108058559160
0.5822774821231953	0.0002118717044510
0.5826703324717535	0.0003201381535539
0.5829678395610844	0.0003552923209733
0.5832409977413661	0.0003527636995877
0.5834428843110688	0.0003316838603599
0.5837148028906168	0.0002821305881084
0.5839608127013995	0.0002218586611988
0.5841977898155012	0.0001560384167881
0.5844684940391758	0.0000788077560062
0.5847262818479917	0.0000096825811523
0.5849899418726026	-0.0000499183411003
0.5855895608568263	-0.0001230765232839
0.5858193814388013	-0.0001251785372726
0.5861450555640884	-0.0001053422598973
0.5864417143073104	-0.0000690370325389
0.5867237568624555	-0.0000244599063804
0.5869661319898452	0.0000168116133715
0.5872508878172015	0.0000623423124397
0.5875219547097470	0.0000980143004646
0.5878521293517271	0.0001252934304375
0.5885731633609219	0.0001118359678268
0.5888217415389094	0.0000873820840464
0.5890799332751995	0.0000558163350679
0.5893182665968292	0.0000251011319089
0.5895979829533960	-0.0000078049314262
0.5898776993099629	-0.0000317490430016
0.5901617062264216	-0.0000407678082412
0.5904859174997120	-0.0000267004290057
0.5909214372129898	0.0000377186580777
0.5912299975359979	0.0001130970379883
0.5915376517058516	0.0002074571653230
0.5917641486960239	0.0002847548477112
0.5920327924961429	0.0003796948126709
0.5922445727315955	0.0004528915318163
0.5925001328545273	0.0005335889575972
0.5927834255858744	0.0006072339922017
0.5930634362333077	0.0006581866151707
0.5935809443148166	0.0006811258392140
0.5940219247007771	0.0006242657321434
0.5943234958440121	0.0005500038988469
0.5945439194610345	0.0004822390280598
0.5947616399344073	0.0004080645954567
0.5950139243385689	0.0003181759345789
0.5951744234120926	0.0002620747079046
0.5954151924128475	0.0001837315370203
0.5956955636075770	0.0001077476973800
0.5959519365013249	0.0000591928212923
0.5962202898727038	0.0000357794163596
0.5964729376299404	0.0000430131614917
0.5970459219920694	0.0001713051732237
0.5973198130911080	0.0002849974097771
0.5976084626019800	0.0004355738822560
0.5978315730693970	0.0005695581202208
0.5980588708007570	0.0007172375035653
0.5983043923694240	0.0008839831803456
0.5986148640446127	0.0010979704095341
0.5988439202959476	0.0012520128518536
0.5991364888922779	0.0014376733844283
0.5996036188979788	0.0016962315202063
0.5999751813597023	0.0018632085432230
0.6004048864944256	0.0020177434877675
0.6007108689111608	0.0021105742124364
0.6010437295015539	0.0022069109771162
0.6014132412109447	0.0023237381127017
0.6017269033520670	0.0024448167736987
0.6020938447327470	0.0026272666795465
0.6025270542942761	0.0029182893039813
0.6031697197144562	0.0035258249055655
0.6037091546664162	0.0041984482161009
0.6042043934620029	0.0049276624059299
0.6047219522935514	0.0057745711482069
0.6062482444431356	0.0086397314011962
0.6067627427778713	0.0097690822143210
0.6073166959819348	0.0111495290803687
0.6079184487138289	0.0129067598537272
0.6086311123739812	0.0153976001146898
0.6093662795892634	0.0184355745858652
0.6101464730959293	0.0221056116285684
0.6113308307681050	0.0284039669229704
0.6119208787266258	0.0319246887271993
0.6125656576236265	0.0362076133066601
0.6132450607441443	0.0414131458584300
0.6140757609991483	0.0490018573350035
0.6151077029977705	0.0605175936420581
0.6158155485920934	0.0696434424515869
0.6169069055907127	0.0852543318594218
0.6178521898354176	0.1002395910274726
0.6188478318202431	0.1178646461764596
0.6204434315199004	0.1508940992060885
0.6218806519565213	0.1853958375532135
0.6232616979524304	0.2218937166098917
0.6250030622136756	0.2715299917797612
0.6264617127909583	0.3145842439872658
0.6273428891350878	0.3403877177469180
0.6284359477843841	0.3711998128909294
0.6296262607854850	0.4019018425832267
0.6314451697628772	0.4400273953106028
0.6329975280272895	0.4608493588712438
0.6341101204613114	0.4675845977171605
0.6352961837687409	0.4671494679162027
0.6374962309381368	0.4402818964730020
0.6381549177586824	0.4258040604297035
0.6408344425416870	0.3424513168919917
0.6416182427974909	0.3113464806718999
0.6424575646633988	0.2763310696167599
0.6453371800834482	0.1530301553958463
0.6466575093612891	0.0977329660108629
0.6472784697417872	0.0734273421925333
0.6480257824404828	0.0465395543280802
0.6485819361704777	0.0285884299503296
0.6489028837497037	0.0191079635206960
0.6499147302584473	-0.0065471493505546
0.6502110239341131	-0.0128832118262411
0.6507821508186560	-0.0236815965786928
0.6517163316113059	-0.0374871941313216
0.6527958172174841	-0.0475253907085858
0.6537446676716850	-0.0510098508626276
0.6544560929962769	-0.0505448905089359
0.6550920353438426	-0.0482262959169568
0.6556944443870085	-0.0447060254663235
0.6562580334016519	-0.0405398849256682
0.6568667459327366	-0.0353522307300789
0.6575168801215674	-0.0292772605509712
0.6582048792248038	-0.0224837216762795
0.6587779385171061	-0.0167037703996475
0.6592823455587830	-0.0116555315937079
0.6596580313032737	-0.0079949608902896
0.6601447788186039	-0.0034783521553686
0.6604228215409007	-0.0010563764151746
0.6605847927453455	0.0002913453126998
0.6607710304127394	0.0017768423879047
0.6610795535440406	0.0040740812015108
0.6614698402051846	0.0066645368688771
0.6627881164990053	0.0126554859209658
0.6632604447249513	0.0138236926725706
0.6637712824045569	0.0145880513069489
0.6644020725356053	0.0148995804862033
0.6653401120736012	0.0142215233699722
0.6661328315892536	0.0126817964446858
0.6666250914404422	0.0113353359666930
0.6671027153312010	0.0098114414665422
0.6675128294411249	0.0083840109415750
0.6679042623453963	0.0069728608439453
0.6682696771601311	0.0056568465637035
0.6686199588883083	0.0044328514448520
0.6689825879311356	0.0032366266168457
0.6693165413800839	0.0022206538590785
0.6697097013360218	0.0011483581202033
0.6700365725221734	0.0003670796570762
0.6705728936849706	-0.0006923295369517
0.6708748513959921	-0.0011683077300591
0.6713094222939379	-0.0017037593634231
0.6717408057565435	-0.0020586518792029
0.6721616592733783	-0.0022248351501410
0.6724099564564960	-0.0022315115433521
0.6727577303749122	-0.0021166226363048
0.6732221025264830	-0.0017148733296293
0.6739630402453546	-0.0004319603720795
0.6742517979759934	0.0002874699235230
0.6745486934804098	0.0011505395649012
0.6748004338142156	0.0019736287237991
0.6750406114057039	0.0028276078620169
0.6753345666458959	0.0039505732805253
0.6755804862850210	0.0049423703250004
0.6760087049360077	0.0067517772362364
0.6764519899768356	0.0086804613288416
0.6769412076327184	0.0108152660547362
0.6779923850360297	0.0152941356960429
0.6784669869751501	0.0173017841388087
0.6790861390234468	0.0199990865989726
0.6798534429722467	0.0236014188325132
0.6810963107224068	0.0302427244126982
0.6823136214347852	0.0377375095770059
0.6830605828281776	0.0429688300300204
0.6838141639092852	0.0489969171382801
0.6846164500027969	0.0564904063549521
0.6861226859399778	0.0739927328603474
0.6870767553125178	0.0872259279336414
0.6879052685656522	0.1001136593928486
0.6889275000547348	0.1182061840657230
0.6903078024956991	0.1468683758110995
0.6914475913584709	0.1736789615254141
0.6927720842773862	0.2073523755012928
0.6953958831045858	0.2794022771455793
0.6964827157629062	0.3098779265886034
0.6983499998361105	0.3618124256482513
0.6996784475762620	0.3956504341586752
0.7017179435789854	0.4379953895223796
0.7042913887611986	0.4643686056492913
0.7064305093098329	0.4567638622469042
0.7074439227409661	0.4432108743143546
0.7086464271651040	0.4179059925407720
0.7104388609754977	0.3646526448558457
0.7116476532585145	0.3204802001875147
0.7141459945399454	0.2156138198430813
0.7149297181565109	0.1808747918964042
0.7157189227481217	0.1464604116049941
0.7175930435738843	0.0712810300524861
0.7188812100045299	0.0266850999365544
0.7193786583955480	0.0114578285933005
0.7198831663676515	-0.0026050074324390
0.7201159344203154	-0.0085853470241047
0.7206494901908589	-0.0209884215482336
0.7214883113232539	-0.0366164995014164
0.7220456382173166	-0.0443815861197664
0.7227015858586997	-0.0510263096277551
0.7233582224602110	-0.0552543675987471
0.7242809540026719	-0.0575817602800795
0.7252837389279821	-0.0558507289468164
0.7262177323282487	-0.0506063233464145
0.7267849720696994	-0.0459289529718185
0.7272477094088760	-0.0414489596925476
0.7277328162340614	-0.0362935686130309
0.7281782614382603	-0.0312990359743218
0.7286901667421157	-0.0254598391759369
0.7292226445385287	-0.0194636035293421
0.7299403087335069	-0.0117522344334582
0.7310201385462278	-0.0012844140428077
0.7314241891189964	0.0022419349145711
0.7317407788614324	0.0048438267137487
0.7321167279897688	0.0077267507094610
0.7325263014500416	0.0105740128575587
0.7329469158546263	0.0131220241698036
0.7333915735760781	0.0153317661043693
0.7339517990726322	0.0172988883143177
0.7348826496469597	0.0183988630035383
0.7353215838193782	0.0180240190322539
0.7356490520793968	0.0174316793854961
0.7360464809744112	0.0164213001676264
0.7364923424995917	0.0150076760225537
0.7369326275636932	0.0134337388211521
0.7374271364886374	0.0115704253446959
0.7382538481548315	0.0084422836076608
0.7387287634154931	0.0066779631222806
0.7391994471746099	0.0049402913883167
0.7396656500967900	0.0032078875232542
0.7400769125948068	0.0016636769219742
0.7403818537854231	0.0005151252171641
0.7406003113758663	-0.0003035654322883
0.7408169598422139	-0.0011063227708119
0.7410239582529070	-0.0018571619055526
0.7412512193743180	-0.0026553843652187
0.7415163419922864	-0.0035388613139888
0.7417762777387519	-0.0043397220167567
0.7420919672237251	-0.0052024196112581
0.7425078049795200	-0.0061183221464262
0.7432837622489689	-0.0070471740782593
0.7437090688101731	-0.0071133644983723
0.7441190370945054	-0.0069118447048451
0.7444705656600302	-0.0065669430815040
0.7448251278157284	-0.0060980991321240
0.7451648522698915	-0.0055708591581610
0.7455117076322784	-0.0049886874815338
0.7458674318851235	-0.0043758967602028
0.7463268390434934	-0.0035998171709476
0.7469703776319325	-0.0025938297114668
0.7474435819328272	-0.0019221591808772
0.7479083675682900	-0.0013057942739592
0.7483661152694666	-0.0007241516889618
0.7487514395886302	-0.0002450091221017
0.7493645218346959	0.0005053012674005
0.7495887400384567	0.0007737297711732
0.7498988469097327	0.0011349322103243
0.7502177392507021	0.0014886899263624
0.7505775070200142	0.0018581982395708
0.7509504854103328	0.0021969681614425
0.7513700505676669	0.0025118623247434
0.7520390498532280	0.0028430898177624
0.7529459352498162	0.0029192956581105
0.7537037886013526	0.0026519841883167
0.7543870102882463	0.0021753428692587
0.7548012308528096	0.0017959819131354
0.7550712473643644	0.0015201724407921
0.7553844360669580	0.0011798972552260
0.7556591556391117	0.0008701372823174
0.7559209508957475	0.0005721348922316
0.7561658607201834	0.0002958530267636
0.7564207805845320	0.0000171522312517
0.7567406255461154	-0.0003118723563389
0.7570681753883928	-0.0006154124248974
0.7573889746241570	-0.0008721249731828
0.7579495776273955	-0.0012097251966183
0.7581976139845670	-0.0013127548484838
0.7585757412561979	-0.0014182523703738
0.7589349925990605	-0.0014682626928088
0.7591996092552535	-0.0014795031829713
0.7595328641784345	-0.0014707723838482
0.7599003657012922	-0.0014405408913191
0.7603565343309948	-0.0013861087503729
0.7606070877918814	-0.0013508752939635
0.7610350521574702	-0.0012826942911739
0.7613867985622877	-0.0012147541860724
0.7616771342860538	-0.0011457150260829
0.7620108782067042	-0.0010462090219056
0.7623283749379481	-0.0009255740649684
0.7627812259960232	-0.0007029070984323
0.7631779856462458	-0.0004582332226776
0.7634447353264409	-0.0002710921048094
0.7637032649615010	-0.0000770290186413
0.7639928044746624	0.0001485663490600
0.7642363994424773	0.0003384488708026
0.7644796906003001	0.0005218320161146
0.7647190329145724	0.0006900099388910
0.7650006304583280	0.0008647985667520
0.7652666857724599	0.0009994782125644
0.7656365498949492	0.0011280683327416
0.7661426545014670	0.0011819054831511
0.7664807638097619	0.0011407826889374
0.7667517609579296	0.0010693417088571
0.7670131296036203	0.0009743125428584
0.7672543261189593	0.0008701889468009
0.7675325383054001	0.0007378028879156
0.7677835179992613	0.0006148533759894
0.7680335999438763	0.0004950893224195
0.7683751298164817	0.0003455667916299
0.7694023099269839	0.0000543740142610
0.7696716444010009	0.0000148768055059
0.7699631957195733	-0.0000181930062331
0.7701923678862966	-0.0000418891052023
0.7704728906609262	-0.0000733412410847
0.7707677663590708	-0.0001144078757850
0.7717215600930999	-0.0003412331545813
0.7720230615481563	-0.0004386862567674
0.7722907062364595	-0.0005277833905954
0.7725012830062755	-0.0005949590721640
0.7727649019554450	-0.0006699318945944
0.7729639965969552	-0.0007160665618621
0.7732617855213718	-0.0007616512134529
0.7735714230318423	-0.0007722031379473
0.7743982864384689	-0.0005871792114934
0.7745754443474372	-0.0005095906335144
0.7748324924016350	-0.0003788135703582
0.7750464418580684	-0.0002579575976738
0.7752523423342979	-0.0001358544515015
0.7754803671002707	0.0000006251450283
0.7757019733267013	0.0001290499118759
0.7759329196674236	0.0002524886004102
0.7761635652243040	0.0003599028447470
0.7764815191823076	0.0004726159168814
0.7775001605095181	0.0004997378231774
0.7777699031724205	0.0004279855820917
0.7779975936674415	0.0003499786615409
0.7782351759392416	0.0002575722221332
0.7784153397568966	0.0001840882165167
0.7786439781336943	0.0000914823452255
0.7789252558306498	-0.0000140387628288
0.7792081703290513	-0.0001011984853692
0.7795769474502025	-0.0001746663034842
0.7800259134078875	-0.0001915840351187
0.7803492935975413	-0.0001548726573668
0.7806431019546177	-0.0000917586770961
0.7808951315462692	-0.0000216137480697
0.7811426074300252	0.0000558206627417
0.7813714686725001	0.0001290362767975
0.7816097227641849	0.0002008939175387
0.7819164571706773	0.0002787196268812
0.7822138648071133	0.0003300508166885
0.7828137113042637	0.0003388542835083
0.7831814357830426	0.0002784472115333
0.7834884491383354	0.0001951528217663
0.7837539063573330	0.0001056861968563
0.7840136513877268	0.0000082578422875
0.7842175514690880	-0.0000702534034160
0.7844664376743187	-0.0001635640057468
0.7847785827273961	-0.0002690439651143
0.7850520924856196	-0.0003442075442183
0.7853663436016636	-0.0004047443456895
0.7856103452585838	-0.0004301674825392
0.7860346462180084	-0.0004284201730835
0.7863470480235047	-0.0003931680186132
0.7866541028506817	-0.0003365560335183
0.7869386775747812	-0.0002706961317477
0.7872180585168347	-0.0001993072994846
0.7875698001107586	-0.0001091908277077
0.7879448595070374	-0.0000225690628585
0.7883832536210983	0.0000564209517852
0.7886451016680667	0.0000899497113823
0.7890882048930909	0.0001244664333445
0.7894384108991828	0.0001367243444574
0.7898170012721634	0.0001420947854074
0.7900575167485619	0.0001445899868388
0.7907772826840348	0.0001635705774408
0.7911147257127124	0.0001822679443889
0.7914583706645036	0.0002060816827054
0.7918064947083149	0.0002317195647524
0.7921502736845221	0.0002522885713953
0.7924940526607293	0.0002623170599727
0.7928378316369364	0.0002558050304846
0.7940677266146776	0.0000525166323672
0.7943920375580946	-0.0000397232821253
0.7946544426421653	-0.0001190734346864
0.7949676990826756	-0.0002130383133754
0.7952246002903033	-0.0002849905217521
0.7955156920293146	-0.0003548555251033
0.7958987857521251	-0.0004208585433469
0.7965025436194376	-0.0004465643302277
0.7968807382713171	-0.0004097087656169
0.7972686832457915	-0.0003327052227531
0.7975935773108180	-0.0002438256065699
0.7978916596853113	-0.0001480367392164
0.7981849569394530	-0.0000472754461322
0.7984782541935947	0.0000543735065188
0.7988366833786495	0.0001718761788599
0.7992364539093759	0.0002840983289051
0.7996164327140747	0.0003642916975411
0.8000277630517901	0.0004171601106216
0.8004621994271126	0.0004337139887377
0.8007545712648750	0.0004239978625199
0.8011382697792387	0.0003907146447724
0.8014630433213934	0.0003484301309241
0.8018592435500035	0.0002864949665754
0.8021499995185996	0.0002377602673810
0.8028830330348714	0.0001195157944288
0.8032177028509205	0.0000732303949971
0.8035475278453879	0.0000338209042237
0.8039815031029618	-0.0000089876478873
0.8044516443283652	-0.0000454044204804
0.8053396537134631	-0.0000955951368499
0.8059470943154838	-0.0001151790546721
0.8064200018028276	-0.0001174212195411
0.8072989799659359	-0.0000724038196227
0.8079643661185244	0.0000154796665537
0.8083131745852573	0.0000777030686716
0.8086934245492882	0.0001522348403914
0.8089753079692890	0.0002074664116076
0.8092993532575822	0.0002653350217063
0.8095429307165014	0.0003009661417634
0.8098503043234332	0.0003312220750229
0.8102213833275526	0.0003387858767799
0.8106095733898090	0.0003042669943597
0.8110586097012027	0.0002050716818596
0.8113623517704893	0.0001026281265499
0.8116645692427820	-0.0000235734642175
0.8119120859228198	-0.0001409059827011
0.8121794013294845	-0.0002760385241086
0.8124069346699868	-0.0003934592895690
0.8126531718128358	-0.0005168386286337
0.8128994089556848	-0.0006309027665527
0.8131456460985338	-0.0007296517033258
0.8133918832413828	-0.0008070854389532
0.8137105753296668	-0.0008670442964611
0.8140452525050490	-0.0008736518062405
0.8146407618828149	-0.0007314810172092
0.8149210537269223	-0.0005999381787754
0.8151826202931851	-0.0004466855320468
0.8154057205238273	-0.0002980892307825
0.8156177397643705	-0.0001468236077026
0.8158409316532921	0.0000172853578254
0.8160485475760498	0.0001691837972800
0.8162648221966571	0.0003201297051486
0.8164810968172643	0.0004581454673075
0.8168081985990089	0.0006314317141233
0.8171250337890844	0.0007454937176658
0.8175207171674844	0.0007994599583969
0.8177819767255912	0.0007780678073872
0.8180526199133077	0.0007096426859968
0.8182957730665252	0.0006121262346916
0.8185302238519298	0.0004908534518437
0.8187534646778886	0.0003568125776011
0.8189666499486450	0.0002173517310570
0.8191505259600280	0.0000931986177116
0.8193612568836544	-0.0000482536109297
0.8195636873235945	-0.0001779229314746
0.8198284419797933	-0.0003298132898833
0.8201232254755743	-0.0004642682618522
0.8204256767758856	-0.0005535030793707
0.8209077204683520	-0.0005780207933645
0.8211665684973405	-0.0005307903226755
0.8214194422041554	-0.0004479059543949
0.8216317829985835	-0.0003545057513296
0.8218301035673076	-0.0002519151655903
0.8220064300056175	-0.0001519908002642
0.8222204974054793	-0.0000242685615101
0.8224098274405235	0.0000894646545971
0.8226191983153077	0.0002106045067168
0.8228652552606028	0.0003396521170274
0.8231358876694500	0.0004557680739698
0.8233934518912343	0.0005331315598617
0.8236838974305715	0.0005747815475236
0.8243063626031464	0.0004899190560310
0.8245124614553974	0.0004130948215170
0.8247288566518323	0.0003110169692581
0.8249619295522403	0.0001820907793730
0.8251460607622931	0.0000704569509975
0.8253277129197888	-0.0000441446094659
0.8255419743498472	-0.0001803344418947
0.8257564263511251	-0.0003117412025799
0.8260035764041318	-0.0004500788068596
0.8262359396024685	-0.0005611720073581
0.8265082095817756	-0.0006606995106755
0.8270720122921473	-0.0007410635293136
0.8272879610823642	-0.0007246553955565
0.8275818282653876	-0.0006630732067195
0.8278544688771604	-0.0005710352682278
0.8280240071989909	-0.0005001867241761
0.8282651357710099	-0.0003862827031258
0.8284673266392821	-0.0002830533910141
0.8286859104697892	-0.0001685004633156
0.8289179448838826	-0.0000491638570945
0.8292325317918549	0.0001001786785369
0.8295320985394190	0.0002199908717585
0.8301907764387153	0.0003783833116571
0.8305441793905931	0.0003997476504791
0.8308516466164536	0.0003869230011941
0.8311374074186409	0.0003544317163188
0.8313570592697705	0.0003204297745101
0.8316296468151662	0.0002722207450939
0.8320107185015032	0.0002025280657723
0.8323594767289434	0.0001468788881357
0.8327271235817857	0.0001038896777883
0.8330619881236918	0.0000805272569854
0.8332920111964106	0.0000725715897323
0.8336524250054284	0.0000699657023063
0.8339863987988246	0.0000730276874377
0.8342785082856353	0.0000750119550062
0.8347396383914558	0.0000664430272479
0.8351067322969193	0.0000443343967418
0.8354861348280765	0.0000059788616279
0.8358407674600616	-0.0000409457504584
0.8361713568643198	-0.0000883335616612
0.8364557140872132	-0.0001271732634231
0.8367086185511008	-0.0001556634009439
0.8370156797380368	-0.0001777617509183
0.8377491720977351	-0.0001541718886060
0.8381104023569360	-0.0000989718571628
0.8384396560310624	-0.0000277398227225
0.8387349823060892	0.0000469349412920
0.8389910874291565	0.0001150846417102
0.8391987151602277	0.0001686314315490
0.8394670721397148	0.0002310408391996
0.8397774215775502	0.0002869441078826
0.8400682080645709	0.0003176454194037
0.8403608705405914	0.0003227653705896
0.8407756957766398	0.0002817598343229
0.8410327059002950	0.0002289522036644
0.8413297299977031	0.0001457104071810
0.8415622003157456	0.0000678448293901
0.8417857244349150	-0.0000136627710762
0.8420327614413068	-0.0001066895914698
0.8422798148782321	-0.0001973045680166
0.8425310522996852	-0.0002809258184217
0.8429141202395537	-0.0003813581137611
0.8433539317714793	-0.0004398953493797
0.8436208602661801	-0.0004411342775020
0.8439720799562940	-0.0004030047039322
0.8442642970297661	-0.0003404298940982
0.8445050904562077	-0.0002718742073364
0.8447697330143888	-0.0001844329548123
0.8450343626233674	-0.0000898057735555
0.8452413039605713	-0.0000157284970915
0.8454932434647108	0.0000696037749741
0.8458860697900477	0.0001814691079813
0.8463652351690593	0.0002638837700272
0.8468608991916545	0.0002745422530389
0.8471371424162185	0.0002488950217047
0.8474444582420236	0.0001991238825235
0.8477276231942972	0.0001391534050279
0.8479792069952470	0.0000802283875993
0.8482621690420745	0.0000139503875486
0.8485374644390179	-0.0000450076531186
0.8489231231967436	-0.0001083172207839
0.8494701253074429	-0.0001443172373524
0.8496838544504695	-0.0001397838205247
0.8500589181362925	-0.0001088848258058
0.8503788224123344	-0.0000649566235562
0.8506751709561572	-0.0000161187193545
0.8509818204509140	0.0000364364526361
0.8512799673148965	0.0000832596795413
0.8517483947361916	0.0001366230935903
0.8520791816998753	0.0001544400290095
0.8524377600469937	0.0001541330191434
0.8527152855978994	0.0001416080235900
0.8530639486840992	0.0001156588375595
0.8532798627475888	0.0000968668362427
0.8535910789009923	0.0000710866479152
0.8539529502825066	0.0000492237446893
0.8546405790782838	0.0000507055955436
0.8550512094371573	0.0000808737852095
0.8553052186113919	0.0001073048971401
0.8556168804051029	0.0001425618967131
0.8558891632172368	0.0001714658613279
0.8561778285301168	0.0001941758254306
0.8564937541425451	0.0002032260212234
0.8568401443157369	0.0001875002876004
0.8574236415734546	0.0000927655618236
0.8576129762522885	0.0000447673043942
0.8579232607198792	-0.0000481392541971
0.8581981132305007	-0.0001394123187987
0.8584489402236660	-0.0002248306536978
0.8586619167545191	-0.0002942198979145
0.8589180053367229	-0.0003688946511259
0.8591775228912107	-0.0004291321073279
0.8594753210741783	-0.0004724189446406
0.8598915876029634	-0.0004769544668605
0.8602586043842381	-0.0004226883693958
0.8605072368893253	-0.0003566584285805
0.8607381564952684	-0.0002770558506098
0.8610079092591445	-0.0001670043407158
0.8611712811909954	-0.0000944285414497
0.8614139587862316	0.0000170417910063
0.8616435120256231	0.0001216826014657
0.8618784290694524	0.0002212893353170
0.8621567853664207	0.0003225838370142
0.8624759168423325	0.0004070986632568
0.8628182882924679	0.0004510270468313
0.8633199899240162	0.0004198310503559
0.8636379691127228	0.0003450017097973
0.8639047869006093	0.0002561657517389
0.8641149686999657	0.0001739104696089
0.8643165196937418	0.0000890316377554
0.8645385444770965	-0.0000069152766958
0.8647743620100096	-0.0001060310458804
0.8650389521396175	-0.0002071475341894
0.8652931503564818	-0.0002878294378274
0.8655630741757800	-0.0003497638464433
0.8664158164586218	-0.0003561174537677
0.8666535623686187	-0.0003095226096134
0.8669215376748648	-0.0002385223870077
0.8671770157306083	-0.0001582307704037
0.8674281141250828	-0.0000737352621246
0.8676305137851447	-0.0000060142348223
0.8678851687072707	0.0000734179972974
0.8682430525835357	0.0001654615894137
0.8689591542714280	0.0002439785401383
0.8693521819593584	0.0002221121555790
0.8695919297678910	0.0001899851308981
0.8697987780510279	0.0001539326619095
0.8700720852082223	0.0000986034098664
0.8703369076415209	0.0000425095811348
0.8706017300748196	-0.0000101619856304
0.8709309450646086	-0.0000627466043660
0.8712815393449909	-0.0000957968273999
0.8716143640618422	-0.0001011552453059
0.8719998958076401	-0.0000754362390079
0.8723082875262277	-0.0000343720129481
0.8726134861883128	0.0000185523575004
0.8728983004856674	0.0000727695011775
0.8731831147830220	0.0001257044904157
0.8734241707449895	0.0001646631328697
0.8737371772806302	0.0002028114842289
0.8749207230744976	0.0001839285057530
0.8752345876476988	0.0001438964610586
0.8755274980463964	0.0001019206367221
0.8758325738701263	0.0000591729066635
0.8762070149099629	0.0000160565253813
0.8769781519810373	-0.0000170406134706
0.8773505655398320	-0.0000051787151745
0.8775903208417620	0.0000088606253972
0.8778305545293559	0.0000252659229388
0.8781507124847261	0.0000465472514165
0.8784538107315299	0.0000610336995204
0.8787993860818244	0.0000650172967224
0.8790783090852499	0.0000561560695471
0.8795056308884127	0.0000208013550635
0.8798355787357507	-0.0000214306078029
0.8800868619320503	-0.0000587297446030
0.8803250758590961	-0.0000949042217769
0.8806157064201574	-0.0001357654824656
0.8809116296208279	-0.0001677656581721
0.8812960126255556	-0.0001866798376742
0.8818587344841855	-0.0001555202190842
0.8821031670529733	-0.0001195111200997
0.8824348396798287	-0.0000524433007374
0.8827306179292230	0.0000192900082757
0.8829876383889596	0.0000858484467945
0.8832560962517942	0.0001530918224458
0.8835501629152149	0.0002178624109138
0.8838297446769794	0.0002648397184805
0.8843588210367999	0.0002984761035493
0.8848107742016499	0.0002628976919008
0.8850862804384632	0.0002146560106214
0.8853832821911811	0.0001458012958869
0.8856285848393549	0.0000807238128583
0.8858953816141228	0.0000073300553601
0.8861134115755557	-0.0000502807333116
0.8863748431618427	-0.0001113301958834
0.8868729023466881	-0.0001888856128343
0.8874078127148674	-0.0001979825353379
0.8876944866630803	-0.0001711399049471
0.8879873980401614	-0.0001259015776943
0.8882399647635877	-0.0000773492851187
0.8884764796654923	-0.0000287931018043
0.8887337231485588	0.0000218477314453
0.8890084022873327	0.0000672194870792
0.8892774460821482	0.0000971063263352
0.8901988849525153	0.0000455187921978
0.8904999197491537	-0.0000223512400963
0.8907738749227289	-0.0000983513735708
0.8909796189142472	-0.0001602413141355
0.8911794783216955	-0.0002205878973992
0.8914180958503428	-0.0002885854322843
0.8916625259936386	-0.0003478223907176
0.8920212547840196	-0.0004057703134590
0.8924666085039550	-0.0004139374349969
0.8928232940723860	-0.0003641405532253
0.8930727181977586	-0.0003016108343486
0.8933130660759395	-0.0002233752157282
0.8935671534364182	-0.0001271600535548
0.8937589475404040	-0.0000492808036289
0.8939915013240693	0.0000456188112526
0.8942145201997010	0.0001320434672526
0.8944982166951120	0.0002270255621655
0.8947854069489389	0.0002971611070072
0.8950843016802004	0.0003345852108564
0.8958441180191166	0.0002461107290686
0.8960669929772205	0.0001751912133974
0.8962891339430082	0.0000901518178571
0.8965206541960825	-0.0000079171374034
0.8967207159027779	-0.0000957708772634
0.8969357870397436	-0.0001880842602923
0.8971583485506720	-0.0002753989883766
0.8974080402409733	-0.0003567252176254
0.8976487730241551	-0.0004120891411921
0.8980632292017767	-0.0004419950447299
0.8985252357786199	-0.0003686408914528
0.8988151976413613	-0.0002691787502396
0.8990591369567285	-0.0001604034839526
0.8992696604430862	-0.0000530827533830
0.8994902819194439	0.0000664864078183
0.8996958116033956	0.0001793147864376
0.8999110445106755	0.0002929151804898
0.9001262774179554	0.0003961066452640
0.9004115870611460	0.0005079289325941
0.9007050885605621	0.0005837262316325
0.9010919936920397	0.0006111962465846
0.9013615095735027	0.0005790797090801
0.9015925942678470	0.0005198212837865
0.9018307661120710	0.0004314228053314
0.9020747244655766	0.0003179037362627
0.9022475900036978	0.0002271064516507
0.9024694094708307	0.0001032871012956
0.9026512587652082	-0.0000002108014837
0.9028668577297376	-0.0001199951234054
0.9031293415575433	-0.0002541683044919
0.9034305610803169	-0.0003812869110320
0.9037374734297466	-0.0004706678855440
0.9042093040775114	-0.0005143710167156
0.9045433830510117	-0.0004753858434497
0.9048314149937932	-0.0004005912781682
0.9050799784748618	-0.0003119261018644
0.9053170123509203	-0.0002121664922161
0.9055155358229667	-0.0001222010799816
0.9057475674280832	-0.0000148061699705
0.9059869715963651	0.0000926727624677
0.9062265913420132	0.0001911686353964
0.9065902292611007	0.0003119682146043
0.9070994428093666	0.0004049374541799
0.9074037160997516	0.0004144740796368
0.9077214189037782	0.0003905031659345
0.9079562387431565	0.0003541565277892
0.9082310961132829	0.0002962391864805
0.9084471400479867	0.0002432905367943
0.9087138033937918	0.0001738302571739
0.9090502473387784	0.0000873611363743
0.9093595422001762	0.0000161855131339
0.9098473328065122	-0.0000675538767089
0.9101399295230489	-0.0000981635814711
0.9104449099703457	-0.0001144408207542
0.9108400298043279	-0.0001158713346066
0.9111793047702360	-0.0001044622992092
0.9115394661985738	-0.0000858843959043
0.9120630910480901	-0.0000564135079317
0.9125523719952584	-0.0000341120085090
0.9130710083198694	-0.0000156483903203
0.9135288278171196	0.0000016498217503
0.9140819918995706	0.0000300018461648
0.9145761739078166	0.0000631735721876
0.9150170688956063	0.0000939378108338
0.9153106391234427	0.0001107413645721
0.9156798146852175	0.0001224719309284
0.9162144011523508	0.0001117416927804
0.9168932484105738	0.0000399377619936
0.9171780217717278	-0.0000067067601372
0.9174925551900326	-0.0000639463944275
0.9177985685241430	-0.0001198417560458
0.9180875220053445	-0.0001673712445936
0.9183629800075027	-0.0002021136765567
0.9186856431608920	-0.0002233123614520
0.9192220283430351	-0.0002007429175108
0.9194805558421183	-0.0001618284860593
0.9198370965465268	-0.0000802566477573
0.9201495422022352	0.0000123837962310
0.9204277452182755	0.0001054834396234
0.9206741421582831	0.0001906887284077
0.9209357964529085	0.0002781355177958
0.9212042734243415	0.0003593797234071
0.9214728767084218	0.0004258588961164
0.9217657301676074	0.0004756121661115
0.9221215691877538	0.0004990553582194
0.9224008403301461	0.0004874456327943
0.9226544151064127	0.0004548129334887
0.9229427605943868	0.0003956872710811
0.9232007559082980	0.0003272291444973
0.9234621272979520	0.0002489619896150
0.9237054636407425	0.0001731445952034
0.9239911098574496	0.0000880094689409
0.9242562216220326	0.0000191836985073
0.9244901729816563	-0.0000285114354137
0.9248557564725945	-0.0000702248157179
0.9258020260923677	0.0000375962477463
0.9260942805417252	0.0001283634551851
0.9263849138028071	0.0002371839953024
0.9265963156631800	0.0003240238449924
0.9268825878336714	0.0004464782499233
0.9271560320276266	0.0005629682190092
0.9275964120276551	0.0007375269815944
0.9279841105474683	0.0008683916614991
0.9285657089035928	0.0010173307159013
0.9288469761347034	0.0010724017815421
0.9291052215947754	0.0011173157883450
0.9293963810771472	0.0011657076339996
0.9296616125595637	0.0012124619125114
0.9300449145201476	0.0012923628062326
0.9304469518821394	0.0014010285123898
0.9313673852403188	0.0017751549682777
0.9318358923674386	0.0020265883239043
0.9322016514863213	0.0022423392499963
0.9326714486711217	0.0025340877124061
0.9341267086579170	0.0034835399627985
0.9345980059095046	0.0038242946481394
0.9351250764395777	0.0042568596834312
0.9357237402459582	0.0048431644184560
0.9366803289173141	0.0060371032206683
0.9373135418865347	0.0070078291242131
0.9383843790092908	0.0089589983060261
0.9392166090171450	0.0107666489448677
0.9399106011215460	0.0125196509050134
0.9407434239045439	0.0149974464807411
0.9430172755737678	0.0242375671663308
0.9438922861096434	0.0288387928284369
0.9446837599099267	0.0335986498978578
0.9459382453155752	0.0424895917585415
0.9467199117330954	0.0489856453963090
0.9485998740341423	0.0677910735429429
0.9498900568727586	0.0835212892989604
0.9508484346654126	0.0969486447842591
0.9531337002055656	0.1361978983249218
0.9545832686370160	0.1655045774972120
0.9567836630108334	0.2157802072372015
0.9576272130030552	0.2367618325426860
0.9598280306939390	0.2935481865342135
0.9610598297401868	0.3259481655685642
0.9621170823609327	0.3526567365440161
0.9653645796389843	0.4209298567857261
0.9665662491804790	0.4383082770432084
0.9683550457810463	0.4508765995217693
0.9696730741048646	0.4502009955388027
0.9720752112819401	0.4232519775695003
0.9732423288828925	0.3986910496322507
0.9741680359090428	0.3733726969799188
0.9750773857257918	0.3446407126110875
0.9766799463532715	0.2860084679571357
0.9778866281164625	0.2368584727992275
0.9786521789535391	0.2043514235819735
0.9794114558119017	0.1715689105703009
0.9800986578800224	0.1420430130305796
0.9812355893862865	0.0949092098668832
0.9819162215227539	0.0681866439406783
0.9825672148672775	0.0440061406731027
0.9831066311919807	0.0251311764251024
0.9841017372603573	-0.0064936084251539
0.9844267224732303	-0.0157971491100230
0.9850209050173688	-0.0313289709602134
0.9856363859262015	-0.0452204950990490
0.9874811047147144	-0.0725222652198642
0.9882891329391045	-0.0780152656003724
0.9892931959131032	-0.0800421111666569
0.9902211872139053	-0.0775213832792617
0.9915983492607936	-0.0665491378929911
0.9922156294086818	-0.0592709210843437
0.9927004862481004	-0.0528371835384336
0.9933891507265658	-0.0430180064494162
0.9941114634048990	-0.0323849572991077
0.9946066462670038	-0.0251457565486433
0.9952286411066740	-0.0162807213327397
0.9958751981343218	-0.0074336697876455
0.9962989672360276	-0.0018733912884782
0.9965022109264738	0.0007172094096262
0.9967264874636571	0.0035123120277605
0.9969623661890071	0.0063708823824542
0.9972944900033041	0.0102333511042202
0.9977653596879102	0.0153221817611609
0.9982012517664191	0.0195350677134730
0.9986882443727962	0.0235624486595892
0.9993128162621341	0.0275080349298671
