0.0000000000000000	0.0000000000000000
0.0634130822601538	0.0000010000000000
0.0652484267332714	0.0000129225279149
0.0662480531465586	0.0000202821486148
0.0671988267834141	0.0000346642306281
0.0677093159852140	0.0000458603930985
0.0683201635275887	0.0000635421898517
0.0692333543741435	0.0001029556563418
0.0707194487600839	0.0002171426665041
0.0717185709045872	0.0003480098510819
0.0722672316496549	0.0004480257271145
0.0728479289386275	0.0005821485186233
0.0732308554691390	0.0006900850227807
0.0737075432175204	0.0008496224059782
0.0743686343143909	0.0011272811825881
0.0748614982245189	0.0013858806778366
0.0753320712101729	0.0016824990123235
0.0758637792280315	0.0020863220889466
0.0763343076015195	0.0025154770702839
0.0768082294454168	0.0030274017106527
0.0773030629758334	0.0036608977802239
0.0778265043982002	0.0044589253559149
0.0783772514790418	0.0054641027449040
0.0789621674580125	0.0067490260211037
0.0795775943943065	0.0083843550484516
0.0800320907135922	0.0098078615905376
0.0805826042973185	0.0118122865782456
0.0811983605068406	0.0144691594029023
0.0818708278598554	0.0179473272568931
0.0825633680076857	0.0222550192359969
0.0832972318254959	0.0277458194221090
0.0841052611855100	0.0350583969177323
0.0850306700289895	0.0453075386638045
0.0861627190446516	0.0609780297831842
0.0873187373048496	0.0810310518164655
0.0881759644995718	0.0988199482333732
0.0900183247868230	0.1458139371384818
0.0912709549092321	0.1841838040002667
0.0925483446489968	0.2279422739689291
0.0935713272318462	0.2655660933766643
0.0946303176579646	0.3058418168052244
0.0956919763312742	0.3461949595729001
0.0968144855920594	0.3870229424401133
0.0982116018054380	0.4323107001174271
0.0992639691685697	0.4601512759987779
0.1009181482860532	0.4888074094459425
0.1021023287229938	0.4962674477175850
0.1033044417229508	0.4916789152796728
0.1042743837009240	0.4789587676882435
0.1053876874289966	0.4559339277078727
0.1071076621294841	0.4039250830827160
0.1082003371673385	0.3625982754588540
0.1090217253357289	0.3288949144810722
0.1100614155816771	0.2846757439220120
0.1111835137315414	0.2371455901921087
0.1126036885423425	0.1804500686229846
0.1136101463443874	0.1442429106079161
0.1147527628305322	0.1084420889385529
0.1160467797604535	0.0753122149941585
0.1169871660131811	0.0559168788134042
0.1178006156389408	0.0420721085097199
0.1184279207532370	0.0331332309902608
0.1192742468240977	0.0233014865401670
0.1198790749235902	0.0177257493285250
0.1205047309474513	0.0130896005897817
0.1209869450461073	0.0102103019345857
0.1214312057391881	0.0080283261605782
0.1218942695516612	0.0061663651180504
0.1223046288978067	0.0048195948579209
0.1226946441376368	0.0037657153523584
0.1230584883673920	0.0029541678515370
0.1234189806176676	0.0022920368285010
0.1237762433342752	0.0017576748201472
0.1241230434591069	0.0013407911652819
0.1244575779814880	0.0010221942267862
0.1247556979877575	0.0007988844762151
0.1249973274089072	0.0006549558773663
0.1253825351815460	0.0004844822045197
0.1256805001394367	0.0003937669133170
0.1259264472793892	0.0003407768781831
0.1262064807492022	0.0002987364483823
0.1265759834067738	0.0002648197782852
0.1268680458615966	0.0002479708155588
0.1273037431062088	0.0002274458433689
0.1277859734766197	0.0001975791386306
0.1281149150190685	0.0001673771863423
0.1285225233169052	0.0001173436378836
0.1289015737642207	0.0000592983496047
0.1292279228987747	0.0000029175678645
0.1297959747665933	-0.0000999020929419
0.1302761070235706	-0.0001798401624473
0.1308881824350598	-0.0002582917764605
0.1316462039526964	-0.0003052621103458
0.1320549714265741	-0.0003072070128590
0.1324039433610511	-0.0002977299866784
0.1329454899115964	-0.0002657199622378
0.1336616108444095	-0.0001980677963177
0.1342373871745697	-0.0001266065668785
0.1345209453992642	-0.0000867367906180
0.1354130591633397	0.0000516586673888
0.1358329082359699	0.0001164399129619
0.1362466056584878	0.0001734670278795
0.1366499568689592	0.0002158845790378
0.1371180585879506	0.0002419836784603
0.1381875530887121	0.0001879351992848
0.1385509050690053	0.0001373565574653
0.1390403140694122	0.0000556169403573
0.1393476375438926	0.0000033536941094
0.1397574100330645	-0.0000580707159762
0.1402491707914010	-0.0001069804812447
0.1407673090228419	-0.0001178196075330
0.1411376890027529	-0.0000981070350516
0.1414561479439370	-0.0000648764385021
0.1417983946774243	-0.0000171580033663
0.1421257470071485	0.0000341614975406
0.1424530993368726	0.0000851382594878
0.1427121531808593	0.0001207748633812
0.1430554620105736	0.0001562328877215
0.1434580302944446	0.0001737180362533
0.1439331172165532	0.0001553385631650
0.1442427098723289	0.0001210426779042
0.1445878461404412	0.0000659849269032
0.1449210066731937	0.0000011087458841
0.1451689688174589	-0.0000503671348985
0.1453922041926054	-0.0000956756533747
0.1457434407545320	-0.0001598408218806
0.1459873688900470	-0.0001953181007443
0.1463601860997398	-0.0002300389924663
0.1466335101091174	-0.0002375716119577
0.1469032550975143	-0.0002294908686411
0.1472425679739162	-0.0001983351864666
0.1475740366696432	-0.0001486476707023
0.1479026912151965	-0.0000867489107506
0.1481609425859413	-0.0000333715751345
0.1484571311540071	0.0000270180270131
0.1488823557309379	0.0001033303879682
0.1492193425776529	0.0001467055138703
0.1496663132737838	0.0001732383383425
0.1502452728372194	0.0001497869170622
0.1504664858884674	0.0001259012114902
0.1508227175060000	0.0000748830548127
0.1510241826215782	0.0000418020231843
0.1513422121661101	-0.0000121198538950
0.1516431594760444	-0.0000604083528289
0.1520236836609802	-0.0001108523929857
0.1524719711005980	-0.0001459728077912
0.1529885169708309	-0.0001484290593380
0.1534239901483510	-0.0001208777757665
0.1536844247528331	-0.0000947033775417
0.1540811152151063	-0.0000465558630410
0.1543902638562377	-0.0000065003313500
0.1547821821000238	0.0000405193526793
0.1551170778360865	0.0000735618867111
0.1562751835760984	0.0001217705456561
0.1565677137009832	0.0001217928059617
0.1571618413745245	0.0001188707854651
0.1575892264293309	0.0001195595368649
0.1580914692205733	0.0001237121856143
0.1585149268192985	0.0001252370571483
0.1589022668745848	0.0001184428952465
0.1592035347660412	0.0001038445342220
0.1599430371119935	0.0000164627559000
0.1603624285190350	-0.0000699359650836
0.1605898477728487	-0.0001260310866543
0.1609284032854092	-0.0002172942045549
0.1611656719347717	-0.0002828649062539
0.1614590730451453	-0.0003606295755831
0.1617049986020655	-0.0004185789506650
0.1619847881657600	-0.0004702575309253
0.1623027635655972	-0.0005043177685804
0.1627810874796948	-0.0004939416277290
0.1630787906342844	-0.0004457322959555
0.1634137356659404	-0.0003536449032769
0.1637242753465034	-0.0002368233576784
0.1639999588216834	-0.0001139966362904
0.1642314027176159	-0.0000017069260947
0.1644788886300815	0.0001214187879690
0.1647263745425470	0.0002421756901152
0.1649738604550126	0.0003545637803440
0.1651499733889325	0.0004255010812428
0.1654013221269132	0.0005095484484348
0.1659719235943698	0.0006069986542503
0.1664667936988040	0.0005717580368248
0.1666761406783695	0.0005246573976359
0.1669603062885949	0.0004347494099220
0.1672164819521660	0.0003339504931594
0.1674536965133432	0.0002292243398267
0.1676908543771015	0.0001201887709851
0.1679280122408598	0.0000124370657837
0.1682071297455813	-0.0001052248212466
0.1684569970053904	-0.0001953082689161
0.1687648596250656	-0.0002788268012660
0.1691417567561538	-0.0003321781456324
0.1695696209468927	-0.0003242430744677
0.1698533062836643	-0.0002825346957376
0.1701303890391807	-0.0002200602225021
0.1703257704538861	-0.0001668194528404
0.1705745425279281	-0.0000933595899749
0.1708007930010733	-0.0000257175181920
0.1710667787111259	0.0000481397132860
0.1713218648359514	0.0001073649778998
0.1717029170367492	0.0001645469175776
0.1722310960486414	0.0001667915943500
0.1725558534797988	0.0001232822106061
0.1728414509443975	0.0000620079584159
0.1730880467240428	-0.0000030868918999
0.1733360237012568	-0.0000744509081012
0.1735841146853263	-0.0001458607739178
0.1738386610968934	-0.0002125685132518
0.1740926784564181	-0.0002670261351415
0.1745476938940617	-0.0003195656947999
0.1750283207274793	-0.0002976533866979
0.1753684665862043	-0.0002335532291870
0.1756489827620088	-0.0001555638081228
0.1759105141863067	-0.0000680720866860
0.1761283843354349	0.0000107800720636
0.1763767970669553	0.0001018832476296
0.1766211464262469	0.0001872319457522
0.1768675916653294	0.0002625890074737
0.1772507000593067	0.0003475501080297
0.1779860561049041	0.0003658160754128
0.1783310273185956	0.0003073827537182
0.1785352892254572	0.0002566873855308
0.1787802585092870	0.0001840757036665
0.1790032088326793	0.0001112473297241
0.1792408108462485	0.0000315567781538
0.1794863066246259	-0.0000472008911312
0.1797567076983962	-0.0001232039747118
0.1800881451079993	-0.0001923507853390
0.1804512292027013	-0.0002285324377893
0.1809690786123139	-0.0002014390217493
0.1811855800748678	-0.0001648373767490
0.1813904103200790	-0.0001192636087888
0.1816601729661757	-0.0000474195817888
0.1818681297610092	0.0000133124587309
0.1821170509667348	0.0000864282465900
0.1823659721724604	0.0001546800418863
0.1826765376969964	0.0002248489973929
0.1831292263419647	0.0002809054030818
0.1839424045702768	0.0002105910501537
0.1841958791682224	0.0001478683015516
0.1844433875071351	0.0000738412412125
0.1847002103940292	-0.0000104393683359
0.1849510863946227	-0.0000947180538825
0.1851986751987815	-0.0001733873436427
0.1854637124095531	-0.0002470701209633
0.1857691642604192	-0.0003113093205865
0.1863893319246212	-0.0003519128078723
0.1866497520629410	-0.0003301071332892
0.1869818936785569	-0.0002720358331501
0.1872728096623131	-0.0001989963306000
0.1875431512182592	-0.0001187867455938
0.1878134927742053	-0.0000326525566834
0.1880151286010812	0.0000312878977532
0.1882765502282745	0.0001090051931481
0.1886315425152905	0.0001966834565207
0.1890047015670383	0.0002582410553410
0.1897220326925337	0.0002740522964159
0.1899711077713699	0.0002508640184332
0.1902556822236645	0.0002108118069865
0.1905124167263904	0.0001664569673412
0.1908013641313572	0.0001121378583987
0.1911223510645681	0.0000530835792215
0.1915240776722421	-0.0000106838575843
0.1920794658145063	-0.0000674872542425
0.1923657094750253	-0.0000812864115417
0.1926893074635650	-0.0000858008899913
0.1930601514089356	-0.0000816898693999
0.1934172983172832	-0.0000733883482651
0.1936919383150989	-0.0000687424559437
0.1942760652297524	-0.0000719651303460
0.1946311592077773	-0.0000841058909349
0.1949952950583640	-0.0001017715074548
0.1953224004352044	-0.0001181184757454
0.1955586601372512	-0.0001268187524872
0.1958939969370375	-0.0001305703747328
0.1963158476001961	-0.0001135710671571
0.1968612374807993	-0.0000458776424248
0.1972478877005939	0.0000346916294100
0.1975719983333556	0.0001193332934711
0.1979055664169947	0.0002175382838707
0.1982171183161231	0.0003133082914147
0.1985286702152515	0.0004070622928857
0.1988402221143800	0.0004928002882836
0.1992215336526404	0.0005788849559490
0.2002257899884179	0.0006877087992700
0.2005271593091518	0.0006938936757399
0.2008388009474599	0.0006957364206859
0.2010871952412209	0.0006982127407200
0.2013809127857527	0.0007077520235192
0.2016746303302845	0.0007300046927317
0.2020869634090002	0.0007924153240241
0.2023547547296095	0.0008566945757392
0.2031210693124242	0.0011564685365153
0.2035485454473837	0.0013983806068179
0.2043958978048867	0.0020182391345732
0.2049088506477747	0.0024764576277076
0.2053321709546150	0.0029057552392307
0.2058083205491505	0.0034533579113390
0.2062877227737720	0.0040904509511894
0.2070137438592240	0.0052553809769688
0.2078515348335991	0.0069448436485568
0.2086484907235965	0.0089095931137682
0.2093884607098446	0.0110567783643844
0.2098647670777416	0.0126276522478586
0.2104943394325883	0.0149953482653015
0.2109376077316572	0.0169141776384641
0.2115516712150043	0.0200118515779824
0.2122809040546087	0.0245011215845821
0.2132718776863415	0.0322017930553861
0.2148268356544857	0.0480437862035058
0.2157344452962275	0.0594142500961778
0.2164873978266649	0.0702647858093038
0.2174714458135770	0.0868316958136220
0.2191768221365548	0.1231069555756533
0.2200794439841200	0.1459917240048070
0.2211888618539290	0.1770729718246132
0.2224488743799049	0.2157357302934116
0.2239955475905604	0.2680815991955561
0.2250032690048765	0.3038799193568344
0.2261195354411598	0.3435381507263502
0.2273236641097762	0.3844900052387000
0.2285504088778023	0.4220913387085514
0.2300135176229580	0.4584484778652214
0.2311034485391046	0.4773694416449489
0.2325636769103912	0.4897579110238692
0.2366788970398943	0.4348087902150006
0.2384452902620763	0.3766643014929519
0.2390972900124610	0.3509214430587006
0.2400036337958273	0.3128126115132941
0.2410073841407078	0.2689981119793083
0.2420786644493917	0.2225537705586267
0.2429671583461712	0.1854905467219203
0.2441261760169298	0.1402154462978837
0.2448466959894563	0.1143527689133936
0.2456559886786096	0.0879530706481132
0.2464782051201556	0.0645065294060941
0.2479392896875310	0.0322934616697749
0.2485938640246260	0.0216432543188521
0.2490493348141865	0.0154718433642062
0.2494821113207169	0.0104566960937769
0.2498763634085029	0.0065375254856417
0.2500064885584139	0.0053753097663756
0.2504053683977871	0.0022007647773059
0.2509627026085207	-0.0012949049565815
0.2512128767023983	-0.0025205775843743
0.2516061702461611	-0.0040347950199487
0.2518974615899159	-0.0048447646915068
0.2522607349210075	-0.0055088581571114
0.2526034309735296	-0.0058149622604229
0.2529203281463637	-0.0058569828279026
0.2532178989025294	-0.0057202535811695
0.2535060186318364	-0.0054585222780139
0.2537908158367822	-0.0051070962119814
0.2541180973147554	-0.0046302903995204
0.2544361325197503	-0.0041322963741289
0.2547688259904203	-0.0036142747854332
0.2551444504212351	-0.0030709177856013
0.2555434934226133	-0.0025723835379975
0.2560558291370277	-0.0020689374958764
0.2563192569155305	-0.0018642608129592
0.2566020197169793	-0.0016764800386349
0.2568818233600751	-0.0015134264483389
0.2571053802944574	-0.0013921061400928
0.2574120086053879	-0.0012284902722343
0.2577311737239923	-0.0010520085370148
0.2585471712205133	-0.0005347530414540
0.2588337510896393	-0.0003348635157590
0.2590947716721870	-0.0001527561222609
0.2593494439881913	0.0000193022920413
0.2595478597258801	0.0001447993163820
0.2598106556217082	0.0002944430478587
0.2600835310643771	0.0004242813477134
0.2604011249905134	0.0005369151641579
0.2609154209685219	0.0006237917083713
0.2611521304718882	0.0006259460086740
0.2613521032626326	0.0006120764308552
0.2616199541951709	0.0005752831942280
0.2618196965901157	0.0005379666975045
0.2620754602316089	0.0004825090657110
0.2622869056396495	0.0004346896695756
0.2625460960633819	0.0003783805013546
0.2630306807421766	0.0002946184858217
0.2633911972746182	0.0002584298120883
0.2637947298557677	0.0002439888874749
0.2640721272739926	0.0002456894801985
0.2642999160308108	0.0002500293117325
0.2645889946313312	0.0002541796763280
0.2648071406058260	0.0002527813817331
0.2651575985928413	0.0002352965496713
0.2660807271793643	0.0000673851818189
0.2663902235461522	-0.0000239096479371
0.2666006530853313	-0.0000909842226922
0.2668687901944858	-0.0001768166836935
0.2670705228163203	-0.0002379611814825
0.2673725111292422	-0.0003176819054661
0.2676608488115855	-0.0003739027488077
0.2679929432129585	-0.0004072116290796
0.2687228053664884	-0.0003488709303807
0.2690266670904592	-0.0002774494655353
0.2692686950019574	-0.0002072791932997
0.2695314938315628	-0.0001236003157379
0.2697660889732492	-0.0000472290109672
0.2699680815977902	0.0000155824878399
0.2702600136253327	0.0000962565918989
0.2707195232878735	0.0001867425927213
0.2712396781395015	0.0002227614446646
0.2715601518091411	0.0002124643522887
0.2718081002849476	0.0001921133065548
0.2720686073604433	0.0001638509724666
0.2723217470822070	0.0001347603590105
0.2725912731665643	0.0001078225036802
0.2730328917124316	0.0000842759163441
0.2733136756708766	0.0000879876623161
0.2736417523863039	0.0001122835290595
0.2739413077805207	0.0001505690095559
0.2742285790723149	0.0001962810827890
0.2744835627303348	0.0002386640619307
0.2747356332510890	0.0002763547155142
0.2749916908500276	0.0003041138411172
0.2752547459929197	0.0003161951092701
0.2757429532866729	0.0002789635002861
0.2760423484911189	0.0002127706482222
0.2763229941312684	0.0001216092485310
0.2765203914234726	0.0000429631225266
0.2767762386968129	-0.0000724294299777
0.2769869297535344	-0.0001744022784097
0.2772233478602260	-0.0002907596500450
0.2773971015049883	-0.0003737029794924
0.2776227645928521	-0.0004730804855021
0.2778959386070602	-0.0005738760383614
0.2781645051872921	-0.0006441439100517
0.2785594301600520	-0.0006832898523831
0.2788256486669817	-0.0006626550799380
0.2791007173105377	-0.0006022608977149
0.2793621157317792	-0.0005120414875804
0.2795528963419084	-0.0004297101453313
0.2797496559407970	-0.0003337800724075
0.2799367160772258	-0.0002359273672081
0.2801426468710680	-0.0001250329460458
0.2803584296889430	-0.0000106917730604
0.2805846444979171	0.0001007131941976
0.2808173841282596	0.0002005027348120
0.2811366807451312	0.0003036348999776
0.2813823990418265	0.0003510415208480
0.2817319122629285	0.0003664777577004
0.2819558621262127	0.0003453518564179
0.2822069803894510	0.0002964565087304
0.2824243568479751	0.0002366803271338
0.2826560599139077	0.0001609095652311
0.2828576540507513	0.0000895282168439
0.2830533494160239	0.0000200871084692
0.2832740151151218	-0.0000531485166049
0.2835416492091262	-0.0001273818446108
0.2838007726560290	-0.0001769511827942
0.2842303746523350	-0.0001969688601262
0.2845765302484682	-0.0001519506697973
0.2848072480306240	-0.0000939070838447
0.2850331161108992	-0.0000189655891465
0.2852738722420182	0.0000750071173039
0.2854552386574023	0.0001514672154030
0.2856757437118539	0.0002454721868694
0.2858957811930632	0.0003350510239619
0.2861310913299978	0.0004190027570697
0.2863618459873855	0.0004834219125965
0.2866920011828120	0.0005349642424124
0.2868893499770785	0.0005392043669013
0.2873232908127471	0.0004730536582902
0.2875717782582583	0.0003908095553265
0.2877798826027391	0.0003004892436528
0.2880175442332119	0.0001785644997374
0.2882320638652262	0.0000566349898007
0.2884515462956290	-0.0000737181966175
0.2886471196257784	-0.0001896510017481
0.2888330644605917	-0.0002950346578339
0.2890684729143776	-0.0004159403861593
0.2892965638796892	-0.0005138600887789
0.2895449119575275	-0.0005933969152819
0.2901314548371551	-0.0006456555007511
0.2903926348371447	-0.0006052869946843
0.2905787552425029	-0.0005545808576099
0.2908379156762892	-0.0004576451284410
0.2910212298338659	-0.0003743632480652
0.2912540078986733	-0.0002558653466180
0.2914439184187940	-0.0001534142865417
0.2916644693101074	-0.0000331750158407
0.2919057507335390	0.0000935498936585
0.2921057250837918	0.0001896601643502
0.2924145508018138	0.0003134371311742
0.2929463866602494	0.0004333892238031
0.2933457078465909	0.0004358273479278
0.2935648283788315	0.0004068068367066
0.2938162030822192	0.0003503608282353
0.2940778886335245	0.0002709846020383
0.2942847790659983	0.0001975110696614
0.2945258573337477	0.0001057933242429
0.2947663894601183	0.0000130968943109
0.2950094707814170	-0.0000758064464225
0.2953425663059904	-0.0001805005447258
0.2957643432513222	-0.0002698235847721
0.2961700956175764	-0.0002987962848568
0.2964986517649015	-0.0002792184904601
0.2968338865512772	-0.0002239038012829
0.2971284636404086	-0.0001520547925383
0.2973776888749578	-0.0000790551538492
0.2976518980285880	0.0000083942176912
0.2978574424705945	0.0000748829143780
0.2982296393640658	0.0001888794178089
0.2986386335761751	0.0002910650365583
0.2989040687848414	0.0003382329247626
0.3000898649386384	0.0003194015485778
0.3003191894179597	0.0002756746998566
0.3005955664008277	0.0002104238957101
0.3009026608256531	0.0001271698284681
0.3013269569357290	0.0000038014869768
0.3016289424750950	-0.0000816685089099
0.3019811140356598	-0.0001703882819728
0.3024089396242243	-0.0002516723272828
0.3030342434123171	-0.0002994857840378
0.3034973507580890	-0.0002769418026827
0.3037962528730842	-0.0002389237624173
0.3040796874887901	-0.0001900035285104
0.3044464202406883	-0.0001154237114575
0.3047730016946752	-0.0000461317641998
0.3050795474965235	0.0000137381815985
0.3053243480248909	0.0000536174997103
0.3057593130582790	0.0000975364029988
0.3062137288720064	0.0000975880129534
0.3064964919794974	0.0000725356057208
0.3068031758897892	0.0000258486913344
0.3070898539274249	-0.0000324837566843
0.3074157344818125	-0.0001094495853818
0.3077033148197880	-0.0001797039136269
0.3079702211666763	-0.0002404455272722
0.3083328153652860	-0.0003066206843353
0.3087242306821511	-0.0003441373326090
0.3090381717816609	-0.0003426913978908
0.3094044312701267	-0.0003031628532551
0.3097060147955454	-0.0002423200651529
0.3099333622890255	-0.0001826664098003
0.3102136098068073	-0.0000978730917707
0.3104049534246924	-0.0000362126315323
0.3107021987921278	0.0000597115213108
0.3109700576813067	0.0001392425589741
0.3112267197057006	0.0002035588646719
0.3116482050293432	0.0002711093787320
0.3121096204884468	0.0002798696711641
0.3124539210238784	0.0002415479914368
0.3127603055572377	0.0001808179443814
0.3129638705219094	0.0001308087005035
0.3132116638379990	0.0000641193053052
0.3134583345068193	-0.0000028376472277
0.3137231469539007	-0.0000689251523983
0.3139735570883335	-0.0001194611782955
0.3143903859930577	-0.0001650121751986
0.3148555663695604	-0.0001450616411463
0.3151393562368155	-0.0000951504170470
0.3154265945303615	-0.0000197382415939
0.3156899907415593	0.0000653908632159
0.3158962063314322	0.0001384012313322
0.3161343749938731	0.0002238145448962
0.3163610089473624	0.0003011043471121
0.3166135243613584	0.0003757816816820
0.3168723175779517	0.0004335106473375
0.3172533409952789	0.0004726300535555
0.3176019094751036	0.0004528882978257
0.3179766200073152	0.0003721674431368
0.3182506748252117	0.0002792442636981
0.3184876292690562	0.0001814678587143
0.3187018737042096	0.0000841732678232
0.3189327182135843	-0.0000246150966609
0.3191619220200764	-0.0001305655388828
0.3193571016626571	-0.0002144470882482
0.3196495518227596	-0.0003218659751944
0.3199340150386025	-0.0003975127463022
0.3205297593148900	-0.0004410443762913
0.3208262976316854	-0.0004032528115103
0.3210274765189906	-0.0003579797876436
0.3212879219621910	-0.0002805160308805
0.3214975588429405	-0.0002072683163233
0.3217341045960079	-0.0001184736092323
0.3219625367769563	-0.0000319435675336
0.3221952083950758	0.0000506842699088
0.3225415986192819	0.0001532263024685
0.3229815672167747	0.0002309133118028
0.3234190141390375	0.0002398987537535
0.3236399489302815	0.0002201233852950
0.3238473771542613	0.0001893341128526
0.3241125990561929	0.0001373892545697
0.3243020750265983	0.0000951603221698
0.3245458314405194	0.0000398199903598
0.3248088690981046	-0.0000153286583551
0.3250402309067862	-0.0000547060191108
0.3254287117421658	-0.0000908509180814
0.3262275295422518	-0.0000249083372704
0.3264984590072491	0.0000338857954977
0.3267521736437080	0.0000971494197563
0.3269824597199235	0.0001563279556722
0.3272255813573820	0.0002146098418023
0.3274687029948405	0.0002628529260165
0.3277332587038822	0.0002972152249417
0.3281509207904887	0.0003023977931726
0.3284280254270120	0.0002690037132184
0.3287077752399734	0.0002064041408136
0.3289830470486288	0.0001207344134569
0.3292355168395328	0.0000272656170956
0.3294435475440706	-0.0000558818684150
0.3296741459378404	-0.0001484773577136
0.3299047443316102	-0.0002360479377612
0.3301353427253799	-0.0003125936085579
0.3304759706581911	-0.0003949919929251
0.3309521938767115	-0.0004295534561527
0.3312222631061198	-0.0004033129445065
0.3314966860407659	-0.0003447467426940
0.3317599987262532	-0.0002634831735604
0.3319715889817391	-0.0001852947685779
0.3322058773350512	-0.0000909811961217
0.3323774525756195	-0.0000206302396200
0.3325999696582424	0.0000670864546935
0.3328330695887708	0.0001490665601208
0.3330988557251938	0.0002231022172884
0.3334783335966182	0.0002802448959883
0.3340372188846886	0.0002442181821775
0.3342810706115252	0.0001861862369051
0.3345370612623674	0.0001040118592026
0.3347201365812754	0.0000361028128848
0.3349485804618283	-0.0000543142134606
0.3351281552314355	-0.0001256967036669
0.3353108182356893	-0.0001946122404064
0.3355303386676672	-0.0002679237320647
0.3358472952929321	-0.0003459426180905
0.3362121753806381	-0.0003811735528728
0.3365103943273620	-0.0003601597892086
0.3367555505205671	-0.0003092531241371
0.3370182160652341	-0.0002244289540455
0.3372665505445127	-0.0001211218762834
0.3374304186827850	-0.0000441789372352
0.3376521824324240	0.0000660604522296
0.3378491068764432	0.0001652980873633
0.3380370712324356	0.0002563239515620
0.3382513142154333	0.0003506048005635
0.3385417810181764	0.0004536190546505
0.3388382039816158	0.0005192676289253
0.3392594752044664	0.0005306288755190
0.3394704221101245	0.0004989452412534
0.3397371716935297	0.0004257573834040
0.3399896123023701	0.0003276989300140
0.3401928724092663	0.0002333980666469
0.3404164499272938	0.0001195564722860
0.3406051901349206	0.0000198020655094
0.3408193810928525	-0.0000914410972363
0.3410462552664248	-0.0002011598566629
0.3412691873202401	-0.0002949779116569
0.3416047339741123	-0.0003988767927210
0.3424294897232905	-0.0004183768782569
0.3426232799203489	-0.0003758535555368
0.3428654174307828	-0.0003035789972613
0.3430882515194164	-0.0002232797249190
0.3433019516025130	-0.0001392521640176
0.3435246168453290	-0.0000502179972912
0.3437672353244237	0.0000420454590015
0.3439988811702909	0.0001194743186186
0.3443615219862167	0.0002078134519519
0.3447194480218643	0.0002459207903245
0.3451121989652541	0.0002285243987683
0.3453832791438640	0.0001843998497913
0.3456448526828476	0.0001233114550285
0.3458898085285179	0.0000557438165424
0.3460898252246935	-0.0000022639966952
0.3463281653693886	-0.0000694608969830
0.3465789260800071	-0.0001319055149530
0.3468410641139099	-0.0001827818078246
0.3475368502717529	-0.0002173181616608
0.3477577450417159	-0.0001963026668753
0.3480244583618523	-0.0001539917983331
0.3482903459966701	-0.0000980697596825
0.3485401310557079	-0.0000395021916480
0.3487976035254718	0.0000209850565554
0.3490477292178737	0.0000736589051599
0.3494106421927333	0.0001291062279031
0.3500588204604060	0.0001407195408196
0.3503609700489459	0.0001069442354781
0.3506506295060905	0.0000573285873023
0.3508532263538583	0.0000169646866917
0.3511023990690239	-0.0000340801037256
0.3513425332805055	-0.0000787640211164
0.3516506812304182	-0.0001212705344634
0.3519682677055734	-0.0001376715729033
0.3527707114960622	-0.0000182877798291
0.3530614270080205	0.0000782460467973
0.3532624141227274	0.0001559478925129
0.3535043752566394	0.0002561542890359
0.3536847938066601	0.0003312460714862
0.3539094598962128	0.0004203100682822
0.3541403439446787	0.0005009103097481
0.3543706795909448	0.0005640530731141
0.3546847304155822	0.0006131107527484
0.3551597268464310	0.0005892729629496
0.3554790372536972	0.0005030871739953
0.3557377860051272	0.0003954122162979
0.3559856590244982	0.0002663732463878
0.3561897265485813	0.0001462164087931
0.3564117222703559	0.0000069300896254
0.3566164764281838	-0.0001237295177947
0.3568273869211069	-0.0002544783281580
0.3570757658987224	-0.0003962450980584
0.3573397545062616	-0.0005235107399285
0.3575839968000257	-0.0006126305276998
0.3578689980607184	-0.0006756720580152
0.3582599012621902	-0.0006845751371312
0.3584777476278931	-0.0006515368484153
0.3587454412001311	-0.0005778038350134
0.3589874062182661	-0.0004855787072808
0.3591988322399384	-0.0003900596855107
0.3594212285279503	-0.0002808669916364
0.3596436248159621	-0.0001682954925259
0.3598408146765913	-0.0000707886043100
0.3600677731034728	0.0000337670835394
0.3604245740693020	0.0001701861678512
0.3607484791388793	0.0002545107485759
0.3613075248623181	0.0003008667334310
0.3615001233703916	0.0002899882804738
0.3617540686264056	0.0002593141487076
0.3620113657029949	0.0002145301076170
0.3622148260372480	0.0001736837111891
0.3624587138883654	0.0001242106492846
0.3627250334828011	0.0000754638232073
0.3630465699196988	0.0000321714280080
0.3634387466684860	0.0000124737487895
0.3637967729398267	0.0000299331380246
0.3639769218779600	0.0000504031903432
0.3642702797027776	0.0000969793853840
0.3644850576009701	0.0001376206360606
0.3647133186177390	0.0001827779169926
0.3649645564784417	0.0002294902145794
0.3652566984157902	0.0002728906481771
0.3655400171032888	0.0002958984602018
0.3659704687896425	0.0002834560570525
0.3662534169770116	0.0002404375890280
0.3665507734941700	0.0001662723777777
0.3667589902180591	0.0000989633849067
0.3670393420785815	-0.0000070143583458
0.3672068922019813	-0.0000758680732429
0.3674560221656715	-0.0001813000895518
0.3676876246182086	-0.0002778620123143
0.3679536475622004	-0.0003800535050057
0.3682091434691179	-0.0004633855074078
0.3686035359044781	-0.0005525388908136
0.3689684021567294	-0.0005832555200073
0.3694416070712066	-0.0005457792373511
0.3697578607497024	-0.0004771953803194
0.3699712660330541	-0.0004156335923625
0.3702382903278985	-0.0003258910045202
0.3705025974691321	-0.0002290049154107
0.3707244756628549	-0.0001461367210899
0.3709888779524650	-0.0000506724176158
0.3715188922504600	0.0001140938710338
0.3719107085152638	0.0002011990503846
0.3724788267432997	0.0002695164935739
0.3728627049032748	0.0002821674081692
0.3731473403205706	0.0002793159603378
0.3734848296462795	0.0002678599520805
0.3741713056726623	0.0002334650507209
0.3746844974241233	0.0002071399409565
0.3751177417482206	0.0001831303694588
0.3755733749620519	0.0001508176184602
0.3760755072853197	0.0001003574805334
0.3765547330127235	0.0000353468873573
0.3768827040138953	-0.0000153941348415
0.3772226215447184	-0.0000689078963238
0.3776783412016016	-0.0001330381827338
0.3781265187287853	-0.0001746763488404
0.3789439523736174	-0.0001660752005257
0.3791917686413057	-0.0001406544017301
0.3795170697855081	-0.0000945999986571
0.3798376969770659	-0.0000398259873446
0.3801692295530621	0.0000195838488034
0.3804150048532856	0.0000611447843072
0.3808484115465856	0.0001191627193297
0.3815427811209446	0.0001447870808512
0.3819225054479783	0.0001184418617054
0.3822608581426523	0.0000742651603227
0.3825241521279770	0.0000302219432870
0.3828303620540832	-0.0000267821297991
0.3831254543549943	-0.0000816842503159
0.3834703678748559	-0.0001385481865316
0.3838621715114692	-0.0001847837771198
0.3846870638985998	-0.0001954357569773
0.3850081452350255	-0.0001679032241929
0.3853448016391221	-0.0001257905537420
0.3856739446235448	-0.0000775468727279
0.3859597582761720	-0.0000348355744771
0.3863949775026699	0.0000227471601918
0.3871657534753636	0.0000792164612193
0.3875459137987098	0.0000825715257542
0.3879726830940433	0.0000718076976706
0.3883586035934878	0.0000546840836278
0.3887445240929323	0.0000365127752220
0.3894703392150970	0.0000148721529150
0.3899507250005126	0.0000119031479819
0.3903430417907155	0.0000136788146099
0.3908051377984209	0.0000148980583799
0.3918667183051266	0.0000043232579067
0.3922841846160062	0.0000013769559279
0.3926948779823415	0.0000067231194341
0.3933984011539516	0.0000504894558195
0.3938510418121819	0.0001028683765870
0.3941143742068364	0.0001389313267041
0.3944407421992203	0.0001839785461216
0.3946772459736199	0.0002133144267496
0.3949726061736737	0.0002403500529370
0.3952823939352891	0.0002517618140725
0.3955925908455574	0.0002401592057212
0.3958395906319414	0.0002117753792363
0.3962668351772394	0.0001216138401130
0.3965397573478596	0.0000396436705668
0.3968108505135897	-0.0000552258511612
0.3970439372575006	-0.0001425365840794
0.3972569935525678	-0.0002222364967576
0.3974933791137876	-0.0003051098080825
0.3977196181782611	-0.0003729776487248
0.3979485967508830	-0.0004241240258464
0.3982661799697207	-0.0004566926329398
0.3986043015977695	-0.0004308496765928
0.3991821761353277	-0.0002236029897518
0.3994540861079959	-0.0000576100953224
0.3997031631207161	0.0001259383980071
0.3998450204188181	0.0002408691144709
0.4000638503289574	0.0004285667035937
0.4002101485347480	0.0005578443579964
0.4004135732958409	0.0007379277283713
0.4006147881426691	0.0009111864406454
0.4008167187137202	0.0010738080739875
0.4010307689689442	0.0012275559206015
0.4013277327449551	0.0013991376131228
0.4016806962071590	0.0015251077212609
0.4020510406975776	0.0015566663754625
0.4023387093394611	0.0015121532184075
0.4025781545926862	0.0014354688945571
0.4027921646242812	0.0013429335033772
0.4030139881433902	0.0012310319867775
0.4032085891742066	0.0011264798712146
0.4034050078018958	0.0010218870654949
0.4035951488256392	0.0009277633698174
0.4037564451710137	0.0008584070504957
0.4039749117479466	0.0007862209181681
0.4042332557395681	0.0007426205843825
0.4044886826411672	0.0007537978195659
0.4048067924491657	0.0008529128385160
0.4051297349888199	0.0010540081546158
0.4053462222130447	0.0012430769397264
0.4055823565965623	0.0014934831935971
0.4057887004115690	0.0017441334120039
0.4060271809528435	0.0020620778200466
0.4062701821914749	0.0024062421038802
0.4065252200142517	0.0027757372718305
0.4068040437030748	0.0031739567215787
0.4071749116088432	0.0036689672108130
0.4076461515737393	0.0042061483773008
0.4080804336544422	0.0046013767525189
0.4083888161740125	0.0048380486210240
0.4086600532341813	0.0050329887176872
0.4089664225637931	0.0052609035829261
0.4092774541969845	0.0055300004397698
0.4096200479107476	0.0059057688305104
0.4099797659656664	0.0064305126789213
0.4104215757352732	0.0073031822334770
0.4110394790149560	0.0089885573772327
0.4114369904733663	0.0103413679770600
0.4118528579388767	0.0119351768504359
0.4122860754276766	0.0137297227285901
0.4127707727541539	0.0158142635316188
0.4136030009635410	0.0194417826031836
0.4140293857560918	0.0213301747223017
0.4144786515665914	0.0234109176281779
0.4149427234065142	0.0257522813583248
0.4153778712485972	0.0282294101677495
0.4160858895056336	0.0330588265402803
0.4168810463024607	0.0398728540142856
0.4176409447126136	0.0477466958557146
0.4184570876061707	0.0574163883489760
0.4197824495813917	0.0752202470005669
0.4205073619562631	0.0861671185518262
0.4213563212897687	0.1004962858999213
0.4225561129944346	0.1242191778822325
0.4236142190183410	0.1486472312436810
0.4248057001943609	0.1794406648300089
0.4266324082755915	0.2317742655927661
0.4275566146170501	0.2602844449097122
0.4283652253569491	0.2859055188618096
0.4295626541397254	0.3243605568636856
0.4308862395172279	0.3659664116428881
0.4322367826711524	0.4049217684847689
0.4340564495468697	0.4472966702204094
0.4355668549021900	0.4702976253725760
0.4365919988454027	0.4786093369771157
0.4374390093977946	0.4797542255450775
0.4386891838934267	0.4709172808346729
0.4402875017730284	0.4442074048776675
0.4411130753039628	0.4237593004206372
0.4421376852518739	0.3920480147189555
0.4433427642120001	0.3479202858139162
0.4446168656363427	0.2957721807580612
0.4456679375069111	0.2501971707602263
0.4465565296004118	0.2108120719234739
0.4474838609467774	0.1699450005420342
0.4481506389504264	0.1414115729861751
0.4492595114991701	0.0973858426581465
0.4500263862573575	0.0704154826862972
0.4519933141427279	0.0162153940858017
0.4524041588976947	0.0075902554953082
0.4530634918944799	-0.0043033500455648
0.4537076263033505	-0.0135800470359178
0.4543445487678729	-0.0204573253851495
0.4548324804403981	-0.0242128666365948
0.4552632263807482	-0.0264904000399057
0.4557027432627245	-0.0278883113395564
0.4561702645779859	-0.0284565987898040
0.4566088939038614	-0.0282498681433731
0.4570551281187496	-0.0274309191440824
0.4575243472715295	-0.0260409131660617
0.4580301178960617	-0.0240750566652536
0.4585852696787244	-0.0215012241671638
0.4591846933687536	-0.0183673788919042
0.4601513871138456	-0.0127967553731204
0.4606583116090530	-0.0097447164935623
0.4610742470526553	-0.0072453253667847
0.4614803341713627	-0.0048662195507088
0.4617726901209465	-0.0032224745956193
0.4620686307443949	-0.0016433483283883
0.4622920952282311	-0.0005204691816041
0.4625815200427066	0.0008287097555875
0.4628245958120720	0.0018590983049756
0.4631279241641356	0.0030006624851662
0.4635668405257653	0.0043488537634626
0.4641975664778283	0.0056425715180802
0.4646090717484273	0.0060988762038703
0.4650029229060513	0.0062844252771204
0.4653561673332378	0.0062750451901310
0.4657049448828811	0.0061344003627287
0.4660809232485046	0.0058700334257872
0.4664982975079532	0.0054790680128807
0.4669754056602808	0.0049516940584502
0.4676508740860625	0.0041199809118796
0.4684740701469525	0.0030195359191319
0.4692061889645245	0.0019600055497258
0.4697738223475164	0.0010944011911386
0.4699548861380407	0.0008145651349534
0.4702330592920553	0.0003861680891491
0.4705036981694556	-0.0000234115427762
0.4707205105594117	-0.0003419598509293
0.4709765951226368	-0.0007014068640085
0.4711923129601881	-0.0009858367110854
0.4714411526523504	-0.0012884764629309
0.4717308032168361	-0.0015996596213522
0.4721439402834244	-0.0019545219598789
0.4726120125929749	-0.0022147156016102
0.4732227273868920	-0.0023176439390332
0.4736552285487139	-0.0022381484273213
0.4740236672965281	-0.0020851926214192
0.4744207080399809	-0.0018490867751026
0.4747981391812449	-0.0015732788452601
0.4751830712254536	-0.0012580657482068
0.4754885894675732	-0.0009943494594411
0.4756892227372898	-0.0008187323931392
0.4760219502261167	-0.0005290166302845
0.4763977649384957	-0.0002125093501382
0.4768370677717902	0.0001307331615781
0.4773431076472500	0.0004742182207679
0.4777064332362666	0.0006772480326316
0.4780697588252832	0.0008369788260392
0.4785695890672497	0.0009765360146004
0.4791037664197678	0.0010145739831106
0.4795532881621340	0.0009565689819752
0.4798642057740309	0.0008715415561883
0.4801607433851288	0.0007612649227099
0.4805255464468735	0.0005945716899651
0.4807967420693330	0.0004561669761475
0.4810410671858706	0.0003266185020497
0.4812992331319130	0.0001907498814235
0.4815573990779554	0.0000616486107354
0.4818430589495682	-0.0000664287885639
0.4821769868398898	-0.0001880468795975
0.4827031068956940	-0.0003002639619682
0.4832818263718820	-0.0003001050292878
0.4835646771652545	-0.0002565425746830
0.4838567132173737	-0.0001883389002424
0.4841018130870307	-0.0001181373711358
0.4843618725509026	-0.0000366690561522
0.4845997866132812	0.0000390742006360
0.4848544155288525	0.0001154312762645
0.4851190521521610	0.0001836561437273
0.4854880815873606	0.0002507161975708
0.4859449809307221	0.0002751403816514
0.4862513944308940	0.0002518193166119
0.4865524621806414	0.0001995331917906
0.4868265670354218	0.0001300336273074
0.4871117020213915	0.0000414335571907
0.4873464067683067	-0.0000396229867005
0.4876071632035643	-0.0001321935662012
0.4878679196388219	-0.0002219949727875
0.4881914442779081	-0.0003214641639475
0.4884900270066941	-0.0003943822328360
0.4889611060370636	-0.0004599403599010
0.4893052391489592	-0.0004648877353094
0.4896615612661946	-0.0004326345764960
0.4899997190551760	-0.0003718377802521
0.4902718144876368	-0.0003065886034330
0.4905685099712810	-0.0002246496209527
0.4908065938337529	-0.0001550424219876
0.4910997208961406	-0.0000699580245881
0.4914038210571037	0.0000125751221840
0.4920300127341747	0.0001456630081517
0.4926406940519986	0.0002131639600976
0.4930097101548331	0.0002247077997188
0.4934216615223920	0.0002174542637537
0.4937695274129892	0.0001990143558904
0.4940760931037892	0.0001774734939495
0.4945459449974582	0.0001389823952891
0.4952399915320410	0.0000790366455746
0.4956578806410888	0.0000426549972072
0.4963186766039857	-0.0000154994104152
0.4969782903826473	-0.0000715029498492
0.4972620101491124	-0.0000926124325034
0.4976864807438535	-0.0001162494577606
0.4981888493288358	-0.0001270885482122
0.4988367525298988	-0.0001078297385382
0.4994034042726126	-0.0000641380589702
0.4997388050156690	-0.0000320274165660
0.5001093793599047	0.0000023957541756
0.5003796595051081	0.0000230040404341
0.5007559383057654	0.0000414995728535
0.5012937797193290	0.0000394510342786
0.5016247299316960	0.0000202854413765
0.5020980437098480	-0.0000269914524230
0.5025324411456316	-0.0000813680412535
0.5027886757463947	-0.0001132894508173
0.5031779392949686	-0.0001540370535798
0.5036419929198961	-0.0001807501829830
0.5046301093911768	-0.0001279323347462
0.5049706759725855	-0.0000795784202917
0.5052678793650143	-0.0000308818269847
0.5055978027236290	0.0000250061200618
0.5060282672084332	0.0000908551098655
0.5067484120262452	0.0001611735960689
0.5071103951492815	0.0001746407853374
0.5074876857536029	0.0001768399640867
0.5077849713716315	0.0001744271444254
0.5081065881255712	0.0001725577218769
0.5084573544733709	0.0001770372772454
0.5093012881280173	0.0002362944887546
0.5096239712578179	0.0002759184064867
0.5099364695744635	0.0003164585138540
0.5101496486140000	0.0003417601273567
0.5105054946891653	0.0003727088038961
0.5108571212653771	0.0003789015458113
0.5112227163516557	0.0003483753544911
0.5118058240464521	0.0002062730635665
0.5121635897095315	0.0000633675556568
0.5123716059953236	-0.0000354309750790
0.5125772067462996	-0.0001412513723187
0.5128159655819022	-0.0002701427943314
0.5130534011557986	-0.0003989956413293
0.5132457321907362	-0.0004993742308577
0.5135507019218674	-0.0006428826514585
0.5138331478817181	-0.0007488216919690
0.5141109285692739	-0.0008191289550120
0.5145466374984037	-0.0008485949942920
0.5149410920942069	-0.0007840620410888
0.5152122110870815	-0.0006920179716660
0.5154771748312988	-0.0005702855099079
0.5157205516433471	-0.0004367399085025
0.5159102646814283	-0.0003226022294444
0.5161383909512217	-0.0001791765161757
0.5163624399008792	-0.0000373131558681
0.5166202504172045	0.0001198866040475
0.5168810227725270	0.0002642715067950
0.5171505116223114	0.0003909991534032
0.5174454733660824	0.0004968767053559
0.5181916855967265	0.0005975948417193
0.5184747035625534	0.0005798096217101
0.5187460683820945	0.0005422781545688
0.5189359560385569	0.0005077013279367
0.5192144993648521	0.0004504587653091
0.5195065207240992	0.0003894092157525
0.5197306047352824	0.0003464788812102
0.5200843458838408	0.0002914490692972
0.5208105665413925	0.0002380174490106
0.5211082783238586	0.0002323486926754
0.5213843104229484	0.0002272728275388
0.5216629794838231	0.0002164697034915
0.5219624936579095	0.0001917530418462
0.5222100228400151	0.0001568798474471
0.5230948282773095	-0.0000913383569660
0.5233536977765916	-0.0001929026107819
0.5235988231807328	-0.0002922770153226
0.5238211349550692	-0.0003800462755016
0.5240528412657500	-0.0004631031147182
0.5242845475764308	-0.0005317903859037
0.5245224379384035	-0.0005811452598102
0.5247782456564082	-0.0006043015570062
0.5250716611543622	-0.0005870315621343
0.5255178004356986	-0.0004642219065859
0.5257311242139580	-0.0003658593732134
0.5259733222334437	-0.0002274840896203
0.5261941187925971	-0.0000813084294985
0.5264122580988660	0.0000756717673274
0.5266051387152221	0.0002200043163474
0.5268122991567088	0.0003749537294078
0.5270154971373380	0.0005212688150681
0.5272645901202418	0.0006846304499179
0.5275054885126780	0.0008176057465756
0.5277425234887376	0.0009177671136171
0.5281197367048651	0.0010029997704535
0.5283965766080153	0.0010035646876595
0.5286581326899152	0.0009572356829978
0.5289040829443969	0.0008767403527103
0.5290927343901178	0.0007949938646002
0.5292647494584208	0.0007088603601177
0.5294713667195967	0.0005952305958179
0.5296734479153881	0.0004795909815165
0.5298767578556378	0.0003644892380584
0.5300551728935252	0.0002691369461316
0.5302644113298923	0.0001698376343404
0.5305018330019973	0.0000798375396821
0.5307982282221462	0.0000110711376105
0.5311909616449939	0.0000080603682000
0.5314155831438645	0.0000541101302515
0.5317020043322288	0.0001616976839301
0.5319696360410938	0.0003067406312916
0.5322053942616218	0.0004637534476167
0.5324358472602148	0.0006379377823819
0.5326477169169131	0.0008102783636456
0.5328704949444850	0.0009981460616366
0.5331290339741050	0.0012177212878457
0.5333879305855236	0.0014323996443507
0.5338135364828404	0.0017596470703530
0.5344434178058176	0.0021695553714109
0.5348024446304910	0.0023731840727150
0.5351342205405658	0.0025568525028863
0.5354493839365072	0.0027411111522789
0.5358327763640625	0.0029964579178776
0.5363487314108680	0.0034238516569135
0.5372429703122517	0.0044374932041590
0.5377011820975902	0.0050709937484143
0.5381817881896922	0.0057846159857801
0.5388891084207895	0.0068740509840038
0.5394108490466918	0.0076974936841534
0.5398154962921677	0.0083677022953873
0.5402625179418132	0.0091749868829189
0.5407275479785036	0.0101397725376250
0.5411979226735513	0.0112958076154486
0.5418178789038592	0.0131717997487694
0.5427976872777710	0.0170317054330173
0.5435565798231058	0.0207221039196485
0.5448942814956469	0.0284902284236871
0.5455248380145427	0.0327473215082725
0.5463657348981523	0.0391739897556475
0.5474060326971710	0.0485617332795625
0.5496456017464040	0.0748997557886800
0.5504974816164728	0.0875064611851777
0.5529835044022711	0.1340277067231096
0.5564293837170733	0.2197536024612085
0.5576417941811930	0.2554194039840114
0.5588794556706983	0.2929571517811962
0.5606479978010912	0.3453552829244231
0.5630065114145152	0.4098717799867406
0.5645093230757198	0.4421407523783784
0.5655946371721566	0.4584814722753506
0.5675452107480751	0.4724083948629774
0.5687896834802565	0.4682486537855939
0.5695949021079439	0.4595358715621812
0.5722173411495172	0.4021913725714630
0.5734770642333191	0.3602409077523240
0.5742970388083287	0.3289975615087634
0.5753569861056110	0.2853554541044952
0.5766915111243870	0.2273639515677460
0.5780878239177996	0.1662197715782700
0.5791057908753678	0.1232583527681577
0.5803756815445552	0.0740400339866892
0.5810799173593787	0.0496498207255310
0.5817470793544539	0.0288748270190749
0.5823707615743815	0.0117143944713537
0.5830608137109639	-0.0045727131777328
0.5837584389044329	-0.0180777736490057
0.5844865318853957	-0.0290023215752839
0.5852295027048067	-0.0369102830895667
0.5858992957977802	-0.0413756316075667
0.5864879395771491	-0.0433572405288152
0.5870232322289075	-0.0437121908959897
0.5875432324435500	-0.0428692417152968
0.5880674539538004	-0.0409844379189379
0.5885979856440855	-0.0381926042173948
0.5891316840090096	-0.0346798229359931
0.5896644677837707	-0.0306661895777243
0.5903844116904026	-0.0247771757417879
0.5912489179583125	-0.0174881879294570
0.5919741411829952	-0.0115131468548738
0.5925207367634941	-0.0072116738811081
0.5930680681896573	-0.0031419529497811
0.5934187400666888	-0.0006852015717641
0.5937153079015761	0.0012835779005589
0.5939263568451835	0.0026175484678753
0.5942402326327930	0.0044852845951602
0.5945217732935192	0.0060294254551918
0.5949313778995374	0.0080268453767889
0.5953627686899435	0.0097687705601643
0.5958977403274188	0.0113590278861290
0.5970671184264427	0.0124996094435946
0.5975756049272956	0.0120601180577158
0.5979936288294644	0.0113546042273631
0.5983730949954484	0.0105030988048595
0.5987585279932869	0.0094845596043567
0.5992601214981788	0.0080116587964189
0.5998023231332131	0.0063396869205912
0.6002586166828748	0.0049373939171290
0.6007300449603834	0.0035342253927851
0.6013636017782991	0.0017562427692861
0.6019576488657881	0.0002152840699065
0.6025141303631214	-0.0011058486089325
0.6027788942099038	-0.0016858964714691
0.6031084967754539	-0.0023562231891060
0.6034284920950388	-0.0029420939316554
0.6037799428855820	-0.0034986024561072
0.6041901315588114	-0.0040119999581420
0.6046685226380207	-0.0044000871512799
0.6054399159755025	-0.0045068052640834
0.6058508456965124	-0.0043098516564912
0.6062049564814299	-0.0040181170217604
0.6065476244980694	-0.0036487661542011
0.6068490489402397	-0.0032711769473484
0.6071472896009587	-0.0028657945676690
0.6074325450784612	-0.0024634849775326
0.6077528426295022	-0.0020107853699388
0.6080537216232575	-0.0015970778785573
0.6085002730532401	-0.0010239140226329
0.6089072487224920	-0.0005571424446762
0.6093518594986247	-0.0001111556020133
0.6096118431570380	0.0001213855240287
0.6099259512282448	0.0003795776099751
0.6102610701525309	0.0006325425342335
0.6106330303719268	0.0008928168635528
0.6112459605961098	0.0012835352744091
0.6116325464798117	0.0015023805277703
0.6119908262327055	0.0016772935849263
0.6123064305309032	0.0018002385016044
0.6126632616318288	0.0018932426479225
0.6130402621443541	0.0019275557949048
0.6135330227576093	0.0018582467946449
0.6138643812739905	0.0017360102460074
0.6141624084863991	0.0015775584136219
0.6144124879974017	0.0014135195853336
0.6146818597112694	0.0012114679149283
0.6149425945928432	0.0009978303054434
0.6151740510714118	0.0008000323902946
0.6154055075499804	0.0006006532219136
0.6156634806786668	0.0003835248445052
0.6159060391047493	0.0001912634383224
0.6161874868169882	-0.0000103240620816
0.6165787705532871	-0.0002403038312238
0.6169783879139633	-0.0004054491274670
0.6173492720662280	-0.0004951276340398
0.6175632006363847	-0.0005217072710092
0.6178296065599610	-0.0005336300049877
0.6180948227984679	-0.0005276583187359
0.6183124358442134	-0.0005139972110110
0.6185617053785778	-0.0004945886409965
0.6188349100509173	-0.0004747807060882
0.6191339787346779	-0.0004620743636753
0.6194305755994789	-0.0004651031012966
0.6200172564459481	-0.0005298783082367
0.6203345577355132	-0.0005967797803940
0.6206347079022689	-0.0006748439599042
0.6208735750391640	-0.0007423476475145
0.6211205503968528	-0.0008120361009647
0.6213735801199222	-0.0008775088106667
0.6216605848602067	-0.0009376520211211
0.6219277348942147	-0.0009728607706793
0.6222021600313474	-0.0009822828397987
0.6224182456198354	-0.0009680991366890
0.6233280400605904	-0.0006771568336864
0.6236261209706117	-0.0005074475004286
0.6238501504880160	-0.0003620077774212
0.6241083457046562	-0.0001805610440667
0.6243384577034102	-0.0000116941948541
0.6245842501491738	0.0001703069106816
0.6248270707994533	0.0003461529440077
0.6251103360354020	0.0005383698401196
0.6253664726803191	0.0006938141896303
0.6257505938015473	0.0008838034741418
0.6260336339411892	0.0009841917807128
0.6268937676864551	0.0010596377814571
0.6272071538553691	0.0010045448322981
0.6274479186221690	0.0009366042566616
0.6276898922599586	0.0008490402824831
0.6279903557565605	0.0007180354880335
0.6282152438721458	0.0006076846172306
0.6285035992203704	0.0004561525421254
0.6288060542487401	0.0002905829183500
0.6291089679743669	0.0001236239683565
0.6294692511305522	-0.0000685161661785
0.6298628965680130	-0.0002614151715819
0.6302722864898669	-0.0004340026761831
0.6305935536223988	-0.0005445747536283
0.6310004538789447	-0.0006484199727961
0.6314787223542466	-0.0007130066037273
0.6318683414736724	-0.0007173050186303
0.6324807168578532	-0.0006373972427729
0.6330251916655533	-0.0004843971744161
0.6332699171283696	-0.0003950143309514
0.6335915891261791	-0.0002633516789531
0.6338866345075587	-0.0001333882672664
0.6342733139904441	0.0000404149569642
0.6345801389200418	0.0001723235070188
0.6348722071678483	0.0002862818645399
0.6351353994816742	0.0003738020272007
0.6354385468667721	0.0004516532533535
0.6357674190436006	0.0005029022462560
0.6360166164068359	0.0005164056971233
0.6364981170262854	0.0004777573548064
0.6369861117135618	0.0003558369342893
0.6372814697352024	0.0002487071385850
0.6375616439644223	0.0001302764608960
0.6378274715807463	0.0000093067287964
0.6380732098001035	-0.0001051396951587
0.6383286952893972	-0.0002205126742739
0.6386528555370771	-0.0003535825563849
0.6389175337711711	-0.0004439809947094
0.6392356312277184	-0.0005225194113116
0.6395489259674441	-0.0005617459312369
0.6397502595357578	-0.0005653845884766
0.6402585423831476	-0.0004969466779532
0.6405960787677162	-0.0003947674957283
0.6408852763562725	-0.0002775380123575
0.6411061949723610	-0.0001738873703825
0.6413651031627684	-0.0000427778136948
0.6415569308877119	0.0000573850583305
0.6418111833783852	0.0001889550590759
0.6420461179994350	0.0003045188823864
0.6423005773248224	0.0004165548781472
0.6425858327017806	0.0005197472844254
0.6429163529207342	0.0006013296164170
0.6433015691761118	0.0006365891025805
0.6437872230689067	0.0005845926368995
0.6440675988414176	0.0005088140567071
0.6443538569328500	0.0004029277423206
0.6446016952078616	0.0002932884556342
0.6448415776880936	0.0001767466736150
0.6450875839059201	0.0000524602032898
0.6453335901237467	-0.0000708743205979
0.6455560886454996	-0.0001763405478494
0.6458087849444523	-0.0002838919098282
0.6461441138633416	-0.0003978609527914
0.6465025071033452	-0.0004743112258036
0.6472157695059413	-0.0004693568694172
0.6474561500772004	-0.0004231414860004
0.6477396592559068	-0.0003456320222187
0.6479861641017430	-0.0002628956202978
0.6482363420594185	-0.0001698362814843
0.6484883736865180	-0.0000728353457560
0.6487404053136175	0.0000216448420631
0.6490511199537889	0.0001266289486705
0.6492867460764498	0.0001920100751262
0.6495827270599079	0.0002515019294762
0.6501572337805187	0.0002827468073664
0.6503814778576386	0.0002639808927747
0.6507086867802326	0.0002085683428423
0.6509586907348940	0.0001476641751494
0.6511648993573660	0.0000886926443474
0.6514401103562406	0.0000020477899586
0.6516068492738564	-0.0000518102919139
0.6518668233343976	-0.0001336759555816
0.6521398930253887	-0.0002113704224593
0.6524127366333647	-0.0002747796068827
0.6528715832280579	-0.0003360506533607
0.6533402823972354	-0.0003282881557894
0.6536761165272775	-0.0002770099654227
0.6539364428152509	-0.0002135015688021
0.6542385523752761	-0.0001185001796271
0.6545229732398153	-0.0000136843242879
0.6547745181340093	0.0000863652198008
0.6550461094277094	0.0001965641297361
0.6553058496500416	0.0002984648692147
0.6555833914816659	0.0003970686314180
0.6559554020610541	0.0005043841987407
0.6564172006343646	0.0005831362541871
0.6568501662599103	0.0005927265064024
0.6572431028514347	0.0005458290042861
0.6576607267542234	0.0004430383234725
0.6579108681301140	0.0003600000818140
0.6582515023304291	0.0002279046477256
0.6585371763631734	0.0001065794219254
0.6588228503959178	-0.0000180161154115
0.6590999140713879	-0.0001362186237493
0.6593317002793405	-0.0002282179591591
0.6596781004340210	-0.0003478940001407
0.6599775809013902	-0.0004283319910234
0.6603585764753013	-0.0004923497961667
0.6607444009533054	-0.0005081820426035
0.6611861014005155	-0.0004639241433989
0.6614761058331288	-0.0004011953527013
0.6618565287687528	-0.0002840099771138
0.6621484304153302	-0.0001736385814359
0.6624270211465482	-0.0000587809887259
0.6627056118777661	0.0000597188603150
0.6629544868170987	0.0001634783717601
0.6632244894124049	0.0002678991564499
0.6635001188196049	0.0003599398917348
0.6637951726378022	0.0004367365947667
0.6641917269124898	0.0004955384419789
0.6645707229244914	0.0004982482749389
0.6648254772206642	0.0004705908916395
0.6651170270817950	0.0004112807715273
0.6654214908831257	0.0003224204420974
0.6656780447921883	0.0002308593280452
0.6659147942484759	0.0001373491109444
0.6661818027333637	0.0000268206487787
0.6664023112898483	-0.0000640901419813
0.6666190530229408	-0.0001490541817875
0.6668859627219683	-0.0002428753016437
0.6672460197395966	-0.0003428035585311
0.6678804233455149	-0.0004192772715726
0.6683141000046275	-0.0003922009942811
0.6686329391215505	-0.0003356484804915
0.6688727153636865	-0.0002771316639292
0.6691132886275989	-0.0002086768860384
0.6693856102567044	-0.0001246179068257
0.6696357366277480	-0.0000462994768938
0.6699031299554420	0.0000321052360298
0.6702635756461188	0.0001209713141897
0.6706279539742054	0.0001823473759193
0.6714631397800332	0.0001944744308447
0.6717949819353706	0.0001555690399159
0.6720431974760309	0.0001162989218810
0.6723318524753016	0.0000650686176116
0.6726104630180579	0.0000160353658322
0.6729321722938427	-0.0000329614934244
0.6733840602222618	-0.0000762279591872
0.6738043832287156	-0.0000803743363404
0.6740879091892987	-0.0000626110944802
0.6743935486366112	-0.0000274786804917
0.6747038161292739	0.0000208503328677
0.6749924088049671	0.0000708610192802
0.6752753324445318	0.0001190070606251
0.6756059115456490	0.0001659347533767
0.6759284826107052	0.0001943988711883
0.6762568178574193	0.0001998365791104
0.6764529271295632	0.0001902894977049
0.6769296499083041	0.0001257522503334
0.6772330655938873	0.0000575196946045
0.6775451980469404	-0.0000285344041848
0.6777440043185090	-0.0000884663620279
0.6780204608690850	-0.0001733481021356
0.6782625903105206	-0.0002448211083719
0.6785521527391707	-0.0003203892233539
0.6788322245578893	-0.0003777142052865
0.6794892624890235	-0.0004281207490468
0.6799321335403010	-0.0003863647460939
0.6802434737411400	-0.0003229078736131
0.6805612032561299	-0.0002350621399278
0.6808118064788130	-0.0001542547356588
0.6810907684247355	-0.0000580540559322
0.6813697303706580	0.0000390961926178
0.6816404555663821	0.0001285194638989
0.6819405729617698	0.0002150404461872
0.6823196073937317	0.0002981305741950
0.6828117224774856	0.0003524455856073
0.6832552573573685	0.0003469939312880
0.6836316015805505	0.0003064222945238
0.6838983522965366	0.0002619956098186
0.6842279335728464	0.0001943450118377
0.6844853106046384	0.0001357332535826
0.6848020243362802	0.0000624184154449
0.6852431313137838	-0.0000337811448667
0.6856517925734322	-0.0001086798027508
0.6868687726290884	-0.0002125430246112
0.6874192778802570	-0.0002014951730096
0.6879418898725803	-0.0001647594266522
0.6885512001901536	-0.0000967891245449
0.6890696753279226	-0.0000243947847277
0.6893611484542841	0.0000189789604634
0.6898123546488888	0.0000855141542997
0.6901532294861897	0.0001315889304262
0.6904568206209662	0.0001659641149650
0.6908708801004965	0.0001979120081253
0.6913003269761752	0.0002081406934968
0.6917100399417175	0.0001922666920519
0.6919960527936110	0.0001658942873359
0.6924235822403221	0.0001058269913875
0.6928057231588258	0.0000367925923064
0.6930502061160554	-0.0000115808874678
0.6933805773048700	-0.0000767816473833
0.6936893038449069	-0.0001329117613823
0.6940781046187521	-0.0001888871809384
0.6945812012587138	-0.0002260210835739
0.6951494529774823	-0.0002103919055366
0.6954302852353528	-0.0001808275995615
0.6958113496551076	-0.0001223479468843
0.6960481202887742	-0.0000788693576834
0.6963734150526777	-0.0000148531438872
0.6966541670867383	0.0000398947401797
0.6969729115774264	0.0000958073724987
0.6974079006301750	0.0001528226396221
0.6985350105106688	0.0001664007936370
0.6988151743733869	0.0001444283769233
0.6991536590451921	0.0001123861287075
0.6994692156297229	0.0000818298997049
0.6998668458042108	0.0000506012271768
0.7005202632810732	0.0000327760394742
0.7008405471381571	0.0000417597078724
0.7011416900859990	0.0000595268304226
0.7014928871816248	0.0000872169219228
0.7018320604501924	0.0001154861024290
0.7020829140816751	0.0001333403809095
0.7024054488155452	0.0001469508233975
0.7027530847589248	0.0001452890508098
0.7030427106356556	0.0001281160367044
0.7035941302266892	0.0000523493030388
0.7038507269340472	-0.0000002281874301
0.7041445710914919	-0.0000707795610489
0.7044609604858318	-0.0001535668655200
0.7047327185726049	-0.0002258443652356
0.7049715364972596	-0.0002859065071749
0.7052769578112329	-0.0003532232866420
0.7055286818134257	-0.0003969515766937
0.7059889168778846	-0.0004402568236894
0.7063351060008717	-0.0004371597969477
0.7065361496094600	-0.0004212209345688
0.7069282978921272	-0.0003617332425290
0.7072470397825079	-0.0002898740987054
0.7075598835094136	-0.0002052760863247
0.7078710587252132	-0.0001128514243983
0.7081080318524415	-0.0000417721219971
0.7084323199503074	0.0000510845339432
0.7087486359019789	0.0001315458345326
0.7091064639651630	0.0002039061990677
0.7096096902999880	0.0002654231781106
0.7100747828222816	0.0002780760167284
0.7104535949334930	0.0002609530986567
0.7108342623873183	0.0002242741991346
0.7111928519468064	0.0001785376736628
0.7116225580767026	0.0001169742622802
0.7121027730677162	0.0000494857840825
0.7125066218810511	-0.0000004023962927
0.7134043818324790	-0.0000774241769012
0.7138702057876557	-0.0000986085060001
0.7142262020327123	-0.0001069638571301
0.7150097906499208	-0.0001025617864016
0.7153081633037375	-0.0000927590501934
0.7157234710927117	-0.0000711958466360
0.7167273866593202	0.0000143192137239
0.7172241771629533	0.0000665920486682
0.7175589979115287	0.0000998219968208
0.7179552032977227	0.0001325396081605
0.7184043564044605	0.0001559492261437
0.7190801317925097	0.0001542556236135
0.7196208490725295	0.0001204573794490
0.7201875898802574	0.0000624996877888
0.7204302595970558	0.0000347006404767
0.7208060619545451	-0.0000068389928850
0.7212146340514078	-0.0000441472438468
0.7216894420428746	-0.0000694325143316
0.7221962811445911	-0.0000698041831398
0.7226336794822774	-0.0000483131222157
0.7229337489235602	-0.0000247939138061
0.7232454277934712	0.0000041383757352
0.7236050567987334	0.0000379142006227
0.7240552048042429	0.0000736720469164
0.7246297594147266	0.0000943127606979
0.7252867194811503	0.0000705885086576
0.7256248991995633	0.0000388326982052
0.7260341943531434	-0.0000117045815450
0.7262420001179287	-0.0000399768853752
0.7265809446682273	-0.0000855098671944
0.7270146699179375	-0.0001343787904725
0.7273447877948146	-0.0001576297097954
0.7277733565291241	-0.0001615853835097
0.7280678805543349	-0.0001433083162742
0.7289754114391804	0.0000280534523602
0.7292969581211686	0.0001258958549979
0.7296043437088892	0.0002323671658150
0.7299404000542343	0.0003578306574563
0.7302137753398371	0.0004625265301558
0.7305378627046922	0.0005846276734883
0.7308688023950748	0.0007010634094833
0.7312026002270624	0.0008041677817755
0.7314164817648152	0.0008611574681780
0.7319490803506404	0.0009658681285546
0.7323778165614564	0.0010114151100713
0.7326621126466978	0.0010248485627423
0.7330188596627487	0.0010280404259208
0.7333117841436269	0.0010244088396928
0.7336208525112464	0.0010206876939801
0.7338708991072056	0.0010221987530990
0.7341388672676964	0.0010330041227391
0.7344887302941547	0.0010685178743238
0.7348305426490455	0.0011336748408209
0.7352264653345933	0.0012546417303036
0.7357343652599391	0.0014874445785241
0.7360716611945122	0.0016893478631683
0.7364588987605682	0.0019616622673068
0.7368316310375262	0.0022561039016421
0.7372188000428388	0.0025825808847506
0.7375789251532358	0.0028943646297915
0.7380386027970756	0.0032887996232117
0.7392705169654031	0.0042704083022107
0.7396255386251273	0.0045493657449261
0.7400345311305332	0.0048942182170421
0.7404647064465670	0.0053101435616981
0.7409067378567848	0.0058240640451780
0.7416205133362821	0.0069029943120204
0.7425045648865499	0.0087368377296301
0.7431497851808867	0.0104025817218868
0.7439265803841453	0.0126965385920143
0.7449498996902907	0.0160873454561416
0.7456436469406056	0.0186479300934294
0.7462208255115338	0.0210113967402014
0.7468727584464190	0.0240396550730791
0.7478911114317881	0.0297416016711039
0.7488183547885866	0.0360447624653918
0.7513761268277764	0.0586092640898548
0.7522807807565023	0.0688038053956836
0.7539260934229350	0.0915216228702316
0.7554362029491851	0.1171639761276467
0.7578945041514644	0.1675773927917447
0.7588328421188988	0.1896203537324532
0.7622552830549566	0.2805510603846901
0.7633603634737062	0.3115269315654151
0.7649129365958874	0.3535996959307059
0.7660758090455385	0.3834964364377323
0.7672150593536553	0.4094861984749018
0.7681351967641402	0.4269407906588858
0.7704299841731653	0.4573257279921450
0.7739108740001155	0.4467230787038921
0.7758574658221039	0.4073846757949565
0.7771625494243796	0.3687251294190536
0.7790265268324590	0.3004396738376751
0.7797361807879913	0.2713529525521720
0.7814491991025866	0.1979686672334590
0.7825921664171850	0.1488773244225979
0.7836721687710501	0.1040136275127000
0.7846026940415997	0.0675760630916625
0.7851901461184866	0.0460322343088141
0.7858848374052357	0.0224827724138116
0.7863684614193034	0.0075051621619703
0.7869646552193574	-0.0091430243467835
0.7876905168454456	-0.0265363697271499
0.7884963604404073	-0.0419520820381314
0.7894983608716344	-0.0553064204733080
0.7901341020766454	-0.0605531104836470
0.7908619594721948	-0.0636835022431940
0.7917155441587634	-0.0638008773442857
0.7922722137096604	-0.0620419689878261
0.7928196264857189	-0.0590956016874731
0.7936369562915698	-0.0528051746354886
0.7945119899485417	-0.0441335380318298
0.7950523027010109	-0.0380526384414027
0.7955619564037036	-0.0319845510339196
0.7960274837760800	-0.0262804744466535
0.7964644421187647	-0.0208840079792357
0.7970302160115755	-0.0139972307608305
0.7974005152474142	-0.0096353639553597
0.7977790118510149	-0.0053611379759105
0.7983251416472803	0.0003828921384200
0.7985033084963806	0.0021306214296448
0.7988843364854358	0.0056349728546386
0.7993415600992588	0.0093929062869456
0.7999853426483787	0.0138065283839377
0.8011222093326528	0.0190095582207983
0.8024645743673627	0.0209054505160945
0.8032972070478861	0.0198629018543710
0.8038346038373139	0.0183806850490169
0.8043492717032548	0.0164689249241309
0.8047316180746914	0.0148044259069693
0.8052150319144942	0.0124912978925217
0.8055906501710395	0.0106015715184933
0.8059939901323974	0.0085434866221031
0.8064751495507265	0.0061277305316373
0.8069630794127086	0.0037902313975718
0.8077511561457364	0.0003636018355435
0.8080598011283089	-0.0008459452200814
0.8083885454540184	-0.0020506974351323
0.8088980482409963	-0.0037466732715339
0.8096213784177011	-0.0057835843235475
0.8100012931360029	-0.0066600243831523
0.8104698975634533	-0.0075285059800725
0.8109734446617258	-0.0081614373603569
0.8117983883000872	-0.0084357133291683
0.8123135285624125	-0.0081100503910355
0.8127962898912482	-0.0074901889475815
0.8132026746008773	-0.0067732948763256
0.8135729788760794	-0.0060030870903167
0.8139779479028807	-0.0050793428294095
0.8143665405112771	-0.0041566535883096
0.8147144922512356	-0.0033316255568269
0.8150969508113979	-0.0024529333945567
0.8155561018079820	-0.0014631715301600
0.8159598671767312	-0.0006626927966210
0.8164105495951735	0.0001532891654601
0.8167989243869979	0.0007963071892256
0.8172166482750340	0.0014334062486205
0.8176886922362180	0.0020887091477696
0.8180766797283749	0.0025721024791978
0.8184650389470037	0.0029956434487474
0.8188409030480831	0.0033331667841688
0.8193175281515942	0.0036345266350032
0.8197925609356559	0.0037669983142153
0.8206098554132623	0.0035648091419854
0.8210242426731397	0.0032694487858163
0.8213380601107468	0.0029778291884561
0.8216555763958371	0.0026397671627093
0.8219754050262761	0.0022725292501969
0.8222557723066071	0.0019419114750322
0.8226097336223309	0.0015305921508948
0.8229859117736155	0.0011180793795164
0.8241396793278981	0.0001007959802436
0.8244188522616318	-0.0000958235575511
0.8246998530316830	-0.0002837152073122
0.8249762653286061	-0.0004644330401847
0.8253543261537971	-0.0007126418098344
0.8257325114681958	-0.0009686604509820
0.8261263612902078	-0.0012432602772221
0.8264335024752536	-0.0014568750108076
0.8267400679779079	-0.0016612910967363
0.8269908039518276	-0.0018141793021558
0.8272890368224283	-0.0019699897189423
0.8275955741917944	-0.0020898802443827
0.8279549908005621	-0.0021637752390442
0.8284661069060458	-0.0021247563567515
0.8289232879952616	-0.0019410783418568
0.8291951017616638	-0.0017715551406824
0.8294154616807283	-0.0016069575181576
0.8296783764048302	-0.0013859108088238
0.8299278559386721	-0.0011595501715852
0.8301340914472161	-0.0009665123528677
0.8303503346417840	-0.0007645189433100
0.8306438246598420	-0.0004999623093797
0.8309439780762611	-0.0002519427225380
0.8312563859902546	-0.0000279279741115
0.8321503902526812	0.0003868050324597
0.8323122538428251	0.0004295253399588
0.8325796751091755	0.0004848533481538
0.8327708764956406	0.0005161660499758
0.8330169146842052	0.0005516555416946
0.8332691005566923	0.0005878638543129
0.8335979499222295	0.0006429122401661
0.8344396340584390	0.0008692929091507
0.8346569103076072	0.0009476712043760
0.8349186257853456	0.0010474381304573
0.8351513991536701	0.0011361867837456
0.8354012313280763	0.0012252122137909
0.8356437529259203	0.0012986174313726
0.8359041156445430	0.0013552417397390
0.8362049152728143	0.0013832604162134
0.8366926438436733	0.0013228144181234
0.8370185846501741	0.0012022265181052
0.8372615565156725	0.0010716957713661
0.8375026404051434	0.0009116222012803
0.8377323348972833	0.0007353537232148
0.8379596823402367	0.0005442079348768
0.8381662954156135	0.0003611513792473
0.8383798642792450	0.0001690204251668
0.8385934608825113	-0.0000205146797915
0.8387716523037769	-0.0001723792485757
0.8389999578094306	-0.0003531056400848
0.8392349568681946	-0.0005172532836817
0.8396081235997093	-0.0007209037574875
0.8400276607891022	-0.0008543085083161
0.8403308989814335	-0.0008871526869847
0.8405843327078147	-0.0008779590479925
0.8408412116070825	-0.0008399928926242
0.8410772354646007	-0.0007861731367695
0.8413132593221189	-0.0007200578861642
0.8415492831796371	-0.0006476471408083
0.8417799984783545	-0.0005766019217467
0.8420341647056597	-0.0005048864803631
0.8423648261505968	-0.0004288389866510
0.8432400761266740	-0.0003493640355929
0.8435211986318302	-0.0003537386698867
0.8437423887088351	-0.0003609942490968
0.8439999759389063	-0.0003681677940367
0.8442043803631353	-0.0003686879848107
0.8445026460845984	-0.0003546102193549
0.8449004178255012	-0.0002986282109520
0.8452645290022540	-0.0002035080850390
0.8455095137669234	-0.0001162993797516
0.8457792460501034	-0.0000021982121453
0.8460090996680855	0.0001059305031327
0.8462524615691933	0.0002255679376090
0.8464848973124003	0.0003395368494951
0.8467149628457331	0.0004453600298738
0.8469522031642985	0.0005413543750165
0.8472169276283320	0.0006261716185758
0.8475609868511854	0.0006909775193221
0.8483177456443802	0.0006226549033055
0.8485163477692742	0.0005589611502971
0.8487745871827500	0.0004539515143514
0.8489639831681713	0.0003651257867558
0.8491881866097282	0.0002518579204157
0.8494102552643884	0.0001368556549923
0.8496323239190486	0.0000249118066621
0.8498543925737089	-0.0000779736245749
0.8501529859496838	-0.0001929217283559
0.8504471197946024	-0.0002715885650859
0.8508608539231585	-0.0003139376533409
0.8511641907282708	-0.0002932586528056
0.8514239552135049	-0.0002446705500703
0.8516411784890371	-0.0001863602890491
0.8518782203621841	-0.0001099905785371
0.8520829709814776	-0.0000379180738368
0.8523186070107037	0.0000458184905181
0.8525381017325566	0.0001194319203907
0.8528114908809648	0.0001969389686170
0.8531168498683338	0.0002561028484464
0.8535133459955281	0.0002787001491530
0.8538094153588330	0.0002529501895718
0.8540837480576999	0.0001992334072579
0.8543398965520562	0.0001283739613185
0.8545778785527911	0.0000502862755104
0.8547700505980155	-0.0000166832335457
0.8550035166560112	-0.0000973457648642
0.8551872226766302	-0.0001563626543937
0.8554426137705639	-0.0002256275427791
0.8556947815158689	-0.0002732680316593
0.8559807577480741	-0.0002954729367204
0.8564430420850049	-0.0002504836295631
0.8567037947824895	-0.0001812486170289
0.8569694181637404	-0.0000827631859780
0.8571588370220389	0.0000009649734047
0.8573827886809257	0.0001102306289799
0.8576069724160739	0.0002247585270977
0.8578311561512221	0.0003387735832130
0.8580672225679014	0.0004518451185907
0.8582675663363719	0.0005373343800839
0.8585693613516695	0.0006400786511779
0.8589437161509101	0.0007139949783786
0.8592414182552010	0.0007265878757476
0.8594786939332694	0.0007086618162161
0.8596969797461220	0.0006729983575561
0.8599475148399147	0.0006146065935514
0.8601381826191729	0.0005620912986816
0.8603640875386850	0.0004961104638304
0.8605617571413833	0.0004397597117347
0.8607799845437838	0.0003851678200450
0.8610201679610453	0.0003405183837097
0.8612547915789798	0.0003181546707777
0.8617015638279952	0.0003504134857618
0.8622718427035785	0.0005505995118704
0.8624922673020141	0.0006724866924524
0.8627249403333235	0.0008228962525666
0.8629574043589148	0.0009895453871171
0.8631681860972031	0.0011497799997259
0.8633972074223287	0.0013268098936236
0.8636374263590425	0.0015088355753053
0.8639630157933046	0.0017373490019613
0.8643384318036442	0.0019575580342011
0.8649692084701555	0.0021922936723327
0.8652708146890749	0.0022461001755385
0.8655594187090031	0.0022711448618470
0.8658260620253445	0.0022803888256241
0.8661104242147849	0.0022874564676419
0.8663986018409824	0.0023050424861755
0.8666921043020753	0.0023469004951591
0.8670663299573472	0.0024550575400880
0.8674628692163057	0.0026554090061084
0.8681314796682698	0.0032153637086990
0.8684904484772993	0.0036221933622426
0.8688345890531477	0.0040654392102740
0.8692311172765036	0.0046207168367389
0.8697092959781224	0.0053226593759234
0.8711566701965510	0.0074913207568460
0.8716312000460538	0.0082661761211184
0.8721295556654287	0.0091872108361702
0.8727207141616341	0.0104857721709000
0.8739408059315363	0.0140179274287695
0.8746465779834480	0.0165256703394661
0.8756211153927999	0.0203750761923949
0.8763232372983993	0.0234073901407241
0.8770150187228595	0.0267014117732003
0.8775373413686069	0.0294856810746958
0.8784864475297386	0.0354097314309865
0.8794327730330599	0.0425771866309457
0.8802562866443817	0.0497917152493740
0.8827439123628034	0.0765106255582907
0.8837905217508678	0.0905710819268126
0.8865411629342121	0.1377203310369784
0.8880219483004456	0.1687364832700460
0.8890403915611014	0.1921306537381493
0.8900347344429707	0.2159954608535258
0.8916836098153317	0.2578539818508509
0.8926607134396569	0.2840515014654003
0.8937077853266568	0.3121313842360457
0.8961217666801593	0.3734509109477055
0.8974497969945080	0.4031135008874182
0.8991126686526887	0.4326249465346587
0.9014302118888002	0.4541981702185846
0.9030378083307273	0.4523628389422629
0.9060546736359870	0.4086554629118344
0.9067478771066702	0.3907616958659765
0.9080408076138576	0.3508667437122539
0.9096440793753406	0.2923603721374554
0.9108067014603008	0.2449730279141923
0.9117515224905854	0.2047058713489869
0.9136411885656718	0.1237826768925643
0.9145008699881318	0.0884506750681960
0.9150603356297995	0.0665402670189243
0.9160532290310237	0.0305097134801121
0.9164907590403210	0.0160198876299803
0.9170618589988253	-0.0014425256735984
0.9173130157275380	-0.0085778414652912
0.9182848790720286	-0.0329215762129538
0.9196159437346596	-0.0575581002830703
0.9208591508950431	-0.0711487797095123
0.9220353747091138	-0.0755689103769290
0.9227520546583492	-0.0744965940617437
0.9235242289248082	-0.0705634901024694
0.9240958490224723	-0.0660792872054160
0.9250218202949855	-0.0565476519265031
0.9257310233281281	-0.0478073773748101
0.9263688729978182	-0.0392182821045214
0.9269164141199545	-0.0315165994915418
0.9275360914203262	-0.0227089749321858
0.9280991070350950	-0.0148720754359786
0.9285308942370324	-0.0091132198351844
0.9289389819863970	-0.0039626393624484
0.9292610827405716	-0.0001387153025153
0.9294809504718947	0.0023368854619067
0.9298327043017568	0.0060537642264132
0.9313487914454648	0.0185412158749379
0.9331222052779361	0.0260876085119993
0.9337724981730873	0.0268053530347830
0.9353391091825829	0.0234799725443054
0.9357717707322415	0.0214282759168754
0.9361992678458806	0.0190677431341889
0.9367004332465575	0.0160131301091703
0.9371569137502794	0.0131001819078290
0.9376002557152537	0.0102671206427427
0.9380821995409101	0.0072752773982307
0.9386190893952829	0.0041271410977179
0.9393731511488371	0.0000902056276678
0.9401029715196583	-0.0034017454125818
0.9405043229905238	-0.0051502469012009
0.9409723433902998	-0.0070148606023026
0.9414026099359369	-0.0085299682327977
0.9418438564328732	-0.0098361202439022
0.9423127505441394	-0.0108944553011645
0.9428361147529009	-0.0116098332591745
0.9437686753601663	-0.0115859317751237
0.9442059188904386	-0.0110452691876235
0.9446364565039829	-0.0102484819757667
0.9450931721149659	-0.0091851782597789
0.9455104718821812	-0.0080814616709229
0.9459398034465486	-0.0068677375155154
0.9463859778824405	-0.0055677253881507
0.9469167818844484	-0.0040116099756837
0.9477130998060970	-0.0017063777890439
0.9480692865270316	-0.0006975148885011
0.9482752873117318	-0.0001240101195925
0.9485563222253800	0.0006423197326563
0.9487693777511158	0.0012070291885893
0.9490529580308965	0.0019298118213850
0.9493548876499918	0.0026527481616171
0.9496716329954629	0.0033448699489918
0.9500253925416107	0.0040196259020103
0.9504205544552136	0.0046286595023203
0.9513056390548333	0.0053620570908485
0.9517284956523914	0.0054092822973074
0.9520716126986570	0.0053263197478154
0.9524072894510192	0.0051598797962764
0.9528189716682994	0.0048709790605184
0.9532628475581536	0.0044939800229695
0.9538252118855883	0.0039708714001100
0.9543932186974077	0.0034157717992707
0.9546899917767107	0.0031101068154784
0.9550445454865918	0.0027201243301212
0.9554428215753796	0.0022347490336912
0.9558974850198703	0.0016004372446863
0.9562490082053414	0.0010456929554616
0.9564626591825667	0.0006826544177179
0.9566328254044723	0.0003815876246335
0.9568631724739057	-0.0000392709307137
0.9570845747479672	-0.0004530711142422
0.9572944406387766	-0.0008475957505711
0.9574677921270828	-0.0011704724269560
0.9577207166414872	-0.0016287047652421
0.9579664962569061	-0.0020488120549138
0.9582256564284031	-0.0024532577595840
0.9585146466740128	-0.0028433917615888
0.9588811126699255	-0.0032268353353630
0.9600164028035337	-0.0035248812943048
0.9603374036902412	-0.0033890523481979
0.9606568464351641	-0.0031865810564103
0.9609737721607640	-0.0029389915223551
0.9613191343150856	-0.0026392963382713
0.9616848800626264	-0.0023121222767535
0.9622139373413916	-0.0018546474169070
0.9626331781648627	-0.0015172019084124
0.9629036385893877	-0.0013084349225999
0.9632074702383763	-0.0010757640634128
0.9634697144439441	-0.0008704784631265
0.9637488684794315	-0.0006407154939923
0.9640936949719909	-0.0003336789853393
0.9647773238664550	0.0003664026622169
0.9650357407940104	0.0006577497704581
0.9652654800204626	0.0009227408789302
0.9654937527326769	0.0011854557187668
0.9656910974995052	0.0014071929974975
0.9659313796576375	0.0016633776159981
0.9662032628080320	0.0019244640481406
0.9664774503402797	0.0021451093670189
0.9667721162988357	0.0023217171897039
0.9671232301665509	0.0024362857751663
0.9679469778711017	0.0022602182196056
0.9682435703116822	0.0020563600034984
0.9685227464096805	0.0018126432495438
0.9687451205162650	0.0015915032948755
0.9689813721129747	0.0013399582239324
0.9692244937099219	0.0010729487209474
0.9694371517869910	0.0008402533712004
0.9696500134329247	0.0006144560831217
0.9698696448843787	0.0003953700036782
0.9701181103040862	0.0001706616878405
0.9703916083737719	-0.0000425730771987
0.9708363571004511	-0.0003042696402580
0.9711581205283131	-0.0004286236707495
0.9714363391333136	-0.0004977361141285
0.9716725407883682	-0.0005338010297643
0.9719230384842386	-0.0005552746501175
0.9721363334277686	-0.0005646117274075
0.9723813123931890	-0.0005706907448388
0.9726424167717440	-0.0005778233018662
0.9730588187652737	-0.0006025934681972
0.9734884744352749	-0.0006564903915037
0.9738692445623532	-0.0007296358009873
0.9741774622035765	-0.0008011958547874
0.9744110352574421	-0.0008581526564516
0.9746771665323635	-0.0009208885633766
0.9749438264216869	-0.0009755254079490
0.9751601932031048	-0.0010093677532131
0.9754355832102253	-0.0010344975857433
0.9760099958991777	-0.0010043105785021
0.9765809363439591	-0.0008501842281735
0.9769192366043002	-0.0007047879211729
0.9771245639700883	-0.0006005618990709
0.9774085404419386	-0.0004417334672632
0.9776127724564814	-0.0003204103750406
0.9778801936145516	-0.0001574200412787
0.9781509620494978	0.0000067946926233
0.9784255953507472	0.0001663620296152
0.9787725204392248	0.0003496823972465
0.9791052117527683	0.0004995463538790
0.9804373831770244	0.0007884176930267
0.9807268151989206	0.0007901846808638
0.9810754077343036	0.0007719004175658
0.9814792319375198	0.0007291424639095
0.9818838842797543	0.0006713907139288
0.9822873725678331	0.0006051811869184
0.9827563467580863	0.0005240970042175
0.9830079201259535	0.0004795384493671
0.9837011495963559	0.0003519485661925
0.9841694228831077	0.0002590691325618
0.9846760664157894	0.0001480486251358
0.9855818614907035	-0.0000830227712493
0.9860904615107960	-0.0002243612636601
0.9864639355178551	-0.0003262579956142
0.9868309062490482	-0.0004179825272942
0.9871139098255737	-0.0004788739529642
0.9874640822741202	-0.0005364901163942
0.9878081622417274	-0.0005702361937671
0.9890632076889885	-0.0004582538618628
0.9893136468463136	-0.0003947508642726
0.9896517543718238	-0.0002945512307482
0.9898663746099049	-0.0002253156289041
0.9901699849222434	-0.0001249801324815
0.9903974057808943	-0.0000515441324149
0.9907031126236145	0.0000406289682001
0.9910779918845810	0.0001357470790709
0.9915378575569792	0.0002146878322788
0.9920023457621040	0.0002480801361671
0.9923356863923858	0.0002456560076470
0.9925924222374775	0.0002320507989232
0.9928857803801550	0.0002079461564490
0.9931854279299943	0.0001798553523737
0.9935728776623244	0.0001461958329610
0.9939843984280481	0.0001250278208722
0.9944633084152339	0.0001284530474981
0.9947132626116618	0.0001426331747342
0.9950528457951818	0.0001726285310601
0.9953372663850778	0.0002033540863375
0.9955871353735256	0.0002303966134890
0.9958503118360209	0.0002547151286612
0.9961703834097658	0.0002722839442544
0.9964919396833343	0.0002707315787137
0.9968803838234631	0.0002362870579681
0.9972795531824958	0.0001608870561868
0.9976012906832339	0.0000738619562240
0.9978935011701204	-0.0000196677942782
0.9981650943741195	-0.0001130887529390
0.9984100433847587	-0.0001970320520345
0.9986673132799146	-0.0002789966092311
0.9989401608016855	-0.0003527909868519
0.9992179625060024	-0.0004086464175499
0.9997895377384031	-0.0004431339686953
