0.0000000000000000	0.0000000000000000
0.1256847386508172	0.0000010000000000
0.1270247771865567	0.0000100575416407
0.1297411418792527	0.0000546964410766
0.1306404833644880	0.0000882293504944
0.1316170161146115	0.0001444754622231
0.1321861392032813	0.0001902380260519
0.1329777984592110	0.0002743922147126
0.1333242392883311	0.0003211285973020
0.1339601831105250	0.0004266216615319
0.1344813517406440	0.0005359902377721
0.1350589984512625	0.0006864355292926
0.1355726598925987	0.0008527015144396
0.1360101568593016	0.0010232113357081
0.1366516939477877	0.0013312408014972
0.1371329803546015	0.0016162291903454
0.1376560350753626	0.0019883737431938
0.1381631448791743	0.0024221003890889
0.1387349218354414	0.0030137441466696
0.1392602538870837	0.0036705163006435
0.1397467013426809	0.0043926907807390
0.1402894822997406	0.0053500065082787
0.1408282375636999	0.0064842086887150
0.1413230188766612	0.0077139320158815
0.1418974743076330	0.0094036655536820
0.1424455403705906	0.0113195035921970
0.1430182171701114	0.0136884658048988
0.1435997765856304	0.0165366926298524
0.1442176990386041	0.0201291945385368
0.1448753258105038	0.0246913909774332
0.1455964312085129	0.0307131318449798
0.1463145763254661	0.0379379791797000
0.1470470618794319	0.0467635031073621
0.1478012426949479	0.0576214444468608
0.1485958838654688	0.0712731748500691
0.1495179266408284	0.0903524739988043
0.1505357632222792	0.1160165657792410
0.1517790806069230	0.1547531290200805
0.1537306657626137	0.2337282204976420
0.1547643641566929	0.2850440277851723
0.1570529531872597	0.4197769172127840
0.1583607748797592	0.5074752045905135
0.1594328547177127	0.5823426647592401
0.1606524152071239	0.6677138270916451
0.1618261265275056	0.7469354507625853
0.1632050094138741	0.8311592636999398
0.1646280423137913	0.9010459327187754
0.1662828168814194	0.9514472243234148
0.1695330448833550	0.9353342077515516
0.1706590353565494	0.8916105750646831
0.1721298968093017	0.8102086956088888
0.1740062750004766	0.6774501533087557
0.1751206367229939	0.5885036605964861
0.1762238010643174	0.4978259335447104
0.1772272798702864	0.4168857551933179
0.1783717033699020	0.3300258525272182
0.1798337558729724	0.2318139028853655
0.1810307140541677	0.1643640585336067
0.1831524863938237	0.0771258021798017
0.1839986881102453	0.0534704765986805
0.1844672330830447	0.0427872688306131
0.1850532999590032	0.0315487584083868
0.1854330653530486	0.0253897029679768
0.1859427504853564	0.0183686621962715
0.1864250937485685	0.0129309084035429
0.1869603741643635	0.0081396965940006
0.1873157685925468	0.0056201725858763
0.1876469566266440	0.0037028035920158
0.1879154650025726	0.0024305549416977
0.1881470588098574	0.0015176932964044
0.1883436595089951	0.0008653457655922
0.1884978046228840	0.0004261210842305
0.1886312309394531	0.0000926289388254
0.1887877526836624	-0.0002479266578273
0.1889519502300372	-0.0005512508865747
0.1891434268662044	-0.0008423788660377
0.1893088226011627	-0.0010465537408677
0.1895078584482895	-0.0012423646155781
0.1896865163566138	-0.0013792426534352
0.1898823739994984	-0.0014949355767183
0.1901212973467129	-0.0015980978824027
0.1904009365016906	-0.0016803866104612
0.1907032089277062	-0.0017388509855469
0.1912018316672760	-0.0017949884249271
0.1915862446461750	-0.0018135274373848
0.1919560461983907	-0.0018049847004332
0.1923355577988433	-0.0017567309394260
0.1927047291472060	-0.0016578594879305
0.1936199515394831	-0.0011442039708841
0.1938840181357860	-0.0009317489647266
0.1941008408388045	-0.0007433992847412
0.1943015796536356	-0.0005626898087754
0.1945026164140167	-0.0003804061595763
0.1947145200998313	-0.0001923389692061
0.1949259795762332	-0.0000149338549931
0.1951459047752859	0.0001525784756891
0.1954275152956444	0.0003334305466239
0.1957042145027008	0.0004652340599946
0.1965037108509800	0.0005509055388708
0.1967165882839657	0.0005022851113620
0.1969567856499196	0.0004182781657143
0.1971555591722333	0.0003302023054304
0.1973634879894000	0.0002252871111993
0.1975743050573553	0.0001114130457861
0.1977851221253107	-0.0000041846185482
0.1979867927019318	-0.0001107214640245
0.1982039738749778	-0.0002155127051009
0.1984863461843330	-0.0003286809425253
0.1989557696084647	-0.0004390693335037
0.1994194370672325	-0.0004416425083676
0.1996522549686243	-0.0004058481637249
0.1999077831250077	-0.0003438617464411
0.2001456775036669	-0.0002704056863200
0.2003565914430484	-0.0001979860630531
0.2005969998526053	-0.0001132013961121
0.2008274335755280	-0.0000350695127599
0.2011345595699820	0.0000545633389184
0.2015859356701014	0.0001394159282585
0.2019909530330166	0.0001582974930278
0.2022231355648273	0.0001455812654667
0.2025088653617535	0.0001107791200128
0.2027124822718561	0.0000769121711772
0.2029626339272676	0.0000297808348431
0.2032037500271138	-0.0000157025839862
0.2034503140803066	-0.0000560505353762
0.2037636466665590	-0.0000903782107925
0.2041172902958671	-0.0000971825261671
0.2043748012610997	-0.0000771706613535
0.2047016145092479	-0.0000212850532855
0.2049736086598219	0.0000478036326563
0.2052071181440229	0.0001193646006639
0.2054583173157599	0.0002032655223412
0.2056856562049660	0.0002805094725701
0.2059251874415184	0.0003572349287728
0.2061647186780707	0.0004234355596403
0.2064389922173494	0.0004790893062268
0.2068330330885220	0.0005101095459471
0.2071785772631014	0.0004825814622204
0.2074155458849647	0.0004336409935370
0.2076139177728238	0.0003751848182956
0.2079004843236522	0.0002663974693686
0.2081527946893351	0.0001527352238545
0.2083730653308202	0.0000447888880562
0.2086110562166175	-0.0000751192012279
0.2088310593817389	-0.0001838353490469
0.2090979981116593	-0.0003057312753731
0.2093548002645665	-0.0004061581010580
0.2096259280222654	-0.0004885620232371
0.2104344901685369	-0.0005566668679611
0.2107013223814124	-0.0005212082580992
0.2109286702978924	-0.0004722729960290
0.2111628634877664	-0.0004075645352281
0.2114185860151325	-0.0003258667263776
0.2116727722990205	-0.0002386757928468
0.2119776488864554	-0.0001348706623411
0.2122581150425618	-0.0000477451146181
0.2125436591987486	0.0000268440981392
0.2129925561701990	0.0001050307531816
0.2133168876410971	0.0001289452118665
0.2135433520223226	0.0001302038844871
0.2138845640861790	0.0001118856905780
0.2141292649992530	0.0000877909295469
0.2143962363654325	0.0000555389134334
0.2147230797711745	0.0000144972529604
0.2150239455812174	-0.0000185220766588
0.2153373651839202	-0.0000413474467481
0.2166635309336511	0.0000522450615451
0.2169323451808936	0.0001032534681120
0.2172373277238004	0.0001660734876249
0.2175305319842405	0.0002255069267522
0.2178582851017622	0.0002839872861438
0.2181732658973836	0.0003256048912383
0.2185074086352936	0.0003483966233009
0.2188684280255015	0.0003435125246188
0.2193171786783110	0.0002918654818184
0.2196701916833063	0.0002178634493966
0.2199953688180141	0.0001289134874055
0.2203048568614737	0.0000316096021532
0.2205157683088399	-0.0000380566619209
0.2208315778200697	-0.0001418550207432
0.2211076118606120	-0.0002258696880536
0.2214645183249725	-0.0003162558690605
0.2217499926553066	-0.0003669322207113
0.2220751904672721	-0.0003947581052773
0.2223796610463494	-0.0003887752956801
0.2227679242419279	-0.0003348337051852
0.2229572402507242	-0.0002907923547511
0.2232674008497345	-0.0001967292054664
0.2235347638495585	-0.0000984194999680
0.2237958243940201	0.0000067015448732
0.2240363247876406	0.0001064423631264
0.2242824315104642	0.0002052491763917
0.2245652189997986	0.0003077085908336
0.2248133645136517	0.0003808139605233
0.2251813334431152	0.0004494266063862
0.2256104894875579	0.0004550131296223
0.2259040320122896	0.0004082522379147
0.2261910351827490	0.0003238528421359
0.2264429136139345	0.0002219601271355
0.2266972234438946	0.0000975742582474
0.2269354974887682	-0.0000321720534280
0.2271344212691876	-0.0001456675065292
0.2273597173392237	-0.0002743078959964
0.2275688991716661	-0.0003887006986215
0.2277891441622609	-0.0004978653116279
0.2280093891528557	-0.0005897262355426
0.2284354080452854	-0.0007022132263693
0.2287325035624911	-0.0007191515044399
0.2290477581906571	-0.0006769830159924
0.2293061142671914	-0.0005972211575041
0.2295619506194702	-0.0004821648565007
0.2297619520551182	-0.0003712473843680
0.2299699548104693	-0.0002407366594810
0.2301861263893810	-0.0000945400212108
0.2304013046824855	0.0000560888366670
0.2305774887941822	0.0001780988437297
0.2307853658296038	0.0003155105400766
0.2310283195485004	0.0004601240272072
0.2312480622306368	0.0005699289749424
0.2316543395170142	0.0007042222306473
0.2320230354947581	0.0007363956158475
0.2323559315738258	0.0006901073351178
0.2326133259365177	0.0006097776660801
0.2328013712578197	0.0005305322091587
0.2329929454705750	0.0004355851940434
0.2331801778416961	0.0003327857780095
0.2333795694485147	0.0002169401921591
0.2335911744487112	0.0000924036276607
0.2337899381425847	-0.0000207832569101
0.2340499243898321	-0.0001554173504279
0.2343421738457118	-0.0002784081448304
0.2346633765188239	-0.0003681599533796
0.2352126216973473	-0.0003959679965340
0.2355042409955138	-0.0003495917825890
0.2357518456535296	-0.0002839782025401
0.2359564446979199	-0.0002163122586843
0.2361793414558129	-0.0001348207703503
0.2364016543940805	-0.0000509825287882
0.2366204724751815	0.0000275750101203
0.2368676743569585	0.0001047254693559
0.2371079054681996	0.0001619972013762
0.2374440693224699	0.0002036307655621
0.2379475814371338	0.0001702833436173
0.2381846293643448	0.0001164108048892
0.2383799145745214	0.0000567610196284
0.2386180535697508	-0.0000301660547499
0.2388426237476704	-0.0001211144332501
0.2390689819284940	-0.0002154753402871
0.2392521589507930	-0.0002893673249658
0.2394911518770055	-0.0003767608898154
0.2397385000782825	-0.0004502042345036
0.2400970170673359	-0.0005144550543703
0.2404594098317039	-0.0005185779577884
0.2408362391935215	-0.0004558882754313
0.2411108815567566	-0.0003720001522304
0.2413595368681069	-0.0002749165542408
0.2415595291691635	-0.0001867368160655
0.2417861984358844	-0.0000818324931928
0.2420067405547355	0.0000200351757606
0.2422464084189442	0.0001235280674438
0.2424768512005238	0.0002101949662585
0.2429306968977267	0.0003268079632604
0.2437759293097724	0.0003079465835405
0.2440325942203395	0.0002481185933706
0.2442645832296455	0.0001802632844228
0.2444923203097843	0.0001065356718846
0.2447228302296595	0.0000307439007297
0.2449533401495347	-0.0000404229350485
0.2452086868937017	-0.0001069617306843
0.2455502790172088	-0.0001662683994240
0.2460602690755709	-0.0001730328019291
0.2464336643382272	-0.0001140085441724
0.2467160492231854	-0.0000393674999686
0.2469024461966964	0.0000202812396659
0.2471478163501224	0.0001061298712216
0.2473603769033599	0.0001828491353592
0.2475576519073205	0.0002515806774071
0.2477982944272918	0.0003271953512240
0.2480809041884673	0.0003980506469822
0.2484947022108618	0.0004534322764884
0.2491155196036887	0.0004116344615108
0.2494150874547692	0.0003426105928794
0.2496127073845731	0.0002839558116015
0.2498680894682588	0.0001980681668884
0.2500927171053134	0.0001175949791314
0.2503361931547612	0.0000314890184243
0.2505938560977817	-0.0000525122947356
0.2509321395772857	-0.0001429952308066
0.2513443596303520	-0.0002107105796843
0.2517037385078916	-0.0002270374381466
0.2519862051048099	-0.0002138569863209
0.2522723806562078	-0.0001820714585393
0.2525312506634982	-0.0001426121043731
0.2527799560860702	-0.0001006295340810
0.2530423573157650	-0.0000580736726052
0.2533120869426707	-0.0000215191535588
0.2537369149856478	0.0000093196240545
0.2540507796684792	0.0000057233998568
0.2543346572751491	-0.0000173735148497
0.2546270957617423	-0.0000580133547724
0.2548889439507206	-0.0001047757762472
0.2550981288234297	-0.0001453372163779
0.2553371157908212	-0.0001911931086074
0.2555945397603653	-0.0002345849427090
0.2559061292071041	-0.0002713804929170
0.2562221871381206	-0.0002832548003275
0.2566072456101559	-0.0002543552203826
0.2569793949042031	-0.0001793997539349
0.2572402126852740	-0.0001026691465027
0.2574972545743043	-0.0000119404444140
0.2577533428062385	0.0000873101356143
0.2579815773454671	0.0001783309769249
0.2581798760492016	0.0002548720216540
0.2584212168534245	0.0003400781775828
0.2587319423458190	0.0004289800922588
0.2590725756134625	0.0004879851152340
0.2594435041535082	0.0004974892199399
0.2598155528897149	0.0004467798429629
0.2601002392883636	0.0003702904951217
0.2603051397814058	0.0002984470171564
0.2605288882199269	0.0002074983470153
0.2607731573302449	0.0000988107947554
0.2609932262228724	-0.0000027000269655
0.2612307100940812	-0.0001101816067353
0.2615046772639632	-0.0002245992185778
0.2617307026704513	-0.0003055655755519
0.2619989120658362	-0.0003803674125302
0.2624106164043808	-0.0004416484982197
0.2628280735241010	-0.0004327726095305
0.2631104476792899	-0.0003888455939397
0.2633959584224402	-0.0003190027018804
0.2636217251245953	-0.0002503871687361
0.2638790585802864	-0.0001632901716735
0.2641155049382514	-0.0000799526629628
0.2643319389413866	-0.0000059188295011
0.2645936285878652	0.0000755913114061
0.2648663829891258	0.0001459549250564
0.2653449563283950	0.0002194020225230
0.2657635739399354	0.0002233552914457
0.2660655608844086	0.0001925796407158
0.2663659001858631	0.0001389557424937
0.2666418820296523	0.0000748031043378
0.2668911414157454	0.0000100236248978
0.2671575421402942	-0.0000606038109465
0.2673715961348378	-0.0001140791048273
0.2676425731626221	-0.0001731011370070
0.2680083029759346	-0.0002285132242368
0.2685138788268124	-0.0002423398121572
0.2689165883238181	-0.0001954393285627
0.2692559606732933	-0.0001180688826857
0.2695678313935813	-0.0000222148418567
0.2698464812742438	0.0000776898216605
0.2701060636378343	0.0001770046525216
0.2703708108883825	0.0002784589318483
0.2705971847843640	0.0003606238028018
0.2708875344890809	0.0004533309310283
0.2711603200210994	0.0005215640856811
0.2714519413405740	0.0005683363914556
0.2719263545470291	0.0005742427579977
0.2722235362912503	0.0005302065775867
0.2725915834483751	0.0004262748601452
0.2729045843155404	0.0003002931856063
0.2730835991174070	0.0002158096864470
0.2733498365945487	0.0000781242679077
0.2735399998220301	-0.0000255935111469
0.2737850032713824	-0.0001605362383837
0.2740300067207347	-0.0002916906207957
0.2742182301121709	-0.0003855694485780
0.2744612605393138	-0.0004928930654870
0.2747844406398514	-0.0006035505838441
0.2750894880963292	-0.0006663687714335
0.2754696906776578	-0.0006801006541310
0.2758847549760166	-0.0006110127447748
0.2761683028088094	-0.0005175254371605
0.2764363760776624	-0.0004010845817548
0.2766094729160379	-0.0003148460837300
0.2768474652198157	-0.0001870971450559
0.2770462177886386	-0.0000764470620433
0.2772443854836848	0.0000329251967425
0.2774709416925929	0.0001517415683322
0.2777079962541933	0.0002629566616069
0.2779480858712879	0.0003557156220192
0.2782596034067595	0.0004385884868681
0.2786307429576457	0.0004728043599350
0.2790216202988419	0.0004294614187314
0.2792791729642999	0.0003596288303822
0.2795346114160173	0.0002637015590542
0.2797537445674782	0.0001653734755867
0.2799735891237987	0.0000572605219473
0.2801966221406907	-0.0000562349543388
0.2804159981320914	-0.0001653591177796
0.2806353741234920	-0.0002661778022102
0.2809451608365427	-0.0003845948259739
0.2812589744060329	-0.0004644005576259
0.2815961519783538	-0.0004952536698870
0.2820059466229600	-0.0004511753001209
0.2822795650345065	-0.0003750595945482
0.2825288848475707	-0.0002790929400674
0.2827663888892603	-0.0001700432543269
0.2829487520158807	-0.0000789122274942
0.2831709077437342	0.0000355807690219
0.2833753126818692	0.0001392834790452
0.2835959455519179	0.0002439177565566
0.2838774507260685	0.0003580946017281
0.2841337636253946	0.0004359844002363
0.2844320289493597	0.0004887316612816
0.2848307644345882	0.0004899011968468
0.2850713291939927	0.0004534551652105
0.2853146562726241	0.0003922284304011
0.2855491630422584	0.0003147923785459
0.2858105879181550	0.0002142264493700
0.2860342663429318	0.0001230454935224
0.2862455280362135	0.0000379026289469
0.2865022329705231	-0.0000566883796703
0.2867536818263133	-0.0001331988092070
0.2869797619395148	-0.0001830610251381
0.2880315108687563	-0.0001278889927414
0.2882460707982709	-0.0000650444735205
0.2884498849785659	0.0000041595354592
0.2886774763437037	0.0000870498895614
0.2889026077838592	0.0001694328449355
0.2891327881659935	0.0002477799371812
0.2893626709639472	0.0003139089320834
0.2896106780407969	0.0003659243891649
0.2899444491147635	0.0003950693918323
0.2906602261092113	0.0002783827469535
0.2909102185392287	0.0001852013766265
0.2911252431066844	0.0000892625776891
0.2913546739856915	-0.0000234992846666
0.2915579458270652	-0.0001275903430145
0.2918270138157692	-0.0002633960160335
0.2920692588888835	-0.0003753435242768
0.2923118286561054	-0.0004704819368595
0.2925071436459428	-0.0005302943850054
0.2929264224453892	-0.0005966112970099
0.2935052410449940	-0.0005355879129729
0.2937425540024793	-0.0004628161808824
0.2939672036113422	-0.0003732139566441
0.2942066741668568	-0.0002612323103435
0.2943969114685620	-0.0001643385219099
0.2946262606187912	-0.0000437044767757
0.2948491242889134	0.0000718365054696
0.2951275525538080	0.0002056032967459
0.2954182129356434	0.0003226245156277
0.2957516616852848	0.0004178464815983
0.2966025292402400	0.0004339059420046
0.2968887837423474	0.0003708013507012
0.2971591174026919	0.0002875702480721
0.2973445605251869	0.0002212874184949
0.2976036176276023	0.0001209331579540
0.2978577766674960	0.0000195699453260
0.2980655522735223	-0.0000612969250148
0.2984092800172776	-0.0001829753550110
0.2988918399707860	-0.0003118564482091
0.2997935126629679	-0.0003891329900942
0.3000201614649144	-0.0003782613408740
0.3003546524714878	-0.0003460297960707
0.3006957844965381	-0.0002990791149064
0.3010654576669385	-0.0002394494478690
0.3015413475906440	-0.0001592811891971
0.3019917096006134	-0.0000864037801981
0.3030426722892298	0.0000634942091952
0.3036875932175037	0.0001428254803112
0.3042970815488096	0.0002019897954507
0.3046350898734729	0.0002236428233877
0.3050948653724676	0.0002356642149492
0.3057829338181378	0.0002124389946033
0.3061485635177219	0.0001843818441034
0.3065664092901092	0.0001467709332007
0.3069634333878150	0.0001139119907610
0.3074582417227132	0.0000891143161407
0.3085197794101860	0.0001247163628935
0.3088440017655012	0.0001516409790747
0.3091490077568250	0.0001748575337354
0.3093780431832526	0.0001867944823759
0.3098810080498958	0.0001839991974451
0.3103369698781530	0.0001335670063572
0.3106702407665832	0.0000646688886260
0.3108677227380960	0.0000123576656962
0.3111692108540783	-0.0000804827599646
0.3114408671749100	-0.0001718186044437
0.3116577770118558	-0.0002455690510524
0.3119125271471981	-0.0003276743514011
0.3121058177384039	-0.0003827458948328
0.3123625170619104	-0.0004418155653538
0.3126649968371204	-0.0004835872176490
0.3130489482912187	-0.0004828609195518
0.3133848937839226	-0.0004291526101030
0.3136120280592027	-0.0003659774876296
0.3138601705425988	-0.0002750697353261
0.3141195324539195	-0.0001612163620672
0.3142742075309871	-0.0000872266153818
0.3145052154845357	0.0000271972133612
0.3146974974274035	0.0001218747736170
0.3149199269603205	0.0002253261483205
0.3151396309944007	0.0003155684429875
0.3154152335132044	0.0004032531504106
0.3157308536569219	0.0004597104039370
0.3162471917425715	0.0004336099012912
0.3164791701025465	0.0003735652081392
0.3167243999656639	0.0002813378281030
0.3169404978936882	0.0001797924305877
0.3171652754950707	0.0000598960093005
0.3173582972379486	-0.0000500442545786
0.3175675120821476	-0.0001704574513098
0.3177767269263467	-0.0002866217010533
0.3180137704839289	-0.0004059860441272
0.3182323501505198	-0.0004979864639101
0.3184596490305530	-0.0005692749283915
0.3190608074074514	-0.0006102510185599
0.3192791546945608	-0.0005689095309387
0.3195371883972364	-0.0004841234871204
0.3197854739016509	-0.0003711573745756
0.3199616753418243	-0.0002765934357821
0.3201809347584005	-0.0001472094295107
0.3203603475025096	-0.0000365128133728
0.3205665387027563	0.0000907360512071
0.3207727299030030	0.0002123548524698
0.3210281710853624	0.0003471331893923
0.3213250380866511	0.0004701549073005
0.3216652830252355	0.0005533613066032
0.3220336754312795	0.0005646402839488
0.3222989909281491	0.0005225355380945
0.3225011326340534	0.0004650098120356
0.3227352598795417	0.0003756076805041
0.3229440966444333	0.0002801691667739
0.3231496340372282	0.0001771027118297
0.3233628206844628	0.0000664490016239
0.3235760073316974	-0.0000422455673488
0.3237891939789320	-0.0001429809950884
0.3240174402638888	-0.0002354299832580
0.3242589203821031	-0.0003106909551771
0.3253262829969032	-0.0002986360994875
0.3255339241600036	-0.0002367520816958
0.3257156293553256	-0.0001724589504689
0.3259299090728533	-0.0000884845411762
0.3261109729344004	-0.0000147462408011
0.3263314263526850	0.0000736352149197
0.3265859752484766	0.0001669630055762
0.3268395221091506	0.0002431323245073
0.3270971115288419	0.0002973024045403
0.3277822018775635	0.0003030584781716
0.3280249284751035	0.0002575739872499
0.3282229591712642	0.0002054528210331
0.3284211951795366	0.0001427194082545
0.3286599366344150	0.0000580544461005
0.3288935132936223	-0.0000291706921840
0.3291239721751719	-0.0001131258128506
0.3293544310567215	-0.0001891480246064
0.3297540342323386	-0.0002886757846495
0.3302183297420024	-0.0003343822505193
0.3306585069880062	-0.0003015711691357
0.3309518537389510	-0.0002432613313106
0.3312186137122047	-0.0001717949135513
0.3314512091042862	-0.0001000574725825
0.3316980966456490	-0.0000206978569706
0.3319465764457309	0.0000569811933194
0.3322254675371340	0.0001353340841152
0.3325693183258169	0.0002102623411819
0.3332257774122989	0.0002669749249896
0.3334689588412769	0.0002595925299385
0.3336958659273878	0.0002417000960194
0.3339836147118782	0.0002084032740466
0.3342140544395813	0.0001771747984216
0.3344899851697685	0.0001397693978059
0.3347680346510295	0.0001076742574259
0.3352224673079420	0.0000780387557885
0.3359049055383499	0.0000997922664531
0.3362225337800043	0.0001317037718814
0.3364758344777173	0.0001611384465973
0.3367589455164941	0.0001926169577180
0.3370325232242674	0.0002162216054832
0.3373259274482503	0.0002282525879896
0.3380389145852846	0.0001770998049844
0.3383264658008511	0.0001226547339427
0.3385694506540078	0.0000642616136637
0.3388546920768193	-0.0000138346289233
0.3391214631562302	-0.0000905308707943
0.3393607818515120	-0.0001571681639767
0.3396928057045624	-0.0002374738004573
0.3400016582129692	-0.0002909566094946
0.3403993042877247	-0.0003189482500222
0.3408375088765276	-0.0002902481744676
0.3410806432092096	-0.0002486999944301
0.3413400343126900	-0.0001879473488602
0.3416057131038605	-0.0001127628209598
0.3418638432225108	-0.0000330992696899
0.3420812252819819	0.0000343144855826
0.3423946260368474	0.0001240197963480
0.3426461418180960	0.0001833260858617
0.3429301492185960	0.0002303813561714
0.3434959493877286	0.0002473878579317
0.3438204868612849	0.0002093104071748
0.3441301300515923	0.0001450943496802
0.3444050127287570	0.0000715206190997
0.3446461462175778	-0.0000008805913587
0.3449018934411169	-0.0000797307691451
0.3451747259008123	-0.0001599316429131
0.3454584127036643	-0.0002319936955925
0.3457505516460886	-0.0002879465018767
0.3462188898591994	-0.0003287167833032
0.3465621091799693	-0.0003178959329678
0.3468920345662051	-0.0002782250699053
0.3471971784580520	-0.0002219499286144
0.3474185963334516	-0.0001732372724192
0.3476894925268268	-0.0001092823660692
0.3479673568764714	-0.0000442906945239
0.3483337718842563	0.0000315804963430
0.3489909795421373	0.0001179836308575
0.3494428436139951	0.0001352614045992
0.3498009806201350	0.0001298796247426
0.3500818533738131	0.0001191187814553
0.3503960680764132	0.0001060253923146
0.3507240578563010	0.0000970861011249
0.3510821893865447	0.0000978296610204
0.3513196867486574	0.0001062824132721
0.3517830800015533	0.0001414825430862
0.3521384775832324	0.0001812274180358
0.3524635526023264	0.0002207508003231
0.3527073989029045	0.0002483473625815
0.3530116111772363	0.0002751412872751
0.3534523785488729	0.0002896333891341
0.3541196870038163	0.0002353461532375
0.3544611736722889	0.0001696516388331
0.3547801705400825	0.0000890278525257
0.3551009914512444	-0.0000055563695445
0.3553551215919035	-0.0000851141516409
0.3556488133258531	-0.0001767434989474
0.3559979781053808	-0.0002770403578276
0.3563323951326991	-0.0003564912779408
0.3568407661112584	-0.0004334509099745
0.3571975064269097	-0.0004505914894794
0.3575819836635792	-0.0004350150662544
0.3578800227612235	-0.0004009481570976
0.3582376576886783	-0.0003400002640766
0.3584902056757797	-0.0002872117700319
0.3589355724647936	-0.0001823175466938
0.3593454349753202	-0.0000828125262999
0.3597144239527709	0.0000018211972693
0.3602993907774413	0.0001160362868282
0.3606859035933752	0.0001731416741013
0.3613556711609321	0.0002323792268462
0.3627793436970975	0.0001755653782925
0.3630472624965796	0.0001388999730872
0.3634721434105530	0.0000695886417725
0.3637390762225171	0.0000218587511171
0.3640843600343206	-0.0000393418344719
0.3644794873466280	-0.0001014544974037
0.3647756835243248	-0.0001372652715340
0.3651307047805662	-0.0001622825999803
0.3662328139029642	-0.0000830501623610
0.3665666634230969	-0.0000168322949529
0.3668429265249346	0.0000461228527577
0.3670659461679669	0.0000985470857234
0.3673581774276782	0.0001646077758231
0.3676390353924565	0.0002197175037951
0.3680134382063245	0.0002712800471662
0.3684307157779503	0.0002882257184984
0.3687727871587179	0.0002649455086351
0.3690966421212638	0.0002124779079249
0.3694217098817455	0.0001342042262432
0.3697093062711775	0.0000496840388704
0.3699589874870557	-0.0000304079345219
0.3702216867386862	-0.0001149279933459
0.3704558639937305	-0.0001857664506263
0.3707207727417933	-0.0002554926412219
0.3710645927886727	-0.0003210776299198
0.3715431993309390	-0.0003510560970841
0.3719414577052116	-0.0003165862677424
0.3722304749423118	-0.0002603250563342
0.3724716413679025	-0.0001969880001904
0.3727422035466313	-0.0001136764427770
0.3729615090350509	-0.0000408244897843
0.3732110523337194	0.0000420104212461
0.3734806132694418	0.0001254110560056
0.3737251188185128	0.0001901722622324
0.3740843412348920	0.0002564525730675
0.3743412020948303	0.0002785170022589
0.3748437946048539	0.0002539602236607
0.3750287086391103	0.0002234607511856
0.3753298946005429	0.0001527318874566
0.3756022537900872	0.0000720475041096
0.3758437844448266	-0.0000077796379122
0.3760951210077156	-0.0000926041482376
0.3763563442611166	-0.0001768605963620
0.3766132871656714	-0.0002496094671989
0.3769725496151822	-0.0003248572253328
0.3774549821735311	-0.0003629927860855
0.3779089722421385	-0.0003275834870554
0.3782190565188335	-0.0002680959996568
0.3785021491614750	-0.0001955000781142
0.3787270933122607	-0.0001297342257705
0.3789712259597202	-0.0000550988040878
0.3792118012651582	0.0000168350157246
0.3795094982375728	0.0000967337010833
0.3798216450486867	0.0001624413567749
0.3801632469800424	0.0002063268152143
0.3805019768499879	0.0002171574375979
0.3808401353192296	0.0001959134822329
0.3811470755412917	0.0001530341320573
0.3814265134524357	0.0000995766901431
0.3816688101960657	0.0000468778443903
0.3819413842609365	-0.0000139940036579
0.3822370922698373	-0.0000756553393056
0.3825185838377484	-0.0001235984407602
0.3830769181380697	-0.0001708371974388
0.3835383772755661	-0.0001524828176787
0.3838314176765714	-0.0001150047481318
0.3841603901267431	-0.0000541794019473
0.3843957677169734	-0.0000026240893283
0.3846862676546903	0.0000651900558988
0.3849649967645265	0.0001285612671394
0.3852935903028826	0.0001937950823930
0.3856241421852799	0.0002417911020180
0.3860002031456751	0.0002683805245381
0.3863711580901682	0.0002619345612861
0.3867348415344996	0.0002252832823280
0.3870603460446431	0.0001717100116508
0.3873797830236070	0.0001060464990352
0.3875832827358668	0.0000608544447461
0.3878739566699899	-0.0000033507488420
0.3882093097263753	-0.0000707247466560
0.3884807677719584	-0.0001147639248379
0.3891229140258262	-0.0001630483411982
0.3895928614895377	-0.0001418497059453
0.3899433194618329	-0.0000976308018055
0.3902811163875345	-0.0000381971855834
0.3905209677693705	0.0000102956378704
0.3907435440068012	0.0000567708692046
0.3910459657335926	0.0001181781431876
0.3913499750857488	0.0001723911465688
0.3916710851206497	0.0002155068263204
0.3926122959211282	0.0002266607904102
0.3930176194297512	0.0001774406507070
0.3933539639786600	0.0001188759799985
0.3936427693499386	0.0000606949355407
0.3939075955370949	0.0000058449954427
0.3942117204661244	-0.0000536578270939
0.3945175507727501	-0.0001041461174485
0.3948393141766042	-0.0001414846317667
0.3950455707809574	-0.0001554478142919
0.3958156668726304	-0.0001301171169124
0.3961023646066202	-0.0000928553929558
0.3964221659561158	-0.0000397830473862
0.3966886470792230	0.0000094126916282
0.3969804158095495	0.0000626250050258
0.3972181138712401	0.0001011016541742
0.3975944497384366	0.0001446676375631
0.3979971623320269	0.0001586728579423
0.3987435507656554	0.0000778326959873
0.3990814666402260	-0.0000005355463591
0.3993274255919632	-0.0000686958261850
0.3996099217390360	-0.0001532246190539
0.3998780632533867	-0.0002336439917202
0.4001509808003316	-0.0003096295191582
0.4004204047507277	-0.0003727239333358
0.4008211929296051	-0.0004340086443192
0.4011631969915300	-0.0004473453377731
0.4015312114408470	-0.0004178448659326
0.4018482364447743	-0.0003574128010328
0.4020918806014961	-0.0002919724429391
0.4023794624424928	-0.0001988031199116
0.4025796781999889	-0.0001272142578026
0.4028378302978886	-0.0000320265654879
0.4031044193093623	0.0000641809080210
0.4033643040152430	0.0001497250738429
0.4037131352969678	0.0002426123908403
0.4041721306742921	0.0003135136689660
0.4047279316848266	0.0003118951526978
0.4050132274863008	0.0002776358907370
0.4053036493160063	0.0002261369558994
0.4055751248733401	0.0001688267413431
0.4058382200057016	0.0001112038969973
0.4061333367294077	0.0000509696407138
0.4064394105347264	0.0000005719397106
0.4067594075900760	-0.0000328835048187
0.4071638998036323	-0.0000419820721007
0.4074477812395562	-0.0000268180435242
0.4076629321115552	-0.0000056118354586
0.4079472682575663	0.0000311078066978
0.4082135476625336	0.0000692939721210
0.4084796097865639	0.0001049569552472
0.4087456719105942	0.0001323289388145
0.4091015920088643	0.0001469372235557
0.4095630667569057	0.0001165286731992
0.4098280441444659	0.0000718226605161
0.4101041007533435	0.0000062977228634
0.4103497888235974	-0.0000648843911784
0.4106117533934879	-0.0001485287042021
0.4108544370986587	-0.0002274282933311
0.4110969714911865	-0.0003013729716606
0.4113281469502351	-0.0003618458684925
0.4115758871300739	-0.0004100986496773
0.4119402053636002	-0.0004397155043856
0.4125919344111834	-0.0003462917037115
0.4128177384487381	-0.0002708445119304
0.4130319809517350	-0.0001822515285847
0.4132799430601135	-0.0000641401685043
0.4134864687983026	0.0000420866621179
0.4137124322947206	0.0001607737391399
0.4139076659444743	0.0002606657245552
0.4141281131687480	0.0003649405620308
0.4143485603930218	0.0004545189975093
0.4147189161781897	0.0005590999462730
0.4157889691935470	0.0004494159653107
0.4159851673404842	0.0003677113773314
0.4161769156319945	0.0002755574200239
0.4163562474357377	0.0001818592783003
0.4165570060964163	0.0000724259279271
0.4167622653471941	-0.0000393055908080
0.4169747372818033	-0.0001489441784151
0.4172440715225205	-0.0002711268491720
0.4174993115105715	-0.0003615743395944
0.4178652474359440	-0.0004360281332253
0.4181487854407682	-0.0004439734338285
0.4184031894048875	-0.0004143266159378
0.4186638287813955	-0.0003514779227832
0.4189106511592514	-0.0002674534379169
0.4191223011978623	-0.0001818986984865
0.4193439454197157	-0.0000849076357782
0.4195324736069420	-0.0000011401530666
0.4197485419165924	0.0000908319937032
0.4199646102262429	0.0001728438902105
0.4203302965549733	0.0002759735823515
0.4206979406418828	0.0003202184146937
0.4210142144128143	0.0003050349083621
0.4212620478418237	0.0002602157388162
0.4215209016302497	0.0001871593127790
0.4217115618563456	0.0001202704075486
0.4219300108806799	0.0000346028397871
0.4221151365015623	-0.0000410916393711
0.4223336143255360	-0.0001289987037086
0.4225551247293964	-0.0002108187421625
0.4227507836297290	-0.0002723169962278
0.4230188529831018	-0.0003335408627555
0.4233191494625727	-0.0003638883184130
0.4235979696065109	-0.0003520734269337
0.4238648947868572	-0.0003049514762298
0.4241245828980214	-0.0002291747205298
0.4243702316482981	-0.0001361982879331
0.4245409527807096	-0.0000631192403075
0.4247618972178774	0.0000365420705069
0.4249695173785685	0.0001305075839106
0.4251834697021309	0.0002211045439721
0.4254167127491047	0.0003064414033865
0.4256465497621409	0.0003712426522116
0.4261053092395760	0.0004252769677151
0.4265559941530969	0.0003690930314492
0.4268354565443176	0.0002837108874607
0.4270153174362515	0.0002125093949342
0.4272380079675783	0.0001111896409860
0.4274528997852959	0.0000057321969998
0.4276567681193247	-0.0000959230465282
0.4278694806873788	-0.0001973627472513
0.4280821002995064	-0.0002885562449265
0.4283576375344234	-0.0003825907739284
0.4286276143771944	-0.0004399330765613
0.4289718557694785	-0.0004541152159170
0.4293137495788015	-0.0003998689016263
0.4295453534151815	-0.0003272464348897
0.4297338670402852	-0.0002500145288571
0.4299663154936164	-0.0001374161934356
0.4301249523221993	-0.0000529694788525
0.4303379703877473	0.0000651261894502
0.4305148783896133	0.0001630995956036
0.4307398236538443	0.0002815361922775
0.4309524233180581	0.0003814032937793
0.4312262019207564	0.0004838213883844
0.4315284797169119	0.0005531123349263
0.4318056924769448	0.0005704313725978
0.4320604969541975	0.0005460182568315
0.4323166053221434	0.0004846734515544
0.4325557170441320	0.0003986100540587
0.4327887042783166	0.0002934788099236
0.4330061302841671	0.0001828966022223
0.4332190800346779	0.0000685817927086
0.4334469469829620	-0.0000532383340167
0.4336627174575000	-0.0001621345065489
0.4339422435762203	-0.0002848783861598
0.4342409054330009	-0.0003822522508892
0.4350537127035702	-0.0004269584229950
0.4353319597421287	-0.0003709197461023
0.4355184497026126	-0.0003180380076121
0.4357484679032839	-0.0002402289859784
0.4359748730219516	-0.0001561670631426
0.4362018698701728	-0.0000701417467184
0.4364075716967944	0.0000046314390730
0.4366654238855734	0.0000873017144204
0.4369486407435543	0.0001570068552898
0.4372760091271031	0.0002028642453452
0.4375734204377444	0.0002091377680088
0.4378841958831369	0.0001810106790790
0.4381642723900334	0.0001302682419701
0.4384167768348151	0.0000694695720541
0.4386296370406286	0.0000119875787002
0.4388733512881721	-0.0000555023307355
0.4391653407964988	-0.0001314984915373
0.4394261731608946	-0.0001876642606310
0.4397149842669930	-0.0002312322234463
0.4406732713979833	-0.0002035260935520
0.4408731143427768	-0.0001684229265893
0.4411315926155184	-0.0001138348728775
0.4413976509096950	-0.0000527404168631
0.4416695476622383	0.0000091857873163
0.4419503399532983	0.0000661904090759
0.4422455934123798	0.0001128202025399
0.4424698472803498	0.0001368016442406
0.4430084118164963	0.0001494218166177
0.4432399894140148	0.0001370302572408
0.4435718193148990	0.0001056051454610
0.4437379072245777	0.0000862218365369
0.4440278474765811	0.0000505056918196
0.4443527099393372	0.0000135591673780
0.4446991292422338	-0.0000142541186131
0.4456567928883796	0.0000003280658819
0.4459763983716365	0.0000303528041666
0.4462642834865407	0.0000610695865399
0.4465621273320457	0.0000906143210300
0.4469662344023512	0.0001182372837481
0.4481623343886244	0.0000525855220197
0.4484523386579182	0.0000085638631276
0.4487306455861793	-0.0000362827184977
0.4489771987465347	-0.0000736810156127
0.4493156392004714	-0.0001149815628030
0.4496563987448137	-0.0001381265383379
0.4501690179616689	-0.0001292436973935
0.4504904690870087	-0.0000972104585130
0.4507707591150359	-0.0000559706099315
0.4510710503517519	-0.0000037610088702
0.4513018032206415	0.0000380379643903
0.4515481684761328	0.0000799635771101
0.4518303653510396	0.0001194766294133
0.4523330687623998	0.0001543302077539
0.4529167857085143	0.0001242012820694
0.4531046664630460	0.0000996153861916
0.4534040277622817	0.0000496758635897
0.4536462577665427	0.0000037874677622
0.4539090625506101	-0.0000464108466717
0.4541772029660917	-0.0000921657688864
0.4544773057199716	-0.0001301405611925
0.4547792244396279	-0.0001476690719562
0.4554231748790256	-0.0001000834349794
0.4557678653718508	-0.0000299146750305
0.4560480039348848	0.0000430313775746
0.4562764527973620	0.0001083986831422
0.4565200568272356	0.0001787588713031
0.4567751232344801	0.0002473769226049
0.4570346917715378	0.0003060684066386
0.4573043715336666	0.0003494259951977
0.4577199698790453	0.0003719759299697
0.4581031659376377	0.0003418617042231
0.4583884431946846	0.0002906442159282
0.4586501817559459	0.0002274041995780
0.4589083127423859	0.0001556262414973
0.4591030461272982	0.0000994280542025
0.4593450617593116	0.0000322425061801
0.4596281039568662	-0.0000357195730393
0.4598895047590273	-0.0000809610984283
0.4602590309886818	-0.0001070488509553
0.4606802252341092	-0.0000748317644453
0.4610228198013228	-0.0000016432362881
0.4612705613167999	0.0000729256452747
0.4615242416448127	0.0001620467668613
0.4617398867432985	0.0002433851194287
0.4619836985906007	0.0003362190933716
0.4622217987690367	0.0004220667783834
0.4624872926314975	0.0005059014416112
0.4627713528468287	0.0005756197103873
0.4631846077215069	0.0006329871408560
0.4635248022669356	0.0006407613446840
0.4638085891336429	0.0006252600743610
0.4640579527973512	0.0006017030597676
0.4642543427763517	0.0005810095688132
0.4644871750696742	0.0005593972365617
0.4647452770983256	0.0005465168854881
0.4649884506210008	0.0005519970016322
0.4652133857604614	0.0005777112533148
0.4656110556091845	0.0006840423294737
0.4663380016599816	0.0011009264799977
0.4665448324476851	0.0012682796527279
0.4668193791678803	0.0015160154215686
0.4670637551023957	0.0017544435252933
0.4673453448455311	0.0020410577217596
0.4676575162615024	0.0023611293155387
0.4680383639602481	0.0027384242920030
0.4690709593685199	0.0036162991708099
0.4694372103459026	0.0038960246669671
0.4697913645585295	0.0041805401797733
0.4701265881537948	0.0044859651976507
0.4704978355009787	0.0048923134936902
0.4709661281926229	0.0055432360262044
0.4721036918091778	0.0078910792535919
0.4726168813452558	0.0092724842888694
0.4731840820919347	0.0109596770414837
0.4741655520530035	0.0141787161951305
0.4746890615774108	0.0160911948541603
0.4751740923381836	0.0180662504656186
0.4756626645350751	0.0203402369374368
0.4762896848020275	0.0238087522470825
0.4773437658318256	0.0312951805942890
0.4781695518553811	0.0386181149561404
0.4798803199448231	0.0574711590673299
0.4805428969575502	0.0663417183023722
0.4812723065932474	0.0775092725058992
0.4823303601662641	0.0969279972755359
0.4837162652286329	0.1286533485276402
0.4852218204178075	0.1711390393999070
0.4865920375063704	0.2179679156602771
0.4879218802593408	0.2718107903069004
0.4900468470629048	0.3740801291348460
0.4916994315278382	0.4651178907500271
0.4930578127086709	0.5450430332057347
0.4943785751021526	0.6246205857140399
0.4957390410268543	0.7050613161412185
0.4971616628150069	0.7827290911042697
0.4989147807993424	0.8618956265877438
0.5008293586501474	0.9180733810099816
0.5033738909276569	0.9252318429347353
0.5046568382663993	0.8966268117868581
0.5059246417005521	0.8484282303619564
0.5072277619778647	0.7774919546364342
0.5085959118628495	0.6837283481348149
0.5100414736845604	0.5706368210494551
0.5114571193445817	0.4526953691900277
0.5123913780034458	0.3740630338303920
0.5133221540990256	0.2975868825469918
0.5141957256155248	0.2295276729431011
0.5151055910418336	0.1644081307871751
0.5161935777340488	0.0960794271095020
0.5168314535376626	0.0613657150942835
0.5180564223016426	0.0064636796798609
0.5181934143917913	0.0013180394782277
0.5184739030225360	-0.0085895166394066
0.5189257797395251	-0.0227201665825767
0.5192054400785636	-0.0303422428534378
0.5202361580121870	-0.0510139166905903
0.5208407436151541	-0.0579683332332460
0.5213726648846627	-0.0612538546549906
0.5219223383329016	-0.0622229198664087
0.5224554269753514	-0.0611778579715674
0.5230190314173327	-0.0583461123057937
0.5236085935865314	-0.0538842166180968
0.5242707504699322	-0.0474725052894062
0.5249068230293659	-0.0402832026670005
0.5254690102925632	-0.0333613239624172
0.5259770469623319	-0.0268601774543343
0.5265442313127895	-0.0195788070865340
0.5269467246695552	-0.0145590910959935
0.5272906251807548	-0.0104593998847858
0.5277253018205030	-0.0056299816652739
0.5280438706533727	-0.0023983339643970
0.5283442399598590	0.0003807543507157
0.5284869157264451	0.0016038755021454
0.5287769416863211	0.0038930705174561
0.5290261442850724	0.0056460073736927
0.5295117114750341	0.0085033456809130
0.5299917145563290	0.0106380318063927
0.5304935837801512	0.0122072765058311
0.5310000247724170	0.0131862747046901
0.5315872179143842	0.0136554932767323
0.5322779336810949	0.0133849015251479
0.5330221022832132	0.0121851803048831
0.5335906417929779	0.0107006494344763
0.5340474916434967	0.0092173420616393
0.5344485996050837	0.0077618831717773
0.5347867332453280	0.0064686180353191
0.5351088957487087	0.0052180847750729
0.5354289912378721	0.0039915269626147
0.5357261556078990	0.0028923747165342
0.5361049577189768	0.0015810079313397
0.5365436189587429	0.0002284342698717
0.5366843707272120	-0.0001632816228507
0.5372952412160262	-0.0016125349026283
0.5376950638845960	-0.0023496400385448
0.5380772197576552	-0.0029151287663385
0.5384418691697991	-0.0033454014229904
0.5388743083945502	-0.0037385218353650
0.5397687384464086	-0.0042076470696300
0.5402244821320137	-0.0042691252422670
0.5406792036235064	-0.0041934728555832
0.5412082705927528	-0.0039134756195421
0.5417405306168021	-0.0034149083395588
0.5421406617990623	-0.0029075976556446
0.5424407260768523	-0.0024656705490656
0.5427337888273960	-0.0019953449752480
0.5429868447513860	-0.0015687932605274
0.5432375863093492	-0.0011375949910356
0.5434628547254106	-0.0007504461851915
0.5437005478399342	-0.0003496733081023
0.5439209677443906	0.0000085281760838
0.5442016188446519	0.0004370585126701
0.5444646773416559	0.0008034494815337
0.5447935843679430	0.0012042160544213
0.5451839193865531	0.0015874846773018
0.5459751756186079	0.0020408690685052
0.5464327303507978	0.0021132729026071
0.5468402245837951	0.0020734714529180
0.5472575074242441	0.0019426679190653
0.5476579913963646	0.0017423073181022
0.5480237830757134	0.0015052852248067
0.5483604409539078	0.0012504510498365
0.5487178607303111	0.0009522599597885
0.5489857736163153	0.0007179276835296
0.5492134748672253	0.0005163066366711
0.5494699780250355	0.0002922951516372
0.5497124186734286	0.0000888408789818
0.5499675120277605	-0.0001108660234622
0.5502326818052113	-0.0002965847355231
0.5505596821977359	-0.0004872568387412
0.5510840739697441	-0.0006873024441783
0.5515065457106583	-0.0007475896169710
0.5517693719510233	-0.0007428404446947
0.5520322040771813	-0.0007105673358148
0.5522807938603495	-0.0006597474278615
0.5525590067160258	-0.0005871850828090
0.5528006893721230	-0.0005175822674946
0.5530337010629924	-0.0004502900223392
0.5533645759752692	-0.0003647263754681
0.5537349971211926	-0.0002954342488049
0.5541322366079864	-0.0002637932902862
0.5545213006252201	-0.0002771363860742
0.5548175436822739	-0.0003118731384152
0.5550826302241065	-0.0003543116075530
0.5552848457633770	-0.0003896914860026
0.5555539194111226	-0.0004348211418267
0.5558089398766280	-0.0004688494590225
0.5560475503100540	-0.0004875714968431
0.5563260791447320	-0.0004872975858445
0.5566784760038272	-0.0004465061679230
0.5571370006453145	-0.0003208004756529
0.5573846192500854	-0.0002224674750121
0.5576081523701091	-0.0001195689825719
0.5578543034583633	0.0000043058074827
0.5580871529305271	0.0001253021763467
0.5583200024026910	0.0002442724038141
0.5585528518748548	0.0003552164898851
0.5588374394946710	0.0004719868634135
0.5591341474041895	0.0005617587249483
0.5594887543722962	0.0006176298319442
0.5597562391122174	0.0006195911760793
0.5600572858273676	0.0005813419794943
0.5602527568587102	0.0005358752593592
0.5605151629219954	0.0004535803837135
0.5607615865429871	0.0003596476210594
0.5609849575185137	0.0002658227472581
0.5612231841338267	0.0001623078346929
0.5614623803742580	0.0000607708571562
0.5617132154897396	-0.0000370299801131
0.5620071929399723	-0.0001337026065624
0.5626343063030106	-0.0002531143757835
0.5630103331244407	-0.0002647719595308
0.5633271018560435	-0.0002453923665807
0.5636117873814070	-0.0002114490921854
0.5638670003687187	-0.0001729459163630
0.5641795582728522	-0.0001229503430419
0.5644664142713700	-0.0000796046225202
0.5648312790979773	-0.0000348453014896
0.5654680794064587	0.0000074493406742
0.5658440872536021	0.0000157745404076
0.5660850795958197	0.0000184687750151
0.5664195010721199	0.0000235850113258
0.5668219964718608	0.0000387871110568
0.5674245330372368	0.0000851635513589
0.5677665771360739	0.0001190563473338
0.5680615126457494	0.0001459410099684
0.5683431302015867	0.0001638575981719
0.5686496041717731	0.0001680992514822
0.5689576829530217	0.0001496351742921
0.5694985191406626	0.0000507236732860
0.5697128998720067	-0.0000121048338917
0.5700037562140950	-0.0001153022642344
0.5702709700231223	-0.0002226918408938
0.5704521598546904	-0.0002987079324449
0.5706897755431247	-0.0003970721071241
0.5708696346514143	-0.0004667798443328
0.5711060027040699	-0.0005469668081148
0.5713202756780321	-0.0006037863243851
0.5716094474004306	-0.0006483537124940
0.5720256661885074	-0.0006344225466211
0.5723582422489891	-0.0005514678698104
0.5726071854803617	-0.0004492770016583
0.5728490135285257	-0.0003217448979129
0.5730518108234666	-0.0001978394130178
0.5732401243474053	-0.0000732671425663
0.5734285319283887	0.0000562195850595
0.5736106636510544	0.0001815617623265
0.5738143673940223	0.0003166538449434
0.5740180711369901	0.0004406758117283
0.5742786569375398	0.0005747232054251
0.5745695345339348	0.0006804504661538
0.5749294378633492	0.0007338365893767
0.5751516682143890	0.0007208709622731
0.5754074679737478	0.0006633869029888
0.5756415217957112	0.0005746555044853
0.5758366091255114	0.0004784504811671
0.5760077166520251	0.0003811033479033
0.5761841763366806	0.0002716765991871
0.5763615892719499	0.0001565077097895
0.5765561199426945	0.0000292730324011
0.5767534515243258	-0.0000948854625755
0.5769686577186237	-0.0002181433588510
0.5771785153870561	-0.0003204443035159
0.5775224490338304	-0.0004367695445674
0.5780602904266731	-0.0004665932563502
0.5783243912153130	-0.0004133241129244
0.5785119311826776	-0.0003522521756749
0.5787302398797006	-0.0002618794658870
0.5789305893893110	-0.0001659842908212
0.5791346119253125	-0.0000616203883035
0.5793116340084279	0.0000295665677838
0.5794834313968105	0.0001141787154115
0.5796932293519724	0.0002070035370432
0.5799285413541344	0.0002907333252074
0.5802507017838167	0.0003585530744022
0.5806276445438427	0.0003566423669479
0.5808812687449808	0.0003045493960514
0.5811140200535164	0.0002241177302893
0.5812951698443245	0.0001433812004034
0.5815120678699570	0.0000309983711010
0.5816678052430843	-0.0000566134153310
0.5818674639745256	-0.0001722851056721
0.5820621794386082	-0.0002834993461909
0.5822577552944048	-0.0003873483933895
0.5824901331923374	-0.0004931245969618
0.5827688297805976	-0.0005844503351099
0.5830979510937402	-0.0006290230913520
0.5833793488362556	-0.0006064673267404
0.5835860624291676	-0.0005542196775918
0.5838145621794664	-0.0004639771168917
0.5839959050558594	-0.0003712395333781
0.5842138461806101	-0.0002402053416895
0.5843608837474989	-0.0001431272833155
0.5845602986760053	-0.0000051592931470
0.5847361713320262	0.0001179934106235
0.5849415651826149	0.0002573545833472
0.5851405287047599	0.0003820914885704
0.5853787319921874	0.0005101927042670
0.5856410882255265	0.0006153138847950
0.5859726244756934	0.0006843599257459
0.5862593877577518	0.0006828081886490
0.5864810894921962	0.0006442316895726
0.5867105917258946	0.0005741436015402
0.5869069666822240	0.0004942847618746
0.5871045278823943	0.0004003483418649
0.5873049487828566	0.0002971042224310
0.5875079997328685	0.0001901154832288
0.5877081243538491	0.0000883939805491
0.5879377778707249	-0.0000164864572274
0.5881667227555085	-0.0001014141380904
0.5884602709966250	-0.0001728114036099
0.5891255331132237	-0.0001546658132654
0.5893142355742909	-0.0001071781794841
0.5895360952283963	-0.0000335533478297
0.5897270145529415	0.0000405954517802
0.5899316649192128	0.0001257975118679
0.5901118976703600	0.0002007046981997
0.5903185141300575	0.0002807612400600
0.5905259058575871	0.0003494287200412
0.5907936277022073	0.0004119423325776
0.5910956348032156	0.0004362248831089
0.5914427680599507	0.0003952140778538
0.5917535831523881	0.0002964504100603
0.5919871982187730	0.0001888093654738
0.5922017489398483	0.0000703969889204
0.5924064645116006	-0.0000537088457554
0.5926087510318202	-0.0001812947323958
0.5927721225377095	-0.0002830310788038
0.5929676769838883	-0.0003982777742112
0.5931865246168687	-0.0005122411619987
0.5933936481391511	-0.0005995743796412
0.5937386398955022	-0.0006871997534705
0.5944752430356919	-0.0005917143415529
0.5947125458882185	-0.0004844062301934
0.5948809047256067	-0.0003911172950579
0.5950882565579507	-0.0002621137933258
0.5952477656275903	-0.0001561838510965
0.5954128031804230	-0.0000444688086815
0.5955961156827063	0.0000777451849656
0.5957977052479978	0.0002037653523813
0.5960104623934114	0.0003209116553474
0.5962681208214408	0.0004321702911394
0.5965510299024205	0.0005062559114628
0.5971223747183028	0.0004840671708766
0.5973555304959116	0.0004127566829709
0.5975786674247615	0.0003178533501304
0.5977652077321762	0.0002237089939262
0.5979661040408889	0.0001130123303307
0.5981333029571679	0.0000180756798624
0.5983253608358357	-0.0000883762200092
0.5985236296808912	-0.0001896418397647
0.5987442982330586	-0.0002852948479228
0.5990131117310329	-0.0003678035501706
0.5993314568210500	-0.0004055929483969
0.5996405255171192	-0.0003738619802399
0.5999220619463530	-0.0002879707275576
0.6000987707583486	-0.0002096095708350
0.6003072843940137	-0.0000976237431663
0.6005058850602110	0.0000234484505364
0.6006894076292184	0.0001423969750438
0.6008830022555245	0.0002694243217535
0.6010514069325151	0.0003763964657457
0.6012427611998407	0.0004885513283919
0.6014638803208567	0.0005987710537915
0.6016718042330355	0.0006774125827298
0.6019824689909560	0.0007396576401895
0.6023955162000488	0.0007076916065377
0.6026324592250212	0.0006305765934932
0.6028617894398817	0.0005199246677990
0.6030774456203979	0.0003895788904713
0.6032357800072721	0.0002816537222755
0.6034318426170378	0.0001390322667391
0.6036052236740872	0.0000092563375274
0.6037787401525664	-0.0001190325133113
0.6039681055951835	-0.0002518134226889
0.6042088670663270	-0.0004017581903817
0.6044279040666647	-0.0005120225491914
0.6046577696537621	-0.0005944341327148
0.6051325066832935	-0.0006403040866542
0.6053510340564880	-0.0006040209074243
0.6055760364209826	-0.0005323724964959
0.6057635430142329	-0.0004498242297046
0.6059740607131849	-0.0003378847319322
0.6061296560373771	-0.0002458762136540
0.6063245740381277	-0.0001247030566236
0.6065194920388782	-0.0000023761005166
0.6067003555618686	0.0001067237700307
0.6068947006134415	0.0002133905022517
0.6071534083500754	0.0003298615284297
0.6074081162263505	0.0004076202535283
0.6077259552517644	0.0004441085797442
0.6080645007771049	0.0004051696048598
0.6082781612502883	0.0003417067970123
0.6084965260839693	0.0002503552933042
0.6087061155345860	0.0001425292004796
0.6088680123071932	0.0000499270788072
0.6090712908578417	-0.0000730345013607
0.6092336540255758	-0.0001723836800743
0.6094313686064223	-0.0002896829500928
0.6096290831872688	-0.0003973079491644
0.6098856514593946	-0.0005139000087337
0.6101330373434015	-0.0005939151498700
0.6104144492418618	-0.0006388907360342
0.6109345311083655	-0.0005839818503602
0.6111597678825812	-0.0005085503011441
0.6113396150856818	-0.0004300460789675
0.6115294193903649	-0.0003332048801782
0.6117392977889070	-0.0002147980817718
0.6119358642153159	-0.0000982083762882
0.6121426246976238	0.0000240976083501
0.6123499607463875	0.0001408835841048
0.6125787708998809	0.0002558754198633
0.6128588144735462	0.0003680630044822
0.6131823733652197	0.0004481893423979
0.6136038935945132	0.0004639241881716
0.6138961843019909	0.0004182009625942
0.6141517464533086	0.0003465149549028
0.6143848534545432	0.0002615234358556
0.6145617745905858	0.0001887893231543
0.6147795672489247	0.0000947048788659
0.6150291447827532	-0.0000127484478666
0.6152562483651113	-0.0001031092481378
0.6155027297430140	-0.0001868902808091
0.6158593779217767	-0.0002716143288901
0.6162798674387104	-0.0003058365724334
0.6165899128490935	-0.0002858692128767
0.6168276785091471	-0.0002482122511347
0.6170895255547797	-0.0001900392812074
0.6172780599584284	-0.0001409987761970
0.6175212683539200	-0.0000738255313594
0.6177198573612120	-0.0000199860128975
0.6179686211030477	0.0000414898750428
0.6183096688244120	0.0001060615156013
0.6187701683222344	0.0001433953165515
0.6191733153198976	0.0001246356670323
0.6194414928791927	0.0000888509294260
0.6197238049117320	0.0000361456106750
0.6199906569478584	-0.0000214319457082
0.6202476735197823	-0.0000785605924811
0.6205149769582489	-0.0001338958964341
0.6208747755935078	-0.0001927446928018
0.6213156040180640	-0.0002291960324077
0.6217002893587033	-0.0002245071928623
0.6220167402755961	-0.0001973490218516
0.6222571079490372	-0.0001658859114203
0.6225540186963108	-0.0001190422315892
0.6228828937423130	-0.0000629457119447
0.6231907368294425	-0.0000133875503808
0.6235871872780466	0.0000385622883998
0.6239181122922325	0.0000679660067491
0.6243608429282989	0.0000871631031177
0.6246535320347433	0.0000903368727897
0.6250170413342453	0.0000902048714854
0.6253941997251219	0.0000924302327746
0.6259428591521651	0.0001136793008408
0.6264811128748504	0.0001615279812880
0.6268294876555832	0.0002016702339483
0.6270750286655320	0.0002296159118775
0.6273097238655333	0.0002526738235516
0.6275925717065045	0.0002719879302968
0.6281173986149262	0.0002685150936269
0.6287206582333938	0.0001835521107698
0.6290160415472760	0.0001114709410593
0.6292999990452440	0.0000285444791999
0.6295580723473159	-0.0000531413516191
0.6297888884112613	-0.0001262835233446
0.6300325904601949	-0.0001984468491602
0.6303474145353581	-0.0002756870656702
0.6306267632165392	-0.0003217151528352
0.6310165629409641	-0.0003399795669618
0.6314457759863868	-0.0002908285012375
0.6317493145000890	-0.0002141033890975
0.6319925611285500	-0.0001319760371242
0.6322493144808000	-0.0000313479750086
0.6324328295803514	0.0000456670592644
0.6326306189407496	0.0001295850962716
0.6328648866538090	0.0002254761803199
0.6330910170306366	0.0003090713029139
0.6333221632885411	0.0003791652251345
0.6336981681823964	0.0004484042619005
0.6341762987521047	0.0004399736760037
0.6343930123992043	0.0003985200274911
0.6346700456062772	0.0003137834187588
0.6348896045888499	0.0002246708648338
0.6351380357454288	0.0001059346423391
0.6353251095266067	0.0000078385012599
0.6355522097926735	-0.0001156829020801
0.6357793100587402	-0.0002387144030449
0.6359718265061218	-0.0003377751577031
0.6362008125930393	-0.0004435704920824
0.6364802620990577	-0.0005480856054251
0.6368967213581054	-0.0006392916518412
0.6374645164464626	-0.0006205813684343
0.6376826835316577	-0.0005709012513455
0.6379260708484542	-0.0004914971127926
0.6381815617097442	-0.0003866057771450
0.6383767734134952	-0.0002955895877787
0.6386115055429573	-0.0001793164133596
0.6388462376724194	-0.0000609378280589
0.6390761994770011	0.0000512380233738
0.6393181759996901	0.0001595198627352
0.6397143664064220	0.0003030890546073
0.6400500253803945	0.0003826559784038
0.6406593922470134	0.0004191741076024
0.6408837490785428	0.0004004039848102
0.6411801316325711	0.0003548766880275
0.6414581735112509	0.0002963942615271
0.6417252465450339	0.0002322398740802
0.6420656734227222	0.0001473787980963
0.6424067947187063	0.0000682990664836
0.6427757929504264	-0.0000015437837204
0.6433787793884788	-0.0000681897641215
0.6435779920874309	-0.0000777506147258
0.6439745399436817	-0.0000819864293926
0.6442290581193080	-0.0000779003123362
0.6445756727741346	-0.0000685507964881
0.6448683825587327	-0.0000606878075503
0.6454954747236735	-0.0000558645174955
0.6458064842419352	-0.0000605956312024
0.6460997126485459	-0.0000683425601164
0.6465002552305485	-0.0000795593086607
0.6467522100243496	-0.0000840808014313
0.6471581773795400	-0.0000812708361237
0.6476400820838228	-0.0000555435242798
0.6483795228077874	0.0000394052217453
0.6486483443043628	0.0000871383841894
0.6489665417393053	0.0001479840069028
0.6492832833895432	0.0002072592079646
0.6496368196544600	0.0002654596463312
0.6498650521709326	0.0002948554652351
0.6503341465548766	0.0003266315988195
0.6510600049248588	0.0002802456959723
0.6514225053915321	0.0002128822154623
0.6517179412416243	0.0001398435983077
0.6520439857523028	0.0000458635410882
0.6523492776565989	-0.0000490149375529
0.6526373023168129	-0.0001391517026170
0.6529372302670247	-0.0002278829463103
0.6532887366397916	-0.0003177482591124
0.6536591461078777	-0.0003873317044303
0.6541092337317597	-0.0004283135646716
0.6547519959151429	-0.0003969567466624
0.6550410133099851	-0.0003507865809697
0.6553874868232973	-0.0002750348254659
0.6556533140747438	-0.0002056204363896
0.6559596779455404	-0.0001196603678940
0.6561950312822620	-0.0000530870594535
0.6564969386942219	0.0000284864787749
0.6568411614044866	0.0001093069149493
0.6571748543626438	0.0001682173989736
0.6577243957676236	0.0002127746132863
0.6580870039324519	0.0002035078549003
0.6584431904209783	0.0001667955967196
0.6587524021756261	0.0001165968617712
0.6589863039018745	0.0000707656280212
0.6592890194281513	0.0000055242782422
0.6595871227252940	-0.0000596141624947
0.6598880710471736	-0.0001200131896039
0.6603743406157356	-0.0001948519926242
0.6613416839145025	-0.0002204378545603
0.6615887598107015	-0.0002014497977864
0.6619337583221401	-0.0001637134014898
0.6621680846600109	-0.0001338111843785
0.6624792378863945	-0.0000942903540694
0.6627830038975573	-0.0000608016641150
0.6631335929382856	-0.0000345525933948
0.6639004353107311	-0.0000381546800320
0.6642498996509097	-0.0000643803290430
0.6644839753507713	-0.0000860480140770
0.6647532963432136	-0.0001109157559610
0.6650200779776273	-0.0001305122641473
0.6652968210324921	-0.0001399189710555
0.6656705698912813	-0.0001257295750599
0.6667932314359211	0.0001591955681603
0.6670020724503615	0.0002479955088404
0.6672160938424998	0.0003452138871189
0.6674630770986835	0.0004600357079486
0.6676593503873767	0.0005492214933513
0.6678968822360498	0.0006495238820216
0.6681344140847230	0.0007358823411559
0.6683359650353565	0.0007933667609708
0.6686282342712092	0.0008440919300911
0.6689527636028512	0.0008484965170579
0.6692670071054471	0.0007961567623515
0.6695297713859352	0.0007100248390508
0.6697988798859347	0.0005855572275977
0.6700511054464896	0.0004414563171844
0.6702125914360959	0.0003386756259036
0.6704367763224838	0.0001872538249198
0.6706180057844399	0.0000614654534768
0.6707940673577032	-0.0000596008838583
0.6710065516415655	-0.0001995502486279
0.6712447889927537	-0.0003418708025504
0.6714656418013963	-0.0004536644100587
0.6717165193983163	-0.0005504672989967
0.6721393277108216	-0.0006285128362629
0.6725175275523856	-0.0006021326431739
0.6727502235733147	-0.0005433429117735
0.6729934047552881	-0.0004524329666038
0.6731927597225525	-0.0003599918695644
0.6733959541184391	-0.0002539244563571
0.6735985355172480	-0.0001413946490396
0.6738085871426595	-0.0000233019866438
0.6740170115811330	0.0000891374751025
0.6742886363223571	0.0002201717797613
0.6745413107334834	0.0003177602341524
0.6749106556955492	0.0004048396530234
0.6755052231348182	0.0003874693545383
0.6757781538780955	0.0003186250444170
0.6759701446294026	0.0002522669229427
0.6761950452181067	0.0001604835018342
0.6764123362806729	0.0000635948657098
0.6766296273432391	-0.0000356243027928
0.6768073685070051	-0.0001138738217946
0.6770769153945916	-0.0002204217663209
0.6773766054934939	-0.0003109128756970
0.6777218108021568	-0.0003661029364308
0.6781134227045563	-0.0003559796196188
0.6782865505417977	-0.0003272298876344
0.6785482114633773	-0.0002584934432004
0.6787358625625557	-0.0001937470156537
0.6789666074331326	-0.0001014172080302
0.6791667495027166	-0.0000144886048151
0.6793822905118329	0.0000801214583393
0.6796207293535708	0.0001796438485689
0.6798413005215651	0.0002601991016907
0.6800726231082932	0.0003270034058641
0.6805244350108495	0.0003886827797080
0.6810788511561900	0.0003226407159355
0.6812737658712545	0.0002649962940405
0.6815012333509253	0.0001795952130691
0.6817328225015239	0.0000783922087948
0.6819079683714344	-0.0000036908553106
0.6821261778016046	-0.0001076232410583
0.6823366059477647	-0.0002036300635187
0.6825883283887701	-0.0003054844519092
0.6828369784412414	-0.0003848924424906
0.6830973940238991	-0.0004384432382943
0.6834427261316158	-0.0004542471446622
0.6837910055817539	-0.0004042078590906
0.6840324986593019	-0.0003337102531750
0.6842746519503982	-0.0002389367780838
0.6844856969372166	-0.0001417160716610
0.6846994818753885	-0.0000348361447280
0.6848965678994894	0.0000659401921785
0.6851078048636872	0.0001706683160156
0.6853727190134016	0.0002893625662197
0.6856233349700871	0.0003800674650196
0.6858784424508795	0.0004433086017485
0.6863730155967048	0.0004658579934332
0.6867210907673069	0.0004010540632301
0.6869820321151042	0.0003143376315195
0.6871974100561370	0.0002235885171814
0.6874028352149194	0.0001258807956375
0.6876172102369157	0.0000177334780555
0.6878296745810316	-0.0000897277143736
0.6880427914193271	-0.0001915901157561
0.6882896306489797	-0.0002950851466413
0.6885185407819580	-0.0003711406781884
0.6890105820556990	-0.0004490907236071
0.6894164455921223	-0.0004149301054989
0.6896201367528476	-0.0003657551009098
0.6898610154354401	-0.0002842035740442
0.6900889675833317	-0.0001884623371323
0.6902669835948496	-0.0001053392259802
0.6904897806480670	0.0000042058784810
0.6906770179088479	0.0000965378991820
0.6908936404854834	0.0001978426952627
0.6911379293661821	0.0002986623832392
0.6913713513029488	0.0003759169943079
0.6918484426501110	0.0004569341719513
0.6923706125170694	0.0004122488707253
0.6925431649331917	0.0003685397767512
0.6928030983121123	0.0002801163136463
0.6929957512690021	0.0002008975103025
0.6932259908873097	0.0000956579264195
0.6934316162456244	-0.0000030163627465
0.6936571497538090	-0.0001107498648685
0.6938993749916773	-0.0002196266346135
0.6941389162710067	-0.0003148291908837
0.6945130800443279	-0.0004264246455425
0.6950405619587684	-0.0004886603534539
0.6954126263476645	-0.0004640457616800
0.6957099555236205	-0.0004097191363169
0.6958952188046796	-0.0003638069115010
0.6961545802682889	-0.0002889735167552
0.6963811747366513	-0.0002178774624674
0.6966338106743125	-0.0001380274405266
0.6969088870107354	-0.0000567092768358
0.6971917180429353	0.0000154577537473
0.6976461286862568	0.0000964875162215
0.6980014049409615	0.0001263587019083
0.6983325079019626	0.0001298954009133
0.6985903159148390	0.0001197931882593
0.6988632956481344	0.0001008232031851
0.6991685944038631	0.0000747951655016
0.6994738931595919	0.0000492874935714
0.7000325160524129	0.0000186653515805
0.7004540321577359	0.0000148566391325
0.7006614188752794	0.0000184493227606
0.7010377763398186	0.0000307780921215
0.7013782283451532	0.0000430546443611
0.7017186803504878	0.0000504125808502
0.7020799616824551	0.0000463407925585
0.7028497137724973	-0.0000145827406448
0.7032055808519416	-0.0000613643214730
0.7035108229842462	-0.0001040591378873
0.7038158698655489	-0.0001427930043444
0.7040864718486802	-0.0001689122592548
0.7044055257260100	-0.0001835178814417
0.7047566870064863	-0.0001746724657728
0.7049878335070443	-0.0001527509291308
0.7053863104233348	-0.0000850077953173
0.7056787048664687	-0.0000145041309599
0.7059689551867763	0.0000682052986378
0.7062486584873076	0.0001535739647943
0.7064914540121408	0.0002274575134605
0.7068128640862930	0.0003173075798863
0.7071011816836313	0.0003833161063405
0.7073606262450001	0.0004257543571757
0.7079570813703178	0.0004472932177205
0.7082831772624494	0.0004124851568661
0.7085867621034379	0.0003539191950616
0.7088695343783497	0.0002812696597086
0.7091468077087387	0.0001993099709364
0.7094141575880943	0.0001156123364706
0.7097355817430616	0.0000172428938252
0.7100516603005456	-0.0000692134687883
0.7103798125801984	-0.0001408480109686
0.7110095794183970	-0.0002135897312323
0.7112567473536164	-0.0002191215676444
0.7115289115183822	-0.0002128230806663
0.7118437931046918	-0.0001944539937128
0.7120663765015305	-0.0001778090118324
0.7123644233490821	-0.0001554905447771
0.7126845408537966	-0.0001374905394638
0.7130300964419186	-0.0001310513692196
0.7138469841813307	-0.0001860745908947
0.7141878098791212	-0.0002319976704445
0.7144704247616693	-0.0002733912256909
0.7147668011019467	-0.0003139159820101
0.7150023973362628	-0.0003397586978799
0.7153267487476302	-0.0003601758415800
0.7156520147375167	-0.0003580200814994
0.7158586679155223	-0.0003431501792276
0.7163343603170237	-0.0002671743086100
0.7166177510917491	-0.0001969154720124
0.7169160715673594	-0.0001080645670494
0.7171912143032125	-0.0000179513594503
0.7174537139632936	0.0000695376203545
0.7177201670704202	0.0001537889324940
0.7179899101237732	0.0002285541675350
0.7183390479379451	0.0003019372194320
0.7189856408146572	0.0003435420855922
0.7193677287462761	0.0003059171393309
0.7196689450638103	0.0002477562573969
0.7199391983097957	0.0001791527778237
0.7201714081418860	0.0001122740161793
0.7204297686701537	0.0000341473057470
0.7206919570498800	-0.0000432573189681
0.7209541454296062	-0.0001130167725660
0.7213041172571450	-0.0001852044489717
0.7216507539721811	-0.0002250427869737
0.7225386660261122	-0.0001600203206862
0.7228026609125928	-0.0000995087424057
0.7230637133217537	-0.0000273453578848
0.7233088588331984	0.0000469864849817
0.7235645105063810	0.0001261914710806
0.7238358307242148	0.0002060036342537
0.7241091334638664	0.0002766085023092
0.7244880340074354	0.0003483319687593
0.7249547446642479	0.0003824815452626
0.7252254697776781	0.0003721971223420
0.7254916256647547	0.0003409907648687
0.7258342610731084	0.0002738944213499
0.7260508906064659	0.0002192770107035
0.7263378887694546	0.0001366702770581
0.7265773103773076	0.0000635620897680
0.7268522758246786	-0.0000197259258263
0.7271610533270236	-0.0001058594963224
0.7274477516895317	-0.0001726440464172
0.7280338498223251	-0.0002510106059000
0.7285948728795388	-0.0002402425229779
0.7288480589642826	-0.0002090554902973
0.7290937213398478	-0.0001657087893572
0.7294087266402107	-0.0000958162530788
0.7296873114784216	-0.0000250675553269
0.7299784552588565	0.0000512093584361
0.7302727813817740	0.0001252574174277
0.7305753485658621	0.0001926866294537
0.7309354447144183	0.0002546437042170
0.7317041611326693	0.0002983336029499
0.7320146246428715	0.0002797239904448
0.7324092349488965	0.0002301296330107
0.7326884946654237	0.0001814468637982
0.7330249606410051	0.0001131955513219
0.7333352794257757	0.0000459019363363
0.7336058211367166	-0.0000112656043352
0.7339360248236965	-0.0000745188736592
0.7344726037999446	-0.0001533554806811
0.7355679299776732	-0.0001932354352822
0.7359044367619534	-0.0001769868919646
0.7363702484987513	-0.0001420080335111
0.7367405409897186	-0.0001104706816738
0.7373622160044954	-0.0000639018076738
0.7379917533471952	-0.0000384366160937
0.7383960896492132	-0.0000355248576309
0.7387731426126695	-0.0000414289680600
0.7394976380778756	-0.0000665817780630
0.7400480676278581	-0.0000862030991781
0.7407157617985034	-0.0000968495172021
0.7415408593959983	-0.0000809951983349
0.7423708594429942	-0.0000375954821703
0.7431435228767644	0.0000154566871188
0.7442385521733368	0.0000904045254601
0.7453641344443183	0.0001483422908035
0.7462115609898258	0.0001645257280434
0.7472299158344080	0.0001291408891976
0.7475065767656395	0.0001078889602221
0.7482948761747070	0.0000250324650469
0.7486311241094271	-0.0000154833894349
0.7489464343880763	-0.0000522723143293
0.7492001906163250	-0.0000789101319991
0.7498244386023500	-0.0001265553904884
0.7503866809900954	-0.0001379794351646
0.7510570681796033	-0.0001086085214969
0.7515014913149588	-0.0000672769268097
0.7518670091604450	-0.0000252496542310
0.7521955722015621	0.0000138939422697
0.7525704919427449	0.0000546954485686
0.7530801201169830	0.0000950708767628
0.7536815891016826	0.0001082946351207
0.7539623551832402	0.0000998741853694
0.7544915817485124	0.0000606573856252
0.7548241881863701	0.0000234770877345
0.7552337900195196	-0.0000308076237626
0.7554902975359153	-0.0000661768515621
0.7559459462958753	-0.0001265028823792
0.7564327000270505	-0.0001791413013187
0.7568291198950731	-0.0002079434365507
0.7581512515644178	-0.0001954321836222
0.7585273456081267	-0.0001657411632698
0.7589509683382677	-0.0001244389872634
0.7599323122415099	-0.0000196836647837
0.7605029286061343	0.0000347710474953
0.7613426479404495	0.0000927572989897
0.7626999547699423	0.0001225985115305
0.7633549766391096	0.0001175074553014
0.7643039234780926	0.0001072510884839
0.7648437834999845	0.0001060900124866
0.7652411675953478	0.0001089398602656
0.7656324887621960	0.0001133708193783
0.7664001876159091	0.0001185694862643
0.7670510216656166	0.0001067304525835
0.7674327075687840	0.0000887961806703
0.7681136827579447	0.0000339227459652
0.7684134693174977	0.0000036382033874
0.7687746411568094	-0.0000342846966160
0.7692705508310556	-0.0000810417925771
0.7695973722421786	-0.0001031675504843
0.7702791293260561	-0.0001113324747993
0.7709774993787037	-0.0000548644024730
0.7712190016145276	-0.0000219645808226
0.7715687660289700	0.0000338969309461
0.7718737726116799	0.0000863274790177
0.7723194748736606	0.0001587931347549
0.7727958417111691	0.0002150152675263
0.7731464276205646	0.0002326043507878
0.7735264230795973	0.0002232866780145
0.7740066810012177	0.0001670968232741
0.7743337665075686	0.0001034318183961
0.7746695590762979	0.0000218915868059
0.7749693475047366	-0.0000593720490816
0.7753446747189776	-0.0001628403509738
0.7755826190506913	-0.0002242594765129
0.7758876425612193	-0.0002929984371389
0.7763157065166263	-0.0003612610108363
0.7771410264117499	-0.0003723916699618
0.7774745318374290	-0.0003330489477493
0.7777796487868875	-0.0002801434355841
0.7781850641930019	-0.0001934381742111
0.7785632806414696	-0.0001070310516236
0.7789303807152942	-0.0000290171113958
0.7793253506007792	0.0000392191775305
0.7798921562253011	0.0000967559131178
0.7802630662587774	0.0001077831393164
0.7806391444545598	0.0001020965014515
0.7809822818784384	0.0000879047125311
0.7812254475121971	0.0000765637417644
0.7817072100811930	0.0000604864727105
0.7820852224710659	0.0000618942140100
0.7830797698972494	0.0001449816378973
0.7833715192477242	0.0001858599798299
0.7836116950516331	0.0002207690301179
0.7839290009179065	0.0002645900567744
0.7842510487164638	0.0003005267459535
0.7845996633279262	0.0003234359011372
0.7850795947716710	0.0003182476312300
0.7855607131005844	0.0002665139562650
0.7858544963878739	0.0002142025414232
0.7861809587106575	0.0001417034489327
0.7864976996002823	0.0000631476942316
0.7867215436066217	0.0000064211228526
0.7871123858128760	-0.0000877194769951
0.7874602109050164	-0.0001568873922950
0.7878135982040773	-0.0002052400296914
0.7891305821270295	-0.0001425015448605
0.7894688800213715	-0.0000723831434460
0.7897944042026949	0.0000061891742253
0.7901163227345710	0.0000888374381886
0.7904454353426472	0.0001724045573127
0.7909877435412931	0.0002956610443269
0.7915647125891512	0.0003937886512971
0.7918768007069508	0.0004321542000853
0.7923238969429715	0.0004734627139973
0.7925728714509863	0.0004920597483527
0.7929458383439163	0.0005191708159648
0.7933188052368463	0.0005502077680719
0.7940799218799566	0.0006433004695013
0.7944813707344820	0.0007135028237121
0.7951239328681677	0.0008558626996260
0.7955617616735179	0.0009694656827268
0.7961536151093704	0.0011364410091855
0.7965291129991970	0.0012495359557396
0.7970849554157794	0.0014293020661894
0.7974557036878414	0.0015615483875400
0.7979123233204644	0.0017460856264390
0.7983862646806982	0.0019717079780229
0.7987414397003412	0.0021709966914116
0.7996929961074745	0.0028601832160239
0.8006619283576022	0.0038129880682222
0.8013067539293767	0.0045803366823040
0.8025351730597585	0.0063205257748584
0.8032530713588708	0.0075352089047907
0.8039129439733341	0.0088261026520740
0.8046318020195405	0.0104758241569928
0.8053260438602287	0.0123617125487193
0.8063384497643564	0.0157166946501565
0.8075238948467114	0.0206591126121165
0.8084513820127225	0.0253966652896100
0.8092035747427738	0.0299144768187849
0.8099711508847007	0.0352754433808741
0.8109145459054775	0.0430931596577070
0.8120751854947607	0.0548708203333127
0.8135305950470754	0.0734066442457008
0.8148594113120569	0.0943788527095631
0.8159222073062294	0.1143198209860846
0.8171808423788982	0.1421425457298626
0.8190019590377861	0.1917833140340757
0.8206521088072042	0.2471763810635460
0.8223341366342922	0.3135090863827808
0.8235152424267645	0.3659740320342942
0.8254748363551707	0.4613167480769170
0.8275324958601668	0.5690313323826793
0.8288237001585631	0.6374983676014431
0.8309703279949208	0.7447495546026285
0.8323079017473259	0.8031415261543656
0.8338691820271369	0.8568784076268592
0.8359995220984591	0.8968671450574562
0.8371857195202880	0.9002702296638591
0.8406197818364561	0.8150916496146434
0.8420074193258954	0.7443049941046284
0.8433061927469454	0.6607758945427229
0.8447554040132388	0.5527092190048226
0.8462415523121085	0.4325741562034808
0.8474888855143649	0.3288128331375006
0.8483171497024050	0.2605360613056897
0.8491341419728663	0.1955085934172205
0.8501932341596584	0.1170474213397266
0.8508527192287442	0.0727128724044133
0.8515125721515949	0.0324902155785233
0.8520291978374677	0.0039891508048361
0.8522676137936447	-0.0082547464657672
0.8529074704103194	-0.0383232728069406
0.8540727557390407	-0.0822851050646545
0.8550342356625039	-0.1075357220871924
0.8565619305721237	-0.1260470774765728
0.8573527773526874	-0.1256991450234041
0.8580448161975305	-0.1206844885319990
0.8587361929490455	-0.1121271581449797
0.8594354580571747	-0.1007109077511638
0.8601242227548146	-0.0874743290787832
0.8608272032045785	-0.0725780844678701
0.8615388664121102	-0.0565981016289064
0.8621600214755299	-0.0422903129257300
0.8627214879744529	-0.0293718054134035
0.8631790619969877	-0.0190644591618236
0.8636450594201642	-0.0089617451958216
0.8639476632690561	-0.0026985683536339
0.8641504882255056	0.0013353763721385
0.8643109154781877	0.0044202764506402
0.8645585670708535	0.0089883152155656
0.8648112019966354	0.0133792458775319
0.8653214077867266	0.0213323595164965
0.8658945414930188	0.0286592466124118
0.8668821483034111	0.0370561875864059
0.8675418847936262	0.0397510294219161
0.8681610271119021	0.0403619764517742
0.8687935732361248	0.0393250064996384
0.8694234165172495	0.0368925704582769
0.8700767008637960	0.0331594160649816
0.8707062505321017	0.0286297195822232
0.8713231400723084	0.0235102844951977
0.8718664635268343	0.0185987241347404
0.8723105714866414	0.0144215338603060
0.8727267398270591	0.0104627174248518
0.8730906116267760	0.0070417375916781
0.8734492306707695	0.0037662828168433
0.8737168297193332	0.0014145196142850
0.8739072784978063	-0.0001963005016199
0.8740879408128751	-0.0016700752838614
0.8743022855974371	-0.0033403539606895
0.8747028527513590	-0.0062084078890081
0.8752357722575426	-0.0094510885177876
0.8757746820241433	-0.0120178145668615
0.8765881950032168	-0.0145402977749028
0.8771854962347050	-0.0154384348862045
0.8778216722747191	-0.0156165097960183
0.8784911890615534	-0.0150354752946897
0.8792989628465919	-0.0133920263706313
0.8800103685115667	-0.0111738723250668
0.8805261401179981	-0.0091845188883263
0.8809236413262337	-0.0074844394940972
0.8812914904923737	-0.0058266121066818
0.8815877561319310	-0.0044625951933264
0.8818921123988359	-0.0030629628168397
0.8821605852195338	-0.0018502253092478
0.8824151714408742	-0.0007358391118494
0.8826034209050021	0.0000569425488324
0.8828344337535642	0.0009845116403874
0.8830079751496006	0.0016444788945460
0.8833288284907301	0.0027712611364644
0.8837784239371168	0.0041277366799749
0.8844502328823012	0.0056487824491885
0.8848347829638201	0.0062578030410283
0.8852771187647520	0.0067454818788176
0.8857517881544682	0.0070429169919981
0.8864813032992600	0.0070943199738939
0.8873313255112243	0.0065619579751141
0.8886996440478938	0.0043223076535714
0.8890774356446072	0.0034370141305675
0.8893790270994792	0.0026751412605213
0.8896628411013692	0.0019313500049277
0.8899113625965177	0.0012719960330038
0.8900818994873750	0.0008220708897995
0.8902440880412223	0.0004004839260580
0.8904385172279936	-0.0000921394548312
0.8907079980494645	-0.0007429390474113
0.8909159682373941	-0.0012113831966884
0.8911508169879132	-0.0016981875401086
0.8914951111570132	-0.0023185043944657
0.8924913698440655	-0.0034158955576456
0.8928245242917117	-0.0035588956655367
0.8931499062755361	-0.0036075094171443
0.8935180238593144	-0.0035717631091251
0.8938973355197446	-0.0034558276356167
0.8943157144650040	-0.0032599997282838
0.8948876600443598	-0.0029125904367872
0.8964905469270151	-0.0015918310658883
0.8967881060274837	-0.0012925283470846
0.8971373091911861	-0.0009243254708832
0.8974471630174898	-0.0005882476686139
0.8977113282010386	-0.0003003374655222
0.8979842756281392	-0.0000073995583570
0.8982488340395229	0.0002659260739016
0.8985154109232604	0.0005248809102072
0.8987905717756466	0.0007693485488631
0.8992468399403319	0.0011106306006141
0.8995706923142933	0.0012976022200085
0.8999786412626375	0.0014650012427924
0.9002670965625225	0.0015401186916830
0.9005777308852388	0.0015855271425134
0.9009378265119237	0.0016002541985802
0.9012911651383141	0.0015852808443384
0.9016864023871705	0.0015462050496982
0.9023024268295459	0.0014606321052881
0.9028020451446515	0.0013761813471427
0.9031190963364012	0.0013117308241552
0.9034034890911075	0.0012417603533705
0.9037408670918133	0.0011377750967484
0.9042203043660958	0.0009398848685671
0.9051354574401849	0.0003741442956150
0.9053604523746889	0.0002015018599608
0.9056237358002861	-0.0000107941154849
0.9058866535588289	-0.0002284861355868
0.9060950709330569	-0.0004007310561558
0.9063423016099027	-0.0005993087828637
0.9065734433422765	-0.0007742034056097
0.9068236430541368	-0.0009462868552940
0.9071296619621545	-0.0011246293195448
0.9074303167453766	-0.0012584750423441
0.9085088870228459	-0.0013523492534480
0.9087459065843826	-0.0012963051815242
0.9090372522672856	-0.0011979915123868
0.9093215527474960	-0.0010775549824430
0.9095577988750313	-0.0009645287315490
0.9098133548455958	-0.0008350073568075
0.9101361277034021	-0.0006685340951195
0.9104703222296423	-0.0005024696666601
0.9108301150147451	-0.0003399751007865
0.9120935012221424	0.0000419169428233
0.9124372532279774	0.0001032408874081
0.9127689441315975	0.0001542325508223
0.9131094662554604	0.0002042228367986
0.9133991735530306	0.0002487519854783
0.9140787074787918	0.0003744927299386
0.9145883121006032	0.0004926514083803
0.9149983114307564	0.0005977079206367
0.9153359673572725	0.0006849038318889
0.9156315925608629	0.0007564040954602
0.9159482282866508	0.0008225003249650
0.9162544874149602	0.0008703843078827
0.9166356919129539	0.0008992313530038
0.9171016390129960	0.0008766347444639
0.9178089163162391	0.0007011667870476
0.9181453898888011	0.0005578742808688
0.9183835677585135	0.0004361665236729
0.9186902824542841	0.0002595252635841
0.9188871060708241	0.0001374809367718
0.9191484672268097	-0.0000301530235603
0.9194029323278295	-0.0001939710818951
0.9196576912746557	-0.0003526976239035
0.9199083533629596	-0.0004976299994527
0.9201910124199830	-0.0006405441598900
0.9204549061413806	-0.0007481623888544
0.9207382232614818	-0.0008300554634732
0.9210140411975933	-0.0008724288512969
0.9214702629166379	-0.0008575945568712
0.9216934482619041	-0.0008130748478728
0.9219836285906711	-0.0007226787377129
0.9221959491995669	-0.0006369950428743
0.9224131718289916	-0.0005360872686784
0.9226581072783394	-0.0004112170699913
0.9228518815369161	-0.0003086174142370
0.9230873899686666	-0.0001843164981841
0.9233899153025871	-0.0000331940635450
0.9236757557427766	0.0000909294898864
0.9240524196363652	0.0002152557380701
0.9246410437393441	0.0003020974922291
0.9249511147117659	0.0002965160791309
0.9252090488012318	0.0002698552785831
0.9254684692759843	0.0002290012026996
0.9256973715758119	0.0001860698106930
0.9259442937076576	0.0001385205419106
0.9261944892706907	0.0000942062036511
0.9264916446095838	0.0000550431481001
0.9268919445498357	0.0000362783979917
0.9272361790863645	0.0000571005549848
0.9275005871257231	0.0000957446341708
0.9277756864151853	0.0001529676518168
0.9280042240910510	0.0002094589888790
0.9282472988118693	0.0002727001602295
0.9284676152892123	0.0003279273616582
0.9287048219361239	0.0003795767826454
0.9289425288337859	0.0004172487676711
0.9292070524272456	0.0004360027490263
0.9294980517706022	0.0004218817814546
0.9299546197088653	0.0003177664128482
0.9302094438890831	0.0002166379232029
0.9304108918624476	0.0001176089456767
0.9306489311603159	-0.0000166313643148
0.9308669077417669	-0.0001508970442201
0.9310468411691338	-0.0002654469431108
0.9312598044085740	-0.0004003508705694
0.9314901941089041	-0.0005385016339265
0.9317038455964900	-0.0006531563710025
0.9319219932842815	-0.0007504911565505
0.9322146064340753	-0.0008407652613422
0.9326198844632079	-0.0008739238477080
0.9330800631946855	-0.0007717075538537
0.9333522485707150	-0.0006455447568656
0.9335364350318607	-0.0005369650221754
0.9337477210724344	-0.0003937545468390
0.9339591280385442	-0.0002364906173731
0.9341459945095590	-0.0000907069309101
0.9343495014517244	0.0000695177197372
0.9345437049398170	0.0002184535281292
0.9347501134754959	0.0003668242636993
0.9350135809073632	0.0005330499124905
0.9352517718212152	0.0006532501952234
0.9355665053306123	0.0007591222296298
0.9357712533501084	0.0007931058985455
0.9360826595002273	0.0007911031537130
0.9363265411842125	0.0007471368431451
0.9365226229458450	0.0006880728943089
0.9367562870063079	0.0005949562479630
0.9369750965525622	0.0004908546991255
0.9371953025637829	0.0003757430185772
0.9373723556481930	0.0002800782063939
0.9376363884900721	0.0001390621816841
0.9378774661817164	0.0000193323071684
0.9381368813301048	-0.0000923054839778
0.9384412526932493	-0.0001933911906165
0.9391550394899610	-0.0002873509323083
0.9393767636117428	-0.0002791229786707
0.9395958752471437	-0.0002580734026882
0.9398525248686931	-0.0002221676089308
0.9401082407161744	-0.0001796986142887
0.9403614041305906	-0.0001376093470407
0.9406774773036473	-0.0000928171257076
0.9412008775094824	-0.0000536046732404
0.9416443388204395	-0.0000608253839127
0.9418921602521880	-0.0000783236435282
0.9421613968499422	-0.0001036925385303
0.9424530021312724	-0.0001324721312170
0.9426680959436512	-0.0001508681601034
0.9429911805250627	-0.0001675858578753
0.9435314551596693	-0.0001521181893442
0.9439344737050680	-0.0001003008144405
0.9442103609340965	-0.0000483608920837
0.9444786183784660	0.0000101452027385
0.9447506357441078	0.0000715268120599
0.9450090215245862	0.0001259437563894
0.9453362039104383	0.0001809394261225
0.9456913486390577	0.0002121164920039
0.9460652324008770	0.0002049144512610
0.9463045708717640	0.0001777336797391
0.9466184811384225	0.0001178133148716
0.9468986420198722	0.0000463519392381
0.9471602191656303	-0.0000295724699569
0.9473756692549942	-0.0000935964664784
0.9476360210917804	-0.0001668148754963
0.9478421145379876	-0.0002174095255362
0.9481779630243503	-0.0002775409675749
0.9487291765418525	-0.0002968001129856
0.9490059217463026	-0.0002666154816584
0.9492872339541470	-0.0002122175248422
0.9495514276779901	-0.0001452337888278
0.9497326769644828	-0.0000940546625774
0.9499692002086741	-0.0000261193162120
0.9501756669189717	0.0000298025698713
0.9504286742763965	0.0000875176907132
0.9506719358248424	0.0001259151982850
0.9510173476480903	0.0001426873568281
0.9515790804584708	0.0000601591713684
0.9518706230420988	-0.0000326056593833
0.9521121137978822	-0.0001281324384945
0.9523136602245053	-0.0002159936984829
0.9525305180339748	-0.0003126867138468
0.9527332049842299	-0.0003999851997600
0.9529440050683894	-0.0004816271435900
0.9531573692116100	-0.0005484922119195
0.9533924122791645	-0.0005978672802444
0.9536911473972792	-0.0006149608923390
0.9545547508798298	-0.0003340036028154
0.9547168302173157	-0.0002308168473817
0.9549401574314027	-0.0000697362273405
0.9551033195567692	0.0000578055511385
0.9553077243832068	0.0002244098999143
0.9554572661482501	0.0003472974165368
0.9556515458766245	0.0005031813767154
0.9558458256049989	0.0006494365362765
0.9560687757394607	0.0007981639943374
0.9562795447326221	0.0009135978657582
0.9565298462880055	0.0010113867572697
0.9570103305815614	0.0010602358615443
0.9573082640418377	0.0009952470025467
0.9575396920016248	0.0008982726504773
0.9577200396477533	0.0007983066335379
0.9579295826118173	0.0006603574317019
0.9581305943936292	0.0005116306582436
0.9583283253420750	0.0003558768147862
0.9584970403137070	0.0002203590777085
0.9586917306430649	0.0000663109416063
0.9588933422021143	-0.0000846305042797
0.9591038634243605	-0.0002267144373236
0.9593576430465519	-0.0003691812434761
0.9596360162332425	-0.0004811646252519
0.9599317694298206	-0.0005436918954119
0.9602591494723426	-0.0005449403480828
0.9605095970129166	-0.0005022918985324
0.9607114399089214	-0.0004452314475372
0.9609155714048160	-0.0003717128817412
0.9610932941971009	-0.0002990382192431
0.9613033750532824	-0.0002077694644674
0.9615076560400666	-0.0001188766919520
0.9617269762409570	-0.0000300118491802
0.9619648568933528	0.0000524679094018
0.9623061276684054	0.0001343539434653
0.9626833316791381	0.0001640202043289
0.9630071279847207	0.0001371577851826
0.9632721595518138	0.0000838644942383
0.9635156057229344	0.0000164730069452
0.9637157135528378	-0.0000475645879699
0.9639393372978877	-0.0001223600055501
0.9641629610429376	-0.0001950916221494
0.9644207916539139	-0.0002690933061080
0.9646654682184874	-0.0003226754307303
0.9649839155398566	-0.0003595054188292
0.9656007632591096	-0.0003115618470362
0.9658841903004383	-0.0002415845878378
0.9660909555871046	-0.0001769580258810
0.9663108384488629	-0.0001002802091032
0.9665360884099508	-0.0000185495951398
0.9667612578316382	0.0000605151905780
0.9670067038889153	0.0001369220367784
0.9672776160159924	0.0002025308063067
0.9675694291038003	0.0002442871162976
0.9679520974794276	0.0002468496313539
0.9682787761595754	0.0002029816970683
0.9684830655343225	0.0001571428316859
0.9687314987892246	0.0000872903908547
0.9689560421377628	0.0000160006105733
0.9691869341954581	-0.0000593956551606
0.9694178262531534	-0.0001311210502992
0.9696487183108488	-0.0001931755748423
0.9699835991992792	-0.0002557815519787
0.9702124039458943	-0.0002746774421828
0.9707077251194707	-0.0002416926012103
0.9709167396073841	-0.0001991606149941
0.9711333360399501	-0.0001401399337306
0.9713827658721407	-0.0000584021043450
0.9715961769894943	0.0000181690872313
0.9718252335903510	0.0001013386932554
0.9720445581700281	0.0001765307352437
0.9722724507953793	0.0002438569620603
0.9726245060380793	0.0003155446396543
0.9732130917788074	0.0003194098347934
0.9734781147979307	0.0002710111716347
0.9737431796269095	0.0001957575222317
0.9739898238649652	0.0001075718497377
0.9741784037773242	0.0000325110828615
0.9744025459119965	-0.0000596892331490
0.9746266880466687	-0.0001497219716729
0.9748260552609721	-0.0002228293621919
0.9750517107954677	-0.0002922383293363
0.9753740548647389	-0.0003574409097100
0.9759287373624842	-0.0003545580121877
0.9761226956284971	-0.0003180331384747
0.9763855241051653	-0.0002423580578497
0.9766336428367109	-0.0001486830501512
0.9768497130903597	-0.0000550629299636
0.9770724266194738	0.0000471357385234
0.9772710517147279	0.0001381657627926
0.9774773229989563	0.0002272495121217
0.9776985667920385	0.0003108311859491
0.9779689492253487	0.0003893850149650
0.9783416860909840	0.0004423823004495
0.9785942708586783	0.0004372961850575
0.9788750668983872	0.0003925044831983
0.9791344354967333	0.0003179385150203
0.9793853764526012	0.0002212930884631
0.9795401875332400	0.0001529152218818
0.9797632469858484	0.0000473429004550
0.9799657085669298	-0.0000510489340818
0.9801794936099437	-0.0001512397443544
0.9804002133692750	-0.0002449204271240
0.9806833653175826	-0.0003423784654512
0.9810705333698715	-0.0004179183890996
0.9815515855264628	-0.0004018236473635
0.9818253653268609	-0.0003384361992465
0.9820907720943476	-0.0002449339347887
0.9823264322249148	-0.0001417516571217
0.9825482061826252	-0.0000328092723513
0.9827663746907449	0.0000789598740387
0.9829845431988646	0.0001895951114762
0.9832287273071352	0.0003050816837674
0.9834953614065030	0.0004130112061499
0.9837516966178974	0.0004917728081296
0.9842586402226081	0.0005583804162875
0.9845546874026261	0.0005391249212861
0.9848346195530350	0.0004845963116572
0.9851038948996879	0.0004046239868003
0.9852874910564522	0.0003382478818457
0.9855283293182036	0.0002418176610115
0.9857621397906600	0.0001431144204299
0.9860002329703886	0.0000437791746298
0.9862516570234857	-0.0000536656875563
0.9865672689024615	-0.0001569752203361
0.9869299459903642	-0.0002409611653058
0.9874379011168403	-0.0002883298272700
0.9877847379532786	-0.0002774667258665
0.9879641755666154	-0.0002610297378603
0.9882499803960200	-0.0002241449251408
0.9884961039125126	-0.0001860405515651
0.9888006855447856	-0.0001375057335137
0.9891226227248201	-0.0000911821911709
0.9894549746603266	-0.0000546818517438
0.9898992135329553	-0.0000295680940535
0.9901963757080925	-0.0000277239385185
0.9905182880782044	-0.0000369046925815
0.9907831309299762	-0.0000499170323629
0.9910374590872371	-0.0000641653138642
0.9915920748471294	-0.0000917689384829
0.9921070151696840	-0.0001012361741485
0.9924545560828587	-0.0000973415323054
0.9928886995066467	-0.0000846880038672
0.9932800376393699	-0.0000714020796366
0.9937458670040731	-0.0000608734883849
0.9944683628964942	-0.0000668428272486
0.9948752629377262	-0.0000777827872190
0.9952271150868416	-0.0000848034313461
0.9955907995541119	-0.0000833233893649
0.9960189057146213	-0.0000625974653574
0.9964906193484586	-0.0000113529762158
0.9967802174533206	0.0000333345715308
0.9971152454827276	0.0000926475974696
0.9973468406596361	0.0001344584630485
0.9976352901146702	0.0001824577144492
0.9979133275219448	0.0002184335509100
0.9981913649292194	0.0002384590017774
0.9987661334146000	0.0002113332157660
0.9992477036644141	0.0001083622078602
0.9994922520133903	0.0000306274280244
0.9997531535379036	-0.0000661088897931
0.9999927659416643	-0.0001625584270948
