0.0000000000000000	0.0000000000000000
0.0601356266606452	0.0000010000000000
0.0618722830003902	0.0000118719565489
0.0627222931503083	0.0000177405747862
0.0632123587099431	0.0000230750378127
0.0643326385064447	0.0000433149178276
0.0648029523988668	0.0000558487588575
0.0658359959279581	0.0000964947393276
0.0666311243140081	0.0001446145050100
0.0673413723381155	0.0002056315258662
0.0680415732042174	0.0002877129657762
0.0689235611914752	0.0004340429916781
0.0695750500578723	0.0005831239444401
0.0700793467578864	0.0007295836941742
0.0707001934174988	0.0009557443279192
0.0711644717764216	0.0011652090645782
0.0716298239919553	0.0014165000068155
0.0722490565847313	0.0018281568803822
0.0727939443457061	0.0022778361067530
0.0731748076259333	0.0026496212182168
0.0736244897319160	0.0031586819199999
0.0741131422675402	0.0038105316652359
0.0746347241072639	0.0046376215808800
0.0751873055048853	0.0056862336783904
0.0757758880776360	0.0070314261008036
0.0764039510799658	0.0087717703687721
0.0770702226005377	0.0110235341429910
0.0776202383611699	0.0132476374422768
0.0782432170997820	0.0162276653177995
0.0789292701192323	0.0201603398253433
0.0796280218226700	0.0249723211387495
0.0803793480090413	0.0311889140471763
0.0812192109401376	0.0396040303206615
0.0821768904913109	0.0513633797346913
0.0834102795906757	0.0703975070960256
0.0844533342832047	0.0903447722621082
0.0872625914598403	0.1630222750959598
0.0889487279596261	0.2187797154344239
0.0902065251090819	0.2647299900994564
0.0911584048693488	0.3009443637190342
0.0922135539479741	0.3412196038217647
0.0934417509165164	0.3861904821376883
0.0947220646862493	0.4282700925411013
0.0961449622948225	0.4654522356276987
0.0982745846937139	0.4950470267380586
0.0993359451222666	0.4961610417838265
0.1001795672792994	0.4898604417718715
0.1012293030461201	0.4732505858724366
0.1025955907949077	0.4408544245186890
0.1034259715002613	0.4155015232752237
0.1041699811620140	0.3891915194238668
0.1047547172222481	0.3666517644396741
0.1056712918270452	0.3290195825929216
0.1064763975828536	0.2946629994017826
0.1073858167059471	0.2558044234417948
0.1083978306951673	0.2140920035749130
0.1102900446725904	0.1440792770416057
0.1108126084338765	0.1269073764662120
0.1119396318067055	0.0939417718662774
0.1140035858341328	0.0496435587656007
0.1146320910333642	0.0399281896705680
0.1152401259957779	0.0318221457803060
0.1161931035804885	0.0212926271679817
0.1172918702914601	0.0123237966645060
0.1182952483796243	0.0070198572897612
0.1186750235201368	0.0056624626760134
0.1189588193638302	0.0048422215973122
0.1192320415523627	0.0041849418024497
0.1195053807504226	0.0036387346750488
0.1197886728485117	0.0031649305403038
0.1200523227439505	0.0027877143266001
0.1203240918088625	0.0024444710541732
0.1205973114155275	0.0021302287856696
0.1208867903482448	0.0018173444431890
0.1213074969938534	0.0013811256971867
0.1217229050671265	0.0009654713455611
0.1219991928395524	0.0007024606011237
0.1221994543408021	0.0005228263247252
0.1224595622149854	0.0003089077956745
0.1227048051929476	0.0001333726159042
0.1229621446949407	-0.0000177403942418
0.1234190123222347	-0.0001870517973508
0.1238248443624683	-0.0002252503876581
0.1240307521117392	-0.0002066782509981
0.1242465565785834	-0.0001633309199273
0.1244825568122414	-0.0000934285874350
0.1246376635659893	-0.0000380461052325
0.1248523707816087	0.0000461188976738
0.1250474314187029	0.0001254627957083
0.1252304459592758	0.0001975269085249
0.1254494702497083	0.0002752477965490
0.1256861903407157	0.0003425350830856
0.1260122368647932	0.0003957611737102
0.1263185382942688	0.0003953726801836
0.1267502896917188	0.0003072009540580
0.1269880966306187	0.0002186377243680
0.1272219527945914	0.0001098840511338
0.1274361102443845	-0.0000030907946613
0.1276378869509682	-0.0001157392302018
0.1278478606470820	-0.0002334900278943
0.1280442851941970	-0.0003388327275369
0.1282531266060190	-0.0004397953058624
0.1285335899245202	-0.0005488471940056
0.1288069581805726	-0.0006168152752253
0.1291510113597487	-0.0006388916235083
0.1294842937990374	-0.0005894553844811
0.1297115945908481	-0.0005181592572367
0.1298927559004984	-0.0004424208020947
0.1301248487756733	-0.0003255831739672
0.1303182489383632	-0.0002160384238273
0.1305297785171046	-0.0000892241132489
0.1307276568513458	0.0000307871559015
0.1309204294200124	0.0001434797979619
0.1311284623177655	0.0002548558343445
0.1314381214813748	0.0003909208672814
0.1317978364643618	0.0004884697176176
0.1320324153282693	0.0005114265931828
0.1323241719075441	0.0004935133956247
0.1325756100309293	0.0004391795094893
0.1328246328503651	0.0003549196397151
0.1330227938855947	0.0002708231484630
0.1332314667913579	0.0001708167692737
0.1334385032610949	0.0000653259626846
0.1336515120849403	-0.0000437828972073
0.1338659838813547	-0.0001484104944958
0.1340852847661144	-0.0002439800858034
0.1344010353850330	-0.0003513615214583
0.1348042639709891	-0.0004215152482632
0.1351599587720675	-0.0004144114244925
0.1354003938260246	-0.0003746643180190
0.1355965362099865	-0.0003241656516528
0.1358335761078281	-0.0002459339965677
0.1360619085937236	-0.0001581427871679
0.1362879224253395	-0.0000654090357602
0.1364810471171743	0.0000136538920092
0.1367044314198290	0.0000995361380122
0.1370235197872986	0.0002024961109145
0.1373569015550165	0.0002733048033894
0.1380418226207938	0.0002737024516636
0.1382435517949407	0.0002381817276263
0.1384798617807774	0.0001801187181075
0.1387280940089184	0.0001056512561989
0.1389313056770252	0.0000387497062538
0.1391331672590869	-0.0000285271826324
0.1393660437464955	-0.0001021468217465
0.1396115078081923	-0.0001690702814619
0.1399324106114257	-0.0002313227015476
0.1402453851227908	-0.0002568866242758
0.1405268568263996	-0.0002468575481651
0.1408144716829758	-0.0002050235299282
0.1410722126273115	-0.0001439880237989
0.1413317738280669	-0.0000649683417468
0.1415297260631601	0.0000026814267472
0.1417573000916315	0.0000837732841745
0.1419962419533741	0.0001667583408631
0.1422344502475037	0.0002417946427194
0.1425067880933490	0.0003106899761865
0.1427723067096674	0.0003547328510092
0.1429934649536364	0.0003709365114367
0.1434785260567779	0.0003359698624072
0.1437690740163459	0.0002715434786296
0.1440423213835320	0.0001873059378432
0.1442477850288542	0.0001129277635515
0.1444912737944211	0.0000183105957866
0.1447253899879399	-0.0000734985224650
0.1449649779809789	-0.0001628334844365
0.1452285925950308	-0.0002486875809615
0.1454810146199673	-0.0003126724307731
0.1461630279185414	-0.0003669122384176
0.1464310152851069	-0.0003374526107023
0.1467124708913956	-0.0002790213376579
0.1469646835438202	-0.0002070726886551
0.1472182628711899	-0.0001222052800789
0.1474358724084501	-0.0000439949161451
0.1477328785349629	0.0000630192656331
0.1479732870970564	0.0001432243480503
0.1482276948114480	0.0002156165215630
0.1486923138483771	0.0003003180037225
0.1491339957997412	0.0003124338762863
0.1493795019223856	0.0002900192001262
0.1496974592986098	0.0002340495726422
0.1499538646795278	0.0001715649796470
0.1501754720493466	0.0001095338151412
0.1504350742390182	0.0000326323534565
0.1506422799332963	-0.0000283161144574
0.1509110558823026	-0.0001011635053868
0.1511868747944622	-0.0001631954798343
0.1515900025243242	-0.0002210868444606
0.1522980766927243	-0.0002103287302375
0.1526197469802139	-0.0001622724003732
0.1529124333554447	-0.0001022838270682
0.1531245236156582	-0.0000531731025792
0.1534635905557380	0.0000280920231215
0.1537519159192994	0.0000914370254989
0.1540291512782241	0.0001409527256705
0.1545912111677107	0.0001889111616497
0.1549488074970020	0.0001753204240184
0.1553114440782357	0.0001264123890583
0.1556217728979686	0.0000609875076632
0.1559183554341154	-0.0000162222586612
0.1561939339683239	-0.0000946164839578
0.1564889899682447	-0.0001791177712468
0.1567606075719067	-0.0002509345711099
0.1570876699906570	-0.0003218554259777
0.1573864574937745	-0.0003657962727736
0.1577182162668541	-0.0003856838698994
0.1581588597328172	-0.0003601417869320
0.1585785660861708	-0.0002826751969948
0.1589187788677459	-0.0001873362600525
0.1591294805033561	-0.0001177048810366
0.1594161021193846	-0.0000144124564177
0.1596915075260469	0.0000882898612474
0.1600151062011340	0.0002059580000854
0.1603018419196336	0.0003005317156047
0.1606115650734393	0.0003858802209114
0.1610360785713428	0.0004646517028237
0.1613133398545439	0.0004882985300780
0.1618735073692517	0.0004651838175913
0.1621610417410086	0.0004188230090981
0.1624219231739545	0.0003596518192368
0.1627391010423348	0.0002707351555463
0.1629957371857700	0.0001891909810003
0.1632618407690504	0.0001001495050866
0.1635570226287717	0.0000014087408310
0.1638581739251613	-0.0000935435584421
0.1641652831288740	-0.0001788618402791
0.1648134274496605	-0.0003013995761511
0.1654590351743389	-0.0003308733622148
0.1657616249795493	-0.0003137477570608
0.1661241199639081	-0.0002722010784059
0.1664722462781071	-0.0002161709266660
0.1668030090700920	-0.0001537718444982
0.1670710759913190	-0.0001013999212359
0.1674348190952981	-0.0000328847355632
0.1677699046392926	0.0000232523478389
0.1682279975500728	0.0000824602371364
0.1685077589198603	0.0001064770784361
0.1687928006778679	0.0001214557415304
0.1695341357224619	0.0001178877416967
0.1699759464572453	0.0000936109720790
0.1704229149087746	0.0000594602690516
0.1708039664118843	0.0000263287167032
0.1713346640166390	-0.0000200242362600
0.1717727030874897	-0.0000550885246777
0.1722780528479250	-0.0000890918818767
0.1727633075712775	-0.0001131617069829
0.1734314452727934	-0.0001291218873998
0.1738981566904557	-0.0001246696135391
0.1745342783245253	-0.0000948466262496
0.1753171504973917	-0.0000215131925781
0.1756632534724923	0.0000195927317342
0.1763558302388217	0.0001039394883262
0.1767773587339324	0.0001454199903679
0.1772070281323123	0.0001730321013464
0.1780510319544469	0.0001699561997090
0.1785613282821667	0.0001335759854321
0.1789175538786306	0.0000984059161407
0.1792908195736037	0.0000593008889883
0.1797100912073882	0.0000192879459073
0.1802116097328116	-0.0000137936149851
0.1806282470501410	-0.0000243469846436
0.1810321213603316	-0.0000202893357136
0.1813457607651837	-0.0000095622289441
0.1818113426613806	0.0000118985500769
0.1821726784278216	0.0000263735237576
0.1828258718083064	0.0000319381145819
0.1832546434028172	0.0000144982849735
0.1835590524894967	-0.0000072783149972
0.1838924498121365	-0.0000374664729594
0.1843119639330743	-0.0000783363157376
0.1846617065071070	-0.0001071579098434
0.1849048011730209	-0.0001205392003523
0.1853289414744436	-0.0001239715679246
0.1857156704506166	-0.0001008449914124
0.1860714163229493	-0.0000565854131390
0.1862873745324871	-0.0000203709157344
0.1866325942962770	0.0000483206178802
0.1868747859147498	0.0001004248263118
0.1871592154760456	0.0001607900838985
0.1874535953021188	0.0002159748104601
0.1877425968868465	0.0002573279427198
0.1881187892160584	0.0002830313672697
0.1886543496786969	0.0002517887096038
0.1890630688775491	0.0001723878866051
0.1893713358377797	0.0000858109933057
0.1896274007429905	0.0000016735868159
0.1898657248681573	-0.0000818256473556
0.1901274517376602	-0.0001737863935625
0.1903466632277528	-0.0002464957173246
0.1905776592591499	-0.0003143271913874
0.1908925870135302	-0.0003853525412722
0.1913522683071541	-0.0004309675280034
0.1918804268959572	-0.0003855868803516
0.1922014269040803	-0.0003096135322550
0.1924162841892780	-0.0002423270834625
0.1926468883592538	-0.0001591574137121
0.1928481066329652	-0.0000809238636442
0.1930836977980139	0.0000131704886439
0.1933298634824014	0.0001087125970779
0.1935760291667888	0.0001956967052337
0.1938999751462314	0.0002882964318327
0.1942271548184311	0.0003481081678865
0.1948008416981669	0.0003567465475260
0.1950878607108537	0.0003158232506760
0.1953227426669872	0.0002633725051016
0.1955927474327829	0.0001871339481069
0.1958519061488679	0.0001037143217910
0.1960488827289932	0.0000377761060456
0.1963002719882257	-0.0000447126165075
0.1965247448585598	-0.0001119945441989
0.1967867127259488	-0.0001780038223909
0.1973295693655470	-0.0002543324432465
0.1978980217496826	-0.0002324270821292
0.1981215267110855	-0.0001972279611021
0.1984269256273263	-0.0001304240946799
0.1986440120206751	-0.0000738602101304
0.1989136242634435	0.0000018228488673
0.1991832365062119	0.0000779934704673
0.1994528487489804	0.0001486516546696
0.1998424286103324	0.0002308590701216
0.2008057618458400	0.0002983199391407
0.2011052441483888	0.0002850323799804
0.2013753907676806	0.0002662932123660
0.2016590461182069	0.0002455906588214
0.2018910395730376	0.0002323144643970
0.2021794717613942	0.0002257498790450
0.2026331766974535	0.0002472843944508
0.2030409654282193	0.0003076989725750
0.2033528858100123	0.0003804162258234
0.2036905002014658	0.0004809597170357
0.2039388500071953	0.0005653388289700
0.2042373881156297	0.0006731960077730
0.2044881478740072	0.0007647770952743
0.2048169168426404	0.0008795284771468
0.2053471339036958	0.0010397753225414
0.2057342139543509	0.0011335016607109
0.2060295996991806	0.0011950050255659
0.2063005924021655	0.0012485376701948
0.2065893775206950	0.0013096174796149
0.2068202662667207	0.0013667676185830
0.2070953902481212	0.0014520598600888
0.2073761221238285	0.0015660639116709
0.2077171246449245	0.0017526340318680
0.2080882070967624	0.0020279869666012
0.2089448662299650	0.0029917069538025
0.2094168588691214	0.0037131246185511
0.2098578434505047	0.0044870665688317
0.2103161484178683	0.0053696335368100
0.2112092452044582	0.0072517260380765
0.2117369953064185	0.0084620512122362
0.2121746542842588	0.0095497109744959
0.2126632416378675	0.0108996239217806
0.2131161290035580	0.0123313528848376
0.2136384385054850	0.0142615977240046
0.2143849873377144	0.0176519604347531
0.2174608293457740	0.0405238004350002
0.2182179609172221	0.0485485734564371
0.2190194312512066	0.0584403501207493
0.2200350324231422	0.0734370536409987
0.2218421751912716	0.1079570976913291
0.2238837683648938	0.1588051696380120
0.2263005154555951	0.2327064589089257
0.2275704954477502	0.2763722120749666
0.2287794841611714	0.3191861456857308
0.2302291837066033	0.3692293382226615
0.2313771697692219	0.4061336321450293
0.2326236499817843	0.4409193430829706
0.2340063482491022	0.4704017895823939
0.2355858655305965	0.4886226918082740
0.2384681640587590	0.4713687799404787
0.2391793311957193	0.4568206012851943
0.2406225755606429	0.4169577578721262
0.2418345683881204	0.3744513835773105
0.2432217608005423	0.3185988811390900
0.2444254899945571	0.2667441966840481
0.2454244411623331	0.2231797926939101
0.2462831966330969	0.1866593545567680
0.2471244899458442	0.1526862010614081
0.2480452916957304	0.1185653273275606
0.2491102413954881	0.0842765570130866
0.2500729089770632	0.0584772176384176
0.2508251136803205	0.0416360789993874
0.2523373482847728	0.0159475394714542
0.2537069143221209	0.0016560768656172
0.2539984664330224	-0.0003246876503970
0.2542081848619861	-0.0015314079525231
0.2544295772548907	-0.0026168567867114
0.2546519576599691	-0.0035222541251831
0.2548989309845999	-0.0043239322328774
0.2551768194781516	-0.0049919602233759
0.2554511168092309	-0.0054357714104013
0.2557326948769477	-0.0056996970374376
0.2560188291729247	-0.0058026458067824
0.2563121001718355	-0.0057710723726000
0.2566006175145309	-0.0056373701280658
0.2569196796453841	-0.0054065336368367
0.2572344593041362	-0.0051247472988607
0.2576202733721941	-0.0047410777321975
0.2581803180351218	-0.0041589925778370
0.2590621012830014	-0.0032262949613857
0.2596023624245776	-0.0026204685459321
0.2601010059129703	-0.0020225964612132
0.2604923416101761	-0.0015341581861237
0.2607984687857959	-0.0011504261136840
0.2610531619652145	-0.0008379745901038
0.2612960730062819	-0.0005525405909493
0.2615354333696677	-0.0002890959634758
0.2617799426224323	-0.0000447113524995
0.2620922216611780	0.0002231061289571
0.2624532168783448	0.0004616605468473
0.2629000039317213	0.0006443751986576
0.2632179317329155	0.0007017923374171
0.2634261349098090	0.0007107288199041
0.2636776694599433	0.0006959148313101
0.2639180975220983	0.0006617758055966
0.2641585255842533	0.0006138447699941
0.2643772013793757	0.0005635742263612
0.2646217932187214	0.0005051393426074
0.2649584372990170	0.0004301708450330
0.2653380394132643	0.0003639776979036
0.2658265539032134	0.0003167976965966
0.2661531294909711	0.0003068726677820
0.2664106810706748	0.0003070764552242
0.2667128210369879	0.0003110367391944
0.2669283107266520	0.0003126298427294
0.2672236803320525	0.0003079326871216
0.2685251232086900	0.0001384492024135
0.2687492523121836	0.0000903909225145
0.2690399693112259	0.0000284166352131
0.2692864673010620	-0.0000193757438596
0.2695935785487097	-0.0000664641136203
0.2700010515320597	-0.0000994071787245
0.2704502727386892	-0.0000905316490430
0.2707049642149315	-0.0000659390568153
0.2710051230689381	-0.0000237060913648
0.2712229111387117	0.0000118657436514
0.2714824494108457	0.0000547282662075
0.2717385080617291	0.0000915985293109
0.2719945667126124	0.0001172636646500
0.2724600260254174	0.0001206717338412
0.2729260980624474	0.0000550022893229
0.2732246463908506	-0.0000228274966281
0.2734432097867977	-0.0000941150808906
0.2736950655033313	-0.0001862005755427
0.2739240116847474	-0.0002738822894474
0.2741554342050751	-0.0003604167174285
0.2743827719776202	-0.0004371870313630
0.2746282297367026	-0.0005044343892519
0.2749137435102718	-0.0005543894213397
0.2751921258388431	-0.0005664995975776
0.2756032645419171	-0.0005098987281071
0.2759188083586047	-0.0004061784013654
0.2761820081396070	-0.0002846605888336
0.2764207871385199	-0.0001532483744105
0.2766047926066058	-0.0000424941827970
0.2767823758872517	0.0000683680539608
0.2769901389066861	0.0001985780634071
0.2772024892255706	0.0003264073384800
0.2774028983955351	0.0004368187978736
0.2776233023731233	0.0005412606684554
0.2779227432167881	0.0006456610590093
0.2782889033287590	0.0007026213461654
0.2785451581980106	0.0006923540877640
0.2788059765195315	0.0006402791646941
0.2790493789663026	0.0005575016578017
0.2792593601300115	0.0004637792272702
0.2794423452759963	0.0003690816717310
0.2796415182620184	0.0002563352952683
0.2798292781258701	0.0001452455978130
0.2800413923724351	0.0000193902679344
0.2802535066190002	-0.0001011721402537
0.2804994574301229	-0.0002269874568497
0.2808148975273053	-0.0003554666176785
0.2811891512918519	-0.0004464908429971
0.2814737007186019	-0.0004663231083171
0.2817414013607843	-0.0004468688553182
0.2820101017513699	-0.0003944101448172
0.2821989173874924	-0.0003415288150799
0.2824192454098060	-0.0002671717701027
0.2826114504398283	-0.0001953966333692
0.2828400853723984	-0.0001066111473271
0.2830594876699659	-0.0000232485277971
0.2832963082983823	0.0000589752118300
0.2836314541652626	0.0001519964401298
0.2840850714971903	0.0002194217762333
0.2842718831114229	0.0002258940655494
0.2845859369419172	0.0002101978098561
0.2848809282831599	0.0001702367880237
0.2851365670121355	0.0001223717132652
0.2853920156589839	0.0000682025749695
0.2856429312678897	0.0000154933488757
0.2858991666286390	-0.0000322783664157
0.2862682122450172	-0.0000798816351205
0.2871499383566391	-0.0000536001594934
0.2874388844880505	-0.0000055625848514
0.2877117465155168	0.0000494707900074
0.2879659932779925	0.0001039495089348
0.2882217958668172	0.0001551656305630
0.2885173219301485	0.0002030799930457
0.2888591774558663	0.0002348425206605
0.2892870614475162	0.0002285914332976
0.2895895528997914	0.0001915162426175
0.2898240594497607	0.0001457160478758
0.2901113333452615	0.0000734941460204
0.2903909821637871	-0.0000084368808074
0.2905663750031587	-0.0000622969184588
0.2908258979191654	-0.0001409722160104
0.2910924018332353	-0.0002151361583511
0.2913730807048471	-0.0002800083589234
0.2917291382121830	-0.0003349448401706
0.2926789752471706	-0.0003061569239270
0.2928918103931765	-0.0002694118705071
0.2931683907492715	-0.0002113803408600
0.2934974274037086	-0.0001344378660029
0.2937598970354104	-0.0000727504345239
0.2941530945423906	0.0000095096746845
0.2945775694763669	0.0000742885916090
0.2952207770839389	0.0001134940912189
0.2954826028494661	0.0001109994511979
0.2958141356621297	0.0000967708248012
0.2961438785104428	0.0000759156025248
0.2965540881394665	0.0000485155922403
0.2972582992299693	0.0000144616291198
0.2975810389382665	0.0000054212271944
0.2979726043200269	-0.0000028099683442
0.2982576304824204	-0.0000104819652067
0.2986216595462708	-0.0000257849510483
0.2996286925275848	-0.0001137553617385
0.2998831816351711	-0.0001423375849747
0.3002081064356334	-0.0001756532455948
0.3005189989852903	-0.0001985246597603
0.3008488758354515	-0.0002068323024753
0.3011982583661651	-0.0001918505039009
0.3017350345858311	-0.0001122948347916
0.3020686963522337	-0.0000299669611601
0.3023728128385736	0.0000609699662078
0.3026239453718658	0.0001423108210506
0.3028932258859423	0.0002299223821747
0.3030921422581421	0.0002909814806852
0.3033469569549626	0.0003593955253807
0.3036837644344449	0.0004251766703352
0.3042322933920713	0.0004507732296065
0.3047151905678283	0.0003786682375996
0.3049749007887037	0.0003061866323346
0.3052505482439631	0.0002094960614325
0.3054839179707166	0.0001168673929012
0.3057314267277363	0.0000137622538175
0.3059573341642738	-0.0000796302724789
0.3061980772326294	-0.0001719566828143
0.3064967266484876	-0.0002688608697150
0.3067962108876043	-0.0003390388441369
0.3076160041753239	-0.0003615491867334
0.3077895787665626	-0.0003361001300699
0.3080688728835512	-0.0002785028507232
0.3083177313205798	-0.0002158205326192
0.3085665897576084	-0.0001483137164631
0.3087963088677471	-0.0000871190254918
0.3090001458869366	-0.0000383882105311
0.3092893369124066	0.0000160567956921
0.3096007699906642	0.0000491633060477
0.3100048655632162	0.0000457365037470
0.3103157894955131	0.0000082885421960
0.3105459319699342	-0.0000356938007002
0.3108108215411584	-0.0000980219131478
0.3110370579755609	-0.0001560430054808
0.3112766298600664	-0.0002163942822850
0.3115162017445720	-0.0002698883690174
0.3117583978976350	-0.0003109101657730
0.3120228917749711	-0.0003347126035979
0.3124494434499084	-0.0003156555111336
0.3128802300365102	-0.0002189899998698
0.3131339672056836	-0.0001289393928895
0.3133969083636199	-0.0000159131754547
0.3135831949795768	0.0000720633445832
0.3138162424128520	0.0001863445387054
0.3139948215127489	0.0002730953095393
0.3142167306669291	0.0003745220297523
0.3144404972356250	0.0004642480264712
0.3147156345827720	0.0005501000738751
0.3150830318159636	0.0006096728363312
0.3159032530785653	0.0004805719114930
0.3160964216846369	0.0004018716354962
0.3163403776059884	0.0002834879893016
0.3165293553193370	0.0001816173315535
0.3167510915001461	0.0000560742741295
0.3169622815755404	-0.0000642567600848
0.3171780434723873	-0.0001813050511433
0.3174065986515171	-0.0002928148525937
0.3176383621659619	-0.0003873700767765
0.3180014851490554	-0.0004858206220830
0.3183427009757045	-0.0005142430710235
0.3186909350960309	-0.0004771778997747
0.3189560299632668	-0.0004079361809341
0.3191667358776700	-0.0003317492150359
0.3193756347588697	-0.0002418020733032
0.3195625249431162	-0.0001529521611465
0.3197907122435502	-0.0000385315428630
0.3199775474316317	0.0000556743247475
0.3201706064794502	0.0001493678761487
0.3204085053897524	0.0002545438958443
0.3207187769478977	0.0003664514304647
0.3210887695383089	0.0004503874319878
0.3214635133740313	0.0004728063940874
0.3218377715973352	0.0004334290206106
0.3220433488002124	0.0003889363892100
0.3223004286811004	0.0003148386305294
0.3225505849989724	0.0002291494574773
0.3227920869307353	0.0001391425083700
0.3230366894580500	0.0000470072200925
0.3232928893534399	-0.0000444188738413
0.3235577442139479	-0.0001282347896786
0.3239887636554921	-0.0002283217166640
0.3242881818085279	-0.0002661075238232
0.3245992566254980	-0.0002767119322751
0.3248596037954374	-0.0002644547258887
0.3251851203708405	-0.0002266119479490
0.3254759268681800	-0.0001769772846793
0.3257609133074861	-0.0001198987453713
0.3260532540567998	-0.0000589764371263
0.3263775345417493	0.0000054330520490
0.3267824029748432	0.0000723811763780
0.3272167624519680	0.0001198149457457
0.3275323718263516	0.0001368232856309
0.3280069017706181	0.0001369513108265
0.3286477244638936	0.0000998734923023
0.3290778345624866	0.0000611136621408
0.3293817537821514	0.0000308005632447
0.3302297189465873	-0.0000547096348262
0.3314717735928210	-0.0001596761650858
0.3317974174433754	-0.0001774284946403
0.3321810781231885	-0.0001883090567703
0.3326247258493951	-0.0001828208910673
0.3333549712092903	-0.0001219574232145
0.3336828680853073	-0.0000741283958560
0.3340996011217836	-0.0000002548792506
0.3343419570346216	0.0000460766076353
0.3346812643073012	0.0001105139870336
0.3350297815665347	0.0001694753250912
0.3353655306559850	0.0002135815279212
0.3357764336032141	0.0002422282303086
0.3362899576737120	0.0002301595557083
0.3367724286969418	0.0001704740393762
0.3371368328173129	0.0001002027198988
0.3373557059577115	0.0000509676621930
0.3376663078764867	-0.0000228100431622
0.3379146496042816	-0.0000812783839714
0.3382125535454398	-0.0001454680767267
0.3385169052868885	-0.0001986585412287
0.3389538498397988	-0.0002444577216031
0.3401066550828941	-0.0001501117809560
0.3404269231555630	-0.0000750703857155
0.3406971063846673	-0.0000022061877275
0.3410016776781163	0.0000849277637949
0.3412467558232504	0.0001546249838742
0.3415374845543442	0.0002314245438181
0.3418838646937132	0.0003075438398198
0.3422185523306925	0.0003578251765279
0.3425808174077325	0.0003802615362228
0.3431141583076039	0.0003462674865497
0.3434283746886494	0.0002886503027580
0.3437955363449134	0.0001900935832886
0.3440371825604441	0.0001104390845167
0.3443287657770058	0.0000030268906472
0.3445937317694949	-0.0001003595159599
0.3448541253532593	-0.0002022819294550
0.3451327089156372	-0.0003057706500666
0.3453848223052879	-0.0003899825504423
0.3457013192355127	-0.0004754943320227
0.3460147839334465	-0.0005315542102268
0.3463494453417219	-0.0005527021063339
0.3471769093975390	-0.0004165156040281
0.3474802110809120	-0.0003039535556212
0.3477616681304640	-0.0001770892552814
0.3480181520413476	-0.0000486386583999
0.3482543216566162	0.0000746970294638
0.3484949108907064	0.0001993628017941
0.3487462731159667	0.0003224023182664
0.3489857067726901	0.0004263898216963
0.3493218906879452	0.0005407934146730
0.3496210910121265	0.0006019107878737
0.3502104477581269	0.0005894968731612
0.3505531008801510	0.0005001848277517
0.3508387617514679	0.0003854422540492
0.3510386297925219	0.0002878510691206
0.3512743773924885	0.0001594057137650
0.3514957419117855	0.0000312491162573
0.3517096589192241	-0.0000938655200306
0.3519371939081480	-0.0002221050272192
0.3521637140577440	-0.0003392731963324
0.3524420065893871	-0.0004598241584152
0.3527630223673220	-0.0005566119172263
0.3532036691389923	-0.0006010927146560
0.3535456535003493	-0.0005619202176196
0.3538007403505043	-0.0004942725262118
0.3540242377284833	-0.0004122910434057
0.3542618621443695	-0.0003076782284955
0.3544589634254225	-0.0002116638771671
0.3546807478669734	-0.0000996589718408
0.3548801036168912	-0.0000001295224916
0.3551025049839346	0.0001042500161756
0.3553812561153605	0.0002171251230744
0.3556700998640479	0.0003040894480060
0.3561279260969237	0.0003636099151823
0.3564308179290061	0.0003481357078966
0.3566993208987969	0.0003016188136578
0.3568882484646856	0.0002539655513516
0.3570900541166026	0.0001929561666563
0.3572753644084540	0.0001313548618312
0.3574660745867732	0.0000661072400887
0.3576862374916386	-0.0000065275400665
0.3579465672951216	-0.0000815952072200
0.3582031688467989	-0.0001357910161165
0.3585097299951143	-0.0001662159706745
0.3592715955731884	-0.0000544080580958
0.3595255700606616	0.0000358289902054
0.3597115245339383	0.0001127491617765
0.3599333407865293	0.0002115119632554
0.3601039621161858	0.0002883194755221
0.3603143853014028	0.0003791448413584
0.3605248084866197	0.0004600620932270
0.3607389577536662	0.0005260967510799
0.3609600355599260	0.0005711413503198
0.3612503788166286	0.0005871727053736
0.3616747150620563	0.0005106969041448
0.3618858457543341	0.0004277710938482
0.3621324616500207	0.0002964540393470
0.3623640996456640	0.0001447144358436
0.3625586391856022	0.0000012367190876
0.3627537108849759	-0.0001520154409532
0.3629488881000824	-0.0003090789238730
0.3631432367069525	-0.0004631316209730
0.3633360108828613	-0.0006074366246043
0.3635581915965306	-0.0007561678231313
0.3637608195503595	-0.0008691073852541
0.3640015567098933	-0.0009678204604467
0.3643349658354813	-0.0010296457050394
0.3646245731469846	-0.0010066919248360
0.3648368186068422	-0.0009446119171868
0.3650756012436950	-0.0008320766256461
0.3653019825828908	-0.0006889040067843
0.3654912847884606	-0.0005469644875941
0.3656794688676096	-0.0003908326180435
0.3658738577972450	-0.0002193728274601
0.3660560474031784	-0.0000548761798161
0.3662465011668017	0.0001151871107204
0.3664645355327478	0.0003005550933755
0.3666760048908871	0.0004635414050985
0.3668859342086164	0.0006029455833428
0.3672367168490470	0.0007726655764649
0.3678971476904668	0.0008451895505491
0.3681614736793190	0.0007866476812981
0.3683661300008947	0.0007128597111858
0.3685699669802297	0.0006194762668117
0.3687638478489026	0.0005170123390999
0.3689616476134628	0.0004037719002503
0.3691691164113469	0.0002812701439676
0.3693991226246006	0.0001476197189905
0.3696454217574851	0.0000145714271931
0.3698808633241351	-0.0000964853637150
0.3702806063473063	-0.0002367115677069
0.3708123009866536	-0.0003175793944884
0.3710073821212716	-0.0003193031241779
0.3712799114340250	-0.0003020338152123
0.3714960693004826	-0.0002765271092858
0.3717419471478526	-0.0002403537947486
0.3719892266336985	-0.0002019650203589
0.3722438141959675	-0.0001658851766301
0.3726923507426638	-0.0001251418976294
0.3730631365538547	-0.0001200953039509
0.3733129964881107	-0.0001306397102729
0.3735562351579038	-0.0001490340101548
0.3738229210035062	-0.0001735034754194
0.3740831440208832	-0.0001959779035404
0.3743426924466899	-0.0002111658677956
0.3746789032832866	-0.0002104532227923
0.3753101034136583	-0.0001203776502701
0.3755914248943841	-0.0000396493730811
0.3758630309236204	0.0000582720997273
0.3760664668572008	0.0001408750680714
0.3762640246258308	0.0002252632088404
0.3764572333129172	0.0003082853052137
0.3766841849483911	0.0004018841321385
0.3769140556573749	0.0004864887279648
0.3771644614255997	0.0005599073212235
0.3774316566110654	0.0006100024908234
0.3777107204353319	0.0006251079117133
0.3784472360891221	0.0004665110396041
0.3786963774263146	0.0003543958533200
0.3789256776964837	0.0002325561915120
0.3791143200224725	0.0001235067190078
0.3793363219435334	-0.0000098371694109
0.3795204811251790	-0.0001201249066039
0.3797358934128037	-0.0002430394978684
0.3799737094863703	-0.0003649617703307
0.3802047077821752	-0.0004638893010798
0.3806561989164914	-0.0005842689644842
0.3812321937111203	-0.0005793909093304
0.3814876842046767	-0.0005240907436093
0.3817371689873252	-0.0004456234219115
0.3819355918729944	-0.0003702575129630
0.3821627931583245	-0.0002757753347563
0.3823603137465180	-0.0001910709764015
0.3826214043840483	-0.0000825294791145
0.3828588102395435	0.0000060070863296
0.3831101955383491	0.0000834752458696
0.3837033152361234	0.0001762880234945
0.3840101599576190	0.0001713849278474
0.3842779936567028	0.0001415862985175
0.3845114275451422	0.0001007244629644
0.3847542847526823	0.0000494431280712
0.3849819376768666	-0.0000016020224453
0.3852643669264271	-0.0000608748748687
0.3855241714589717	-0.0001040552558763
0.3857841074552240	-0.0001300052562764
0.3863697862693733	-0.0001074048185026
0.3866246392665780	-0.0000609116844613
0.3869115935078581	0.0000140503238042
0.3871738494816740	0.0000976325403233
0.3873852237226542	0.0001710109143313
0.3876246297770887	0.0002546008340807
0.3878481530478266	0.0003281526895382
0.3880895749111182	0.0003971306126252
0.3883890136548476	0.0004596271186526
0.3888931128797667	0.0004890841574203
0.3893700928842101	0.0004197582773527
0.3896354947420814	0.0003438244405410
0.3899077805632417	0.0002446816614419
0.3900805848828953	0.0001738830628221
0.3903249146149099	0.0000681819170639
0.3905509655204596	-0.0000307365675252
0.3907884145108713	-0.0001297604356692
0.3911110606958967	-0.0002474822869077
0.3914350887593553	-0.0003365898482031
0.3922510045030203	-0.0003942703490870
0.3925184108952365	-0.0003617652552508
0.3928048622260785	-0.0003040631193077
0.3930237339628809	-0.0002479927396626
0.3932890177866306	-0.0001705584938970
0.3936049831662433	-0.0000720565093191
0.3939000505440089	0.0000194130747928
0.3942203645605172	0.0001116297341152
0.3946062037522327	0.0002073592875245
0.3949715141956315	0.0002801173032579
0.3952223223788134	0.0003207245861785
0.3956186628024250	0.0003732455783097
0.3959731438545437	0.0004132328978043
0.3965641457064162	0.0004783057611661
0.3973595101672876	0.0005757300667737
0.3977760134082466	0.0006263289569259
0.3982190231219120	0.0006720587996305
0.3989177520396081	0.0007157157864564
0.3992357038871826	0.0007262415442411
0.3994713959137364	0.0007334028896863
0.3997583282271829	0.0007450702901749
0.4000208178616868	0.0007633633594722
0.4002445448724898	0.0007886391794597
0.4005815747651450	0.0008498872486193
0.4008340701152561	0.0009191264291218
0.4011458079558822	0.0010376451048189
0.4013818582049732	0.0011536844464722
0.4018847605900386	0.0014792200323666
0.4021761728651025	0.0017137583189354
0.4025354815520151	0.0020418390909425
0.4028898192739651	0.0023964228250715
0.4032638822326248	0.0027911026647050
0.4037347224811381	0.0032995344715497
0.4046032056541375	0.0042334887396158
0.4050009529310887	0.0046702888339099
0.4053544637455530	0.0050825798659487
0.4057626124291617	0.0056093381126923
0.4062146926389869	0.0062881578127599
0.4066752681272739	0.0071164932195456
0.4081384126283653	0.0108279997033290
0.4087313361538315	0.0127557326227426
0.4097842673261671	0.0166546887281888
0.4102656461389966	0.0186651258103703
0.4108220807140071	0.0212366199898883
0.4114249892798569	0.0244242967856747
0.4121587520810354	0.0290452645714535
0.4128146336776889	0.0339481342156683
0.4137331133346546	0.0420669893075716
0.4160017338721671	0.0680972043963889
0.4166467460966113	0.0773239015377998
0.4178392058635324	0.0971116010164697
0.4188097099528276	0.1159463107601731
0.4204520378758616	0.1531571545129987
0.4232994133938214	0.2322028737589197
0.4240898911731074	0.2566324756141084
0.4257432871788307	0.3090105259143315
0.4273861789253930	0.3608468592643381
0.4287637677124441	0.4009542782834558
0.4306304800032125	0.4461608214724245
0.4318491810402899	0.4665257748984402
0.4329981026998291	0.4771585432940765
0.4345147852221357	0.4784189727355174
0.4357812903539371	0.4662869412325176
0.4366519315359659	0.4504920353791257
0.4378427903987387	0.4208082660711573
0.4394818663396908	0.3674673329035092
0.4409315851346773	0.3101767231235116
0.4418987554702064	0.2682808679685797
0.4426407037212841	0.2352696116250801
0.4435687724544466	0.1941233778547301
0.4445178705550178	0.1535010015860944
0.4455563411754592	0.1119004733702252
0.4464435739859835	0.0794917183120415
0.4471872479413958	0.0551481569619131
0.4477277266256171	0.0393498826426050
0.4482217805862069	0.0264259229311095
0.4492506261743751	0.0043126334888347
0.4495744813158601	-0.0013390800495950
0.4497945640988087	-0.0048366268024505
0.4500682263959653	-0.0088161220936230
0.4505029908208209	-0.0143343317161432
0.4509520397002342	-0.0190564728113666
0.4516518064316778	-0.0245690300087850
0.4530002577423649	-0.0291986147826964
0.4537125575824489	-0.0285778739387407
0.4542231105362176	-0.0269618835036285
0.4547029331334917	-0.0247028346135281
0.4551499427361418	-0.0221140316764449
0.4555554594633735	-0.0195009909575749
0.4559335237207445	-0.0169504022912609
0.4564492656907189	-0.0134679909750582
0.4568628808441889	-0.0107942988858448
0.4573191350860867	-0.0080571196663703
0.4584499253420128	-0.0024422162890275
0.4588133485781123	-0.0009688759440316
0.4591214520671275	0.0001721742641717
0.4593699251178952	0.0010258807310465
0.4601431580475883	0.0033203445909404
0.4605199846356442	0.0042279532742097
0.4608942041597703	0.0049732544235307
0.4613685442130334	0.0056663675155709
0.4624327364588290	0.0061027872348442
0.4628167706847253	0.0059017514973619
0.4631479522381293	0.0056071131418077
0.4634853665438711	0.0052197556605831
0.4638507779699288	0.0047337415842993
0.4642059561518055	0.0042278811871639
0.4645853683306558	0.0036804735506185
0.4650895804167494	0.0029760587911935
0.4654361061957326	0.0025144027142798
0.4657760021382838	0.0020748211463446
0.4661050092557134	0.0016518663471862
0.4664901832251196	0.0011454540145746
0.4670301495365580	0.0003887311602360
0.4672803281191336	0.0000160930610957
0.4675241662461512	-0.0003581887799646
0.4677013177756078	-0.0006342919755536
0.4679307248029881	-0.0009926328783189
0.4681405736522601	-0.0013152456838340
0.4683605315192247	-0.0016415160468880
0.4685837397302607	-0.0019517746423430
0.4688202630027696	-0.0022478356505570
0.4691019069053336	-0.0025424956959509
0.4694348578660806	-0.0027902600020639
0.4698779557331109	-0.0029204578172040
0.4704171176770595	-0.0027507268014199
0.4707338346137894	-0.0024947123327007
0.4709985731791356	-0.0022078827382412
0.4712439603325786	-0.0018964305865772
0.4714691396650902	-0.0015847380259410
0.4716697218221982	-0.0012957462457139
0.4718664072307985	-0.0010101717775735
0.4720671221628432	-0.0007243265020714
0.4722561577551651	-0.0004672360385888
0.4724513128634549	-0.0002200013614714
0.4727652789067560	0.0001268477732652
0.4730470634639795	0.0003742308522817
0.4736143877581189	0.0006732725326371
0.4738335512994817	0.0007213993149007
0.4740667947244644	0.0007380615196768
0.4742826848580245	0.0007274073612901
0.4744902704977825	0.0006994812392500
0.4746992958691510	0.0006598656760776
0.4749412322409091	0.0006067378828866
0.4751849971259166	0.0005532078249546
0.4754336393210767	0.0005054637357493
0.4757545076553120	0.0004627647305252
0.4763153245652438	0.0004512300065779
0.4765855675219881	0.0004709272236950
0.4768347025922945	0.0004977452769717
0.4771374867380018	0.0005333818482372
0.4774261875014127	0.0005610735578614
0.4776740734489192	0.0005731843759581
0.4779707051214481	0.0005666146396251
0.4785113001554039	0.0004827801225356
0.4787500324476544	0.0004166356108176
0.4789979147000229	0.0003322251426980
0.4792619616855279	0.0002301254866365
0.4795072845644829	0.0001298786522377
0.4797669768516820	0.0000245602486130
0.4800314067708733	-0.0000745425633117
0.4802476553884930	-0.0001448473405707
0.4805403977158456	-0.0002192331798387
0.4809769582837167	-0.0002782139938724
0.4812091039163149	-0.0002842132420756
0.4815008181620007	-0.0002702705818058
0.4817698379611968	-0.0002420243505127
0.4819796738131282	-0.0002140089269676
0.4822243432762923	-0.0001805348445202
0.4824953310635605	-0.0001486153219740
0.4827414958220844	-0.0001300106869417
0.4830423259518760	-0.0001271342266163
0.4836675557413985	-0.0002025858375815
0.4839107203854763	-0.0002582423009217
0.4841613660815619	-0.0003246273969559
0.4844005523942942	-0.0003907515752264
0.4845958093746419	-0.0004421437009054
0.4848221976233104	-0.0004933494879730
0.4851156857562521	-0.0005382482027102
0.4853722720611797	-0.0005492433306849
0.4858230285863419	-0.0004886131103474
0.4861874070200244	-0.0003606066607069
0.4864320776254520	-0.0002383443201488
0.4866551495545045	-0.0001067041619335
0.4868768087745683	0.0000376073967900
0.4870868905031079	0.0001807060334589
0.4872808635754805	0.0003129238414612
0.4874815396741898	0.0004437624339186
0.4877062949659594	0.0005763467384227
0.4879138938209600	0.0006791624792002
0.4881465043500560	0.0007656758506388
0.4884544609236522	0.0008244252077071
0.4889997366505694	0.0007553093403538
0.4892562920674394	0.0006488829980846
0.4894907686837296	0.0005171745834459
0.4896443215430642	0.0004166488532161
0.4898454081351939	0.0002727207310962
0.4900431536106589	0.0001231596410735
0.4902325436843898	-0.0000219729140217
0.4904244983265565	-0.0001647872267649
0.4906498958091434	-0.0003197145275004
0.4908581413373136	-0.0004437101223171
0.4911213387671551	-0.0005656303934820
0.4914089008687718	-0.0006453828090514
0.4919810879922913	-0.0006217663705109
0.4922173446837924	-0.0005452593838326
0.4924262061504239	-0.0004509001401896
0.4926387178999572	-0.0003351394300069
0.4928260341553380	-0.0002214230211288
0.4930249839851330	-0.0000948014380510
0.4932239338149280	0.0000322439332940
0.4934402200314714	0.0001641208680208
0.4936190135671552	0.0002631047510301
0.4938797812769367	0.0003836795777400
0.4941517607614953	0.0004715252029642
0.4945430631046136	0.0005190475038514
0.4947964626267049	0.0004989027952321
0.4950517726626389	0.0004414757204720
0.4952933605602124	0.0003583950393031
0.4955006786460686	0.0002701840228195
0.4957191935149762	0.0001662028798414
0.4959135806963264	0.0000691637841858
0.4961248926744005	-0.0000349827050180
0.4963664160537948	-0.0001457435179282
0.4965926218712056	-0.0002355645359173
0.4970680414591229	-0.0003606305277843
0.4975673402009236	-0.0003831475895400
0.4978118582221759	-0.0003561371072695
0.4980362470735978	-0.0003138546256039
0.4982228977072221	-0.0002694862904098
0.4984314063705285	-0.0002137320763320
0.4986496383599908	-0.0001530985092456
0.4988795395704586	-0.0000923954638359
0.4992187800710021	-0.0000187302206916
0.4996488279560656	0.0000302902478771
0.5001057360460610	0.0000173184818535
0.5003182631169710	-0.0000096998847532
0.5005696441305540	-0.0000542828679037
0.5008245255168069	-0.0001081241172273
0.5009768487134367	-0.0001412673164262
0.5012125154560234	-0.0001897163106314
0.5014654133609951	-0.0002321556929475
0.5017092860706209	-0.0002577805248894
0.5020962488939141	-0.0002553865174056
0.5023878985782736	-0.0002139728068747
0.5026621900138976	-0.0001439439699276
0.5029121297770403	-0.0000571617166418
0.5031361388593262	0.0000351960482307
0.5033718679532114	0.0001414086574201
0.5035541332947694	0.0002258129274340
0.5037755547367461	0.0003258103529429
0.5039763490531151	0.0004091564946339
0.5041978904314794	0.0004876731158438
0.5044907523351122	0.0005610907401305
0.5048091182698758	0.0005915818379676
0.5054678124373665	0.0004691194899238
0.5057205709495021	0.0003594528366256
0.5059635749759743	0.0002286540932221
0.5061346405135607	0.0001254314140672
0.5063487196042262	-0.0000115473567388
0.5065571034657759	-0.0001475830813704
0.5068005679089986	-0.0003025899212093
0.5069747275917686	-0.0004057191226745
0.5072376258883434	-0.0005416630037987
0.5075380496208161	-0.0006575768363853
0.5078889555876579	-0.0007272293495856
0.5082459493471108	-0.0007182849220757
0.5084591354068748	-0.0006751961069226
0.5087028272281621	-0.0005946963975670
0.5089201843023524	-0.0004987068055773
0.5091503237628525	-0.0003780071382508
0.5093500216195347	-0.0002620468966182
0.5095649604467984	-0.0001312415924849
0.5097728434642070	-0.0000044842403285
0.5100011951150729	0.0001286910449186
0.5102356004542873	0.0002527262711606
0.5105355025141777	0.0003838518290941
0.5108647739058400	0.0004824296480902
0.5115606151846279	0.0005150857688897
0.5118460034885274	0.0004647786502170
0.5120924254292201	0.0003983339673288
0.5122931270504715	0.0003327846664355
0.5125359825694213	0.0002447327486865
0.5127782118625605	0.0001529352566214
0.5130198480356974	0.0000634752720505
0.5133626678957133	-0.0000499490645303
0.5137046431296588	-0.0001366881762783
0.5141308457585313	-0.0001966055921917
0.5145788374464825	-0.0001977101645887
0.5148893669486436	-0.0001645594946964
0.5151938423889511	-0.0001102985888250
0.5154854763579058	-0.0000447215725785
0.5157634945223514	0.0000249425413564
0.5160523694602454	0.0000989420427826
0.5164256133043237	0.0001884612851792
0.5167518981052612	0.0002535257983090
0.5171725527197748	0.0003103704384037
0.5176847332625969	0.0003311246915482
0.5181498898147485	0.0003018187670946
0.5185368211872822	0.0002449202090665
0.5189134492862851	0.0001658416718087
0.5192746839364684	0.0000744028171806
0.5196344907005848	-0.0000264521484509
0.5198918517430522	-0.0000999219828067
0.5202164229527348	-0.0001891995702119
0.5205012413614841	-0.0002598150590228
0.5208205936376357	-0.0003251196737244
0.5212304330528263	-0.0003790835646395
0.5216156547457086	-0.0003911734911294
0.5223113631356190	-0.0003044614659326
0.5226013803048635	-0.0002296511275550
0.5228343641816510	-0.0001564012745758
0.5230636153748555	-0.0000758064328874
0.5233399090828450	0.0000276163800421
0.5235787025532129	0.0001181108577872
0.5238365255185149	0.0002107552895975
0.5240943484838169	0.0002926943059619
0.5244379102434682	0.0003762524288816
0.5247659187504989	0.0004197530619786
0.5251687423124045	0.0004159041289288
0.5255812705186516	0.0003441096774098
0.5258695583267229	0.0002570961062754
0.5261478877391033	0.0001506979399770
0.5263232188126827	0.0000756964033142
0.5265692422635514	-0.0000350462750626
0.5267796314159601	-0.0001305622727109
0.5269715695908679	-0.0002141467348616
0.5272058844215641	-0.0003069312723818
0.5275021052424208	-0.0004019162172855
0.5277708218583899	-0.0004593211568418
0.5281927825180825	-0.0004818544747624
0.5284739544646251	-0.0004469962553201
0.5287719758668346	-0.0003670552175232
0.5290462529231869	-0.0002582668576056
0.5292837399899745	-0.0001412969784728
0.5294867342589882	-0.0000286192390079
0.5297145353772905	0.0001073370759818
0.5299163022892169	0.0002316416996248
0.5301489392525074	0.0003743132071148
0.5304105721596470	0.0005273295624736
0.5306518185160273	0.0006551932893723
0.5310114648593204	0.0008110461671083
0.5315852178035876	0.0009510935494875
0.5318963642521467	0.0009670581187101
0.5322064021741451	0.0009442522972965
0.5324979204477246	0.0008934519187087
0.5327010271779657	0.0008449601398325
0.5329614894851833	0.0007724151363808
0.5331989289163181	0.0007007983166697
0.5334845631729587	0.0006147315313495
0.5337452882969326	0.0005422668231998
0.5341900512958309	0.0004460000322226
0.5347455889889460	0.0003981324460518
0.5353365949663683	0.0004532876807479
0.5358894050983720	0.0006047715888751
0.5364390776428043	0.0008434583678020
0.5369802975520461	0.0011567800545786
0.5379884452916862	0.0019302089946244
0.5385815756336397	0.0024920859924727
0.5391396839845624	0.0030797148615576
0.5396656948681307	0.0036702489625214
0.5402540009315308	0.0043517774771018
0.5411839720076861	0.0054456882826804
0.5416375083275915	0.0059980186816195
0.5421220133541809	0.0066279775711037
0.5425924721415951	0.0073123884795860
0.5431688459932671	0.0083007087921936
0.5438386483451524	0.0097284089090869
0.5450467323764543	0.0132275905470526
0.5458151374848293	0.0160669847149260
0.5470489456141340	0.0215865299813123
0.5478120014426526	0.0256809717443583
0.5487312806095835	0.0315205948080779
0.5499673766753330	0.0413399009399859
0.5515651017733810	0.0576085796383643
0.5524573230417430	0.0684429018765205
0.5535796849483527	0.0841172107472080
0.5556094711340775	0.1191275781655600
0.5573334411942242	0.1566175059887990
0.5586453248368526	0.1895173491951876
0.5603673340882864	0.2371145019383639
0.5622814066213069	0.2937998242912028
0.5642368317914030	0.3524114214413647
0.5649651832011231	0.3733827429568520
0.5661324786557220	0.4043699826758311
0.5682436927758108	0.4480510080452226
0.5698155326788877	0.4677088096572272
0.5713848678110023	0.4721010771372619
0.5723438961929664	0.4665393352828098
0.5732090236250715	0.4559911180661206
0.5749101801281220	0.4198697261419659
0.5758145283051039	0.3943023226941243
0.5768297823173729	0.3608288691742442
0.5781557391450963	0.3089632637155055
0.5791186072016371	0.2676105878261186
0.5800461956872872	0.2264727027153080
0.5809973856437787	0.1845679808947115
0.5826622986187755	0.1147596031997567
0.5835157217428264	0.0816300721853592
0.5842982165450956	0.0535628033074518
0.5849610730197827	0.0321357291314063
0.5854873210065206	0.0169601594391434
0.5861099747909115	0.0013217867428264
0.5863612327446841	-0.0042565474102186
0.5867055550531213	-0.0112268952007726
0.5870618069842380	-0.0176421890528728
0.5874710919093121	-0.0240600368946571
0.5880039462072650	-0.0309947683295913
0.5886501388893923	-0.0374188570418462
0.5910643236759696	-0.0436687073313831
0.5917041189596568	-0.0408478924546116
0.5922721365638277	-0.0370939010412735
0.5927245375635620	-0.0334828614911936
0.5931748295413086	-0.0295353368227066
0.5936355218931760	-0.0253180198557917
0.5940744359464484	-0.0212782493161247
0.5945715469641889	-0.0168168080427774
0.5951527870042360	-0.0118739843085423
0.5969781441193772	0.0012774867318846
0.5972213380223997	0.0027367900298184
0.5975201590502827	0.0044149448487295
0.5978784563417763	0.0062409600860451
0.5982981036024808	0.0080851836514432
0.5987914194712040	0.0097928925980721
0.5998850957923174	0.0116503946395424
0.6003810220057115	0.0116651868200863
0.6007937844630957	0.0113583233948074
0.6011684403358130	0.0108836743519254
0.6016017543511561	0.0101596380658851
0.6020743568647930	0.0092244890303596
0.6027034967163536	0.0078307686256576
0.6040625296775054	0.0044002999044038
0.6045903715133134	0.0029202991570364
0.6048901187343927	0.0020536665958862
0.6051599500945304	0.0012684570367069
0.6053797653936005	0.0006322847252608
0.6055901557061764	0.0000334511671970
0.6057766069417679	-0.0004841475295066
0.6059795362572148	-0.0010277343060902
0.6062144978984244	-0.0016243824280949
0.6064285987774045	-0.0021298951193111
0.6067590087738012	-0.0028247319522246
0.6071773151534985	-0.0035324235809089
0.6081927022551887	-0.0043736997703348
0.6085823589787455	-0.0043926717010604
0.6089081158739801	-0.0043075892463213
0.6092670341777086	-0.0041309827944194
0.6096416267613739	-0.0038811499477377
0.6101119960540128	-0.0035063001329886
0.6109864054193328	-0.0027116328501993
0.6115329087288610	-0.0021615785817218
0.6126221242162021	-0.0008936949441507
0.6129354819266686	-0.0004902491819825
0.6131875697853201	-0.0001605356279740
0.6134174114011769	0.0001389869862218
0.6136514848593186	0.0004377105151895
0.6138583400806217	0.0006915952214695
0.6140920013390478	0.0009616626216376
0.6143945333460407	0.0012768831558725
0.6146896249473863	0.0015368037800397
0.6150323338284602	0.0017698128816190
0.6155764340331452	0.0019732429266611
0.6159939855272564	0.0019935408356775
0.6163406812736636	0.0019324562277722
0.6166199518417597	0.0018421132758068
0.6169229182793241	0.0017132736943218
0.6172186500555340	0.0015667452887914
0.6175007582078103	0.0014174391160562
0.6178040513051373	0.0012551205442510
0.6182444073250010	0.0010277325757462
0.6188224101529239	0.0007567330079192
0.6192152125733377	0.0005874539421520
0.6195681014457242	0.0004397157825242
0.6198227018185964	0.0003323399594245
0.6205730513589616	-0.0000033238340918
0.6208706356646421	-0.0001452112962407
0.6211761295288684	-0.0002927900430300
0.6214965929503962	-0.0004439679376878
0.6217961447567998	-0.0005759645959276
0.6220546147953496	-0.0006777288804737
0.6223842830304872	-0.0007847152543859
0.6227720861225605	-0.0008704292045301
0.6236471611305519	-0.0008850291213199
0.6238931149514498	-0.0008481089244885
0.6241862974016055	-0.0007863243501676
0.6244951009143852	-0.0007065339982559
0.6247479190521795	-0.0006343510041838
0.6251022391256253	-0.0005307267494746
0.6254556520033564	-0.0004318545342376
0.6265366307739606	-0.0001945545475294
0.6269411053288642	-0.0001268222828708
0.6271860184199346	-0.0000869870514347
0.6275520895288872	-0.0000247117157025
0.6281410424103786	0.0000909205597497
0.6285757752947493	0.0001873822218349
0.6289338743774354	0.0002681239578344
0.6292617302140679	0.0003366233535626
0.6295003674762883	0.0003792169576905
0.6298069729743878	0.0004204291478377
0.6303120927540996	0.0004433351295587
0.6311716819608203	0.0003339656068780
0.6315014984714143	0.0002488128521155
0.6317901349563642	0.0001622738342498
0.6320764354170229	0.0000716199573130
0.6323627358776815	-0.0000180230941616
0.6326115122702833	-0.0000900932554985
0.6329120573539602	-0.0001649496453575
0.6335868751230537	-0.0002646150956929
0.6339321549311651	-0.0002746902062781
0.6342576536546158	-0.0002613875403683
0.6345951407002163	-0.0002288766427596
0.6349105618632493	-0.0001873131967213
0.6353014363958497	-0.0001288277088481
0.6355475874934458	-0.0000925539734736
0.6363191079460391	0.0000002064044981
0.6368009312602428	0.0000390397450780
0.6371597808086813	0.0000627385877443
0.6378067305647011	0.0001095394297093
0.6388817401001232	0.0002349677639801
0.6392278652169425	0.0002810844531202
0.6395020041191489	0.0003131199145178
0.6397431449941262	0.0003340913670756
0.6400890006100040	0.0003471953481622
0.6404503646786437	0.0003334295105061
0.6410105937663364	0.0002465273144619
0.6412789430056655	0.0001765540580983
0.6415479347316930	0.0000905308542914
0.6418295123340014	-0.0000116047274710
0.6421068790160962	-0.0001186589855014
0.6423263728231329	-0.0002035439140005
0.6425937011985069	-0.0003022806986160
0.6428312152008776	-0.0003807114598610
0.6431060048034073	-0.0004553818100578
0.6436042346931365	-0.0005327705571083
0.6440925858764922	-0.0005251915187883
0.6443637628661311	-0.0004859899900425
0.6446684487678181	-0.0004167827723830
0.6449566801464210	-0.0003323872331158
0.6451518005117026	-0.0002685108907989
0.6454178591612453	-0.0001774537352838
0.6456825632366876	-0.0000877119089585
0.6460236255744475	0.0000182294293535
0.6463819803684455	0.0001084029668137
0.6468450915855607	0.0001809892717244
0.6472197976198364	0.0002010436584813
0.6475737074151424	0.0001916892749275
0.6478953086501761	0.0001653903439176
0.6481686355158566	0.0001344191701176
0.6485743492876588	0.0000830384540927
0.6488959803495634	0.0000449431122249
0.6494062529598646	0.0000006097452128
0.6501277356422120	-0.0000202497816581
0.6504157242074931	-0.0000179026345031
0.6507913381566572	-0.0000119733393156
0.6511577780867097	-0.0000085210042714
0.6526060254013011	-0.0000718434350719
0.6529319286824584	-0.0000957490823804
0.6533430961307251	-0.0001186127931988
0.6537605595016173	-0.0001247449411572
0.6545322496921792	-0.0000725819027703
0.6548813275929591	-0.0000219942549060
0.6552116240298927	0.0000362921493750
0.6555342620439029	0.0000971114301363
0.6558584878834333	0.0001561929247834
0.6561791118594587	0.0002065728682695
0.6566371101282028	0.0002546526243978
0.6574479371550548	0.0002526463938305
0.6577438994500964	0.0002265148609535
0.6580521156173715	0.0001892684092841
0.6584279568663782	0.0001374009829576
0.6587964900670148	0.0000881412667809
0.6590414499243828	0.0000604746983194
0.6594237098787217	0.0000301130376727
0.6602204109401615	0.0000265702591701
0.6605675769080117	0.0000456117097786
0.6608141253008414	0.0000623645998871
0.6611713452586258	0.0000860802305422
0.6615336265268681	0.0001025179571378
0.6619267073773389	0.0001035640868863
0.6625559792138993	0.0000579230907174
0.6629752370300654	-0.0000041360016436
0.6633214028426789	-0.0000676337218700
0.6635870334371007	-0.0001195963592171
0.6638168305765464	-0.0001632730031143
0.6641489376734042	-0.0002195526162308
0.6644170731228298	-0.0002550902489293
0.6650260062553500	-0.0002876809762204
0.6658924921095002	-0.0002008664043143
0.6661603608709064	-0.0001473733751362
0.6664943725547634	-0.0000699623570543
0.6668189086924391	0.0000102345699574
0.6671462928715397	0.0000900158574986
0.6674704327555727	0.0001618231455610
0.6681751598800691	0.0002727262125637
0.6688193690457125	0.0003062320940201
0.6693043852117753	0.0002911165146067
0.6697291506378577	0.0002562676865225
0.6701244397614793	0.0002120214570296
0.6708993709816176	0.0001090059798194
0.6712514179010981	0.0000598663085743
0.6720098571082118	-0.0000464682993889
0.6726632894270421	-0.0001353719652805
0.6736068131119570	-0.0002454894912679
0.6741568257216561	-0.0002852889418127
0.6744335522350013	-0.0002943712221287
0.6748817410516954	-0.0002908908226877
0.6756924185298514	-0.0002254623012506
0.6759753873862058	-0.0001873291681133
0.6763317423880839	-0.0001312075023731
0.6768763814300028	-0.0000370794244571
0.6774948005660429	0.0000649653062461
0.6779055285939198	0.0001205890143225
0.6785695281536935	0.0001784387411068
0.6794755737922841	0.0001891305000244
0.6799640386639149	0.0001664056429784
0.6804259054617956	0.0001315781905977
0.6808981325080891	0.0000868095185020
0.6814305966127353	0.0000304832613693
0.6818837174285601	-0.0000176046429694
0.6823161536696236	-0.0000592008509066
0.6827410422848931	-0.0000920774089205
0.6832178558964163	-0.0001145985040973
0.6839289684859187	-0.0001115742928348
0.6843726261077770	-0.0000861412769950
0.6848251742119813	-0.0000463268077526
0.6851198671624564	-0.0000165945799459
0.6854719272058912	0.0000182122718616
0.6859844990914932	0.0000571153149207
0.6863653814626182	0.0000683270391655
0.6869495192966811	0.0000437272251398
0.6873430986098581	-0.0000032320945838
0.6877544357344670	-0.0000747614878717
0.6879875650698861	-0.0001222280104995
0.6883036525282286	-0.0001904320772022
0.6886139085261724	-0.0002559704764177
0.6889193459224550	-0.0003134228173739
0.6893012838191832	-0.0003662743806241
0.6898044969889543	-0.0003911946135325
0.6902161628179726	-0.0003671929911233
0.6905305720909746	-0.0003222774659601
0.6908119498468276	-0.0002648056356865
0.6911424915553931	-0.0001815495283199
0.6914473966053691	-0.0000953918903854
0.6917504538370770	-0.0000067574352962
0.6920436042591694	0.0000752495505527
0.6924086988036431	0.0001643626423640
0.6927599707758042	0.0002303875336226
0.6931717153059236	0.0002782671859874
0.6936072418320127	0.0002934361849769
0.6940001652363469	0.0002808170678702
0.6942817302175334	0.0002612061397569
0.6946161883382069	0.0002319307765737
0.6949048275334612	0.0002059988461301
0.6952543164488313	0.0001787720958829
0.6959153639972190	0.0001513481303995
0.6962432896087326	0.0001505763961129
0.6966493078197535	0.0001571480426696
0.6969486093787524	0.0001629761634907
0.6973011986225430	0.0001653810492634
0.6976537878663337	0.0001574793023455
0.6981006857421532	0.0001262991592415
0.6985296120529525	0.0000713081413206
0.6988286583395010	0.0000203871535371
0.6991613757109607	-0.0000448094758747
0.6994530154828668	-0.0001046527368221
0.6997079441344911	-0.0001549114789361
0.7000134277375134	-0.0002076394003886
0.7004090639917957	-0.0002558620218139
0.7007707314204148	-0.0002728557099568
0.7013528518221993	-0.0002369827823741
0.7016309637056543	-0.0001931407949277
0.7019711324513325	-0.0001200234878850
0.7022605070784962	-0.0000456699137376
0.7026061396879981	0.0000499241460427
0.7028170032769954	0.0001079588060952
0.7031357436665316	0.0001894494940212
0.7034400768234199	0.0002548807338645
0.7040212350955225	0.0003297261046710
0.7047233120973678	0.0003169262688006
0.7050990710469323	0.0002677758000034
0.7054287548507466	0.0002065963018165
0.7059097904169651	0.0000993217681333
0.7064125230737365	-0.0000177535616474
0.7067830368097288	-0.0000973968478454
0.7078246598386636	-0.0002555775601867
0.7083269705205000	-0.0002942186102047
0.7087740963253926	-0.0003108365035898
0.7098094027215972	-0.0002904892794532
0.7102400357139624	-0.0002546907944984
0.7113764478978358	-0.0000602904712095
0.7116660529409304	0.0000112082987756
0.7119937339929864	0.0000992476459049
0.7122983651096817	0.0001840614720521
0.7125307818490922	0.0002475810389707
0.7128588111646676	0.0003313927872909
0.7131194952798419	0.0003890755113365
0.7135508608810304	0.0004590127819224
0.7142078808017615	0.0004847597194399
0.7147936776173205	0.0004167814035843
0.7151695296496210	0.0003329183731486
0.7154908387022966	0.0002434551428445
0.7157963863302790	0.0001487200927678
0.7160754369186936	0.0000596529550019
0.7163758421393905	-0.0000331226420199
0.7167599715340379	-0.0001391744297441
0.7171586282792002	-0.0002249367009978
0.7176574431520699	-0.0002884745196288
0.7181429173149680	-0.0003014429767720
0.7185269143393183	-0.0002819872892720
0.7188668709045632	-0.0002482649701523
0.7192154593089471	-0.0002036538623331
0.7195977548738108	-0.0001495124746503
0.7198644551914647	-0.0001122105787230
0.7205717808260692	-0.0000278359514810
0.7209903872707822	0.0000089793873168
0.7215200520082545	0.0000447106414192
0.7219743139096372	0.0000714888447880
0.7224932958258229	0.0001038425021597
0.7233718056957104	0.0001737683597023
0.7238394310625692	0.0002146230289641
0.7242358692976789	0.0002458893990709
0.7247013289647988	0.0002722604885019
0.7250814227042565	0.0002815793897096
0.7254544259033370	0.0002778958200898
0.7258931271924682	0.0002591437159496
0.7262640471595994	0.0002344075034349
0.7266309829322918	0.0002081599073932
0.7269195307648210	0.0001903929021672
0.7272588733940595	0.0001780729313091
0.7276048544660036	0.0001812440078666
0.7280613456040261	0.0002179412933838
0.7288455909086079	0.0003855095072417
0.7291912456155694	0.0004996605369965
0.7295485710377633	0.0006374002835052
0.7298730878459012	0.0007739919076073
0.7301723263345049	0.0009042715568411
0.7304898420291285	0.0010414038827168
0.7308964314179464	0.0012068664180774
0.7315112238422687	0.0014197952493859
0.7317896930884770	0.0014997474655024
0.7321824321054166	0.0015982523802891
0.7325443793071663	0.0016817956935776
0.7328735406849182	0.0017605921969413
0.7332006729765279	0.0018522145676145
0.7335879276097299	0.0019906545014205
0.7339767821741335	0.0021783132459432
0.7344918674719981	0.0025229642389243
0.7350009897750598	0.0029846285407433
0.7354366478090864	0.0034727539656055
0.7358802919556194	0.0040445639233945
0.7362928799803474	0.0046253019674942
0.7367847800465608	0.0053498803147106
0.7374733348551301	0.0063751310750347
0.7381771794639702	0.0074132104991634
0.7385966777044632	0.0080482794313577
0.7390359955799380	0.0087586352753234
0.7394869052947484	0.0095791501805266
0.7399788370550594	0.0106302710729243
0.7405582610951728	0.0121425181503257
0.7416708594560607	0.0159904554220039
0.7423239151755001	0.0187623287900833
0.7430244587000298	0.0220261165664368
0.7442811466134903	0.0284273479321827
0.7449318400140483	0.0321164733451449
0.7455799684567883	0.0362398656020652
0.7463122652574230	0.0416855061789672
0.7472632195979055	0.0502586023471403
0.7479797121907378	0.0578363876386930
0.7487758017181058	0.0672473938052302
0.7509816162304426	0.0979240915012595
0.7520687844014958	0.1159966768208573
0.7540612067976716	0.1558819442486432
0.7548765083930735	0.1746731681582346
0.7559579158094097	0.2011245313998205
0.7584787630410514	0.2678814869994969
0.7592373532461635	0.2893246967444624
0.7603341824866948	0.3203533745895707
0.7622775437871296	0.3727025400483514
0.7633765277349490	0.3988549423004750
0.7647636447691479	0.4267402099839592
0.7668215684987645	0.4551274085981078
0.7679813158126859	0.4621459712758666
0.7700963971387346	0.4522177890171357
0.7715830275508250	0.4289951943320225
0.7727240489865281	0.4012737255076126
0.7739540762754522	0.3637372783091976
0.7754692096793686	0.3090297220663511
0.7771574222525632	0.2399311154261012
0.7778935718495213	0.2078757250540400
0.7789873964096571	0.1600359978555446
0.7802651287193659	0.1057089692164347
0.7810188357559990	0.0756876878335566
0.7818786068182536	0.0441811051505102
0.7822791572513667	0.0306665691657535
0.7829383358422507	0.0101771282076374
0.7834597857975762	-0.0044037329904542
0.7838931200774566	-0.0153855749657816
0.7845187043309348	-0.0293582358010003
0.7852019439172330	-0.0419678617061467
0.7861728813826931	-0.0548918677424220
0.7871083081378899	-0.0617655999043147
0.7876479945976772	-0.0634007000630233
0.7883053700770311	-0.0633269827166692
0.7889365518499958	-0.0614094132465672
0.7896172109791090	-0.0576697479923006
0.7904316719933677	-0.0513704286471472
0.7912878137165367	-0.0430583744738051
0.7920380137288796	-0.0346597450837333
0.7926837622024435	-0.0268339970617656
0.7931960079349585	-0.0204130219915754
0.7936047479615287	-0.0152744570646233
0.7939609180192926	-0.0108641465913412
0.7943168268466776	-0.0065926472935835
0.7946202862337107	-0.0031027893706715
0.7949490316036942	0.0004752779116660
0.7951429956494571	0.0024712941289953
0.7953962355645819	0.0049353466861005
0.7958607372578819	0.0089986381619113
0.7964911852692088	0.0134945356548611
0.7971984939695114	0.0171226494127280
0.7977422286463416	0.0189502595188095
0.7983555502561231	0.0201089928794702
0.7992034383100617	0.0203045344800115
0.7999843751955805	0.0192050785720960
0.8007042532381069	0.0172417936786504
0.8012748105878720	0.0151441132845627
0.8017636164101533	0.0130519441993431
0.8023274980562112	0.0104105079716576
0.8028637835421693	0.0077904111706593
0.8034045229161522	0.0051557539859379
0.8037755615144071	0.0034029355228400
0.8043159503195464	0.0009888783028775
0.8048626567953157	-0.0012382454231764
0.8052461297794228	-0.0026524734740257
0.8056406941321421	-0.0039708196075789
0.8061695008943227	-0.0055084979782050
0.8068042712103887	-0.0069816468938242
0.8074114393233000	-0.0079736969046987
0.8081641308095949	-0.0085751219513581
0.8089361451965928	-0.0084291780647224
0.8095547027407237	-0.0077731517605396
0.8100148609624498	-0.0070140035773823
0.8104784925466743	-0.0060585628828132
0.8109206281192969	-0.0050152208181904
0.8113187061282334	-0.0040048402932150
0.8116870785338605	-0.0030410942437017
0.8120246825657649	-0.0021565573096672
0.8123134752318134	-0.0014129868680118
0.8125913858410522	-0.0007189428995865
0.8128750650826255	-0.0000408655871283
0.8131912472106234	0.0006699313869217
0.8134451631015484	0.0012006636840659
0.8137729517159213	0.0018266694764477
0.8141920896487955	0.0025215648736678
0.8148338957661440	0.0033359603636545
0.8159058936993601	0.0039959766491931
0.8165379359697782	0.0039921266655840
0.8169783806816743	0.0038361074341556
0.8174560047239751	0.0035431955199160
0.8179687423570192	0.0031082774273054
0.8184399317264075	0.0026222969504187
0.8188799821829948	0.0021136269617758
0.8192707211596786	0.0016324290265203
0.8195439918258258	0.0012863596940317
0.8198872740699099	0.0008480234293352
0.8201792253148958	0.0004780774502019
0.8204855467815197	0.0000988901899560
0.8207592730026668	-0.0002270658484242
0.8210528136594419	-0.0005581482126146
0.8214518141711070	-0.0009679195707084
0.8217342276851234	-0.0012240516430366
0.8221328113611610	-0.0015302092445718
0.8226630847423106	-0.0018253934062652
0.8231582146983607	-0.0019808458415770
0.8235286939644006	-0.0020247145228969
0.8238949230913505	-0.0020128655286120
0.8243089564231169	-0.0019436935091532
0.8246519609084140	-0.0018510821991177
0.8251173524448546	-0.0016880675929683
0.8255764033919561	-0.0014986425077111
0.8262455275873246	-0.0011886664394951
0.8268032717340302	-0.0009008519409344
0.8272642590208616	-0.0006360480785670
0.8282864525138085	0.0000580987388152
0.8285850543257600	0.0002833294883926
0.8288324620061096	0.0004719550804936
0.8290825712059250	0.0006602642930458
0.8293300346098893	0.0008395781116249
0.8295532459886676	0.0009908606687292
0.8298096141743839	0.0011471665286964
0.8301655050724047	0.0013241650905230
0.8304808118258858	0.0014318954646746
0.8309926922293567	0.0014923396408741
0.8313814743913377	0.0014398278508065
0.8316817139381760	0.0013449681210972
0.8319192907245206	0.0012408622620276
0.8321976232969978	0.0010927782615376
0.8324217671044153	0.0009586810697657
0.8326606533423053	0.0008071430319770
0.8328995395801954	0.0006524513683956
0.8331429493886897	0.0004977392472262
0.8333884858483045	0.0003503026151262
0.8337991391191746	0.0001363496559582
0.8341697503408408	-0.0000122064717671
0.8346205028917675	-0.0001319977218118
0.8349366393034999	-0.0001805520939615
0.8351523611231354	-0.0002011462252986
0.8353788624296024	-0.0002152650750126
0.8356677542143446	-0.0002277111212661
0.8359029723947106	-0.0002377183837178
0.8362732454736571	-0.0002626001923863
0.8372510704647023	-0.0004280191024795
0.8375536439302307	-0.0005053088483040
0.8377970495851191	-0.0005699369654517
0.8380200265961413	-0.0006268700236492
0.8382853640130610	-0.0006865409075962
0.8385114250205200	-0.0007263841492734
0.8388252315003122	-0.0007577684948916
0.8392387929822894	-0.0007466515369919
0.8395823096739669	-0.0006876100961109
0.8398590448780739	-0.0006084449917444
0.8401379831903489	-0.0005044470667576
0.8403595443965626	-0.0004087695541148
0.8406095043706686	-0.0002920654094202
0.8408016736989513	-0.0002003441483020
0.8410402320945971	-0.0000889376350328
0.8413254004276066	0.0000335586682013
0.8415913011881557	0.0001292836782640
0.8419467656259927	0.0002201482893973
0.8425702471085930	0.0002601165558788
0.8428706680392525	0.0002283240226149
0.8430872020775603	0.0001897123650604
0.8433035656320257	0.0001420433828370
0.8435336373703589	0.0000860669618468
0.8437345384268775	0.0000372335881851
0.8439872215179715	-0.0000184102343591
0.8442306231004615	-0.0000603574359289
0.8446079324064539	-0.0000910157491551
0.8449767056949132	-0.0000711048140478
0.8453621731864026	0.0000045294518678
0.8456356461298201	0.0000876546954325
0.8458905302724086	0.0001806504639126
0.8460828539113111	0.0002566343296708
0.8463127190704169	0.0003484305412906
0.8465425842295228	0.0004358963689526
0.8467460044791615	0.0005045685636076
0.8469465107170070	0.0005597781622076
0.8472686729853518	0.0006147600961393
0.8477128054056537	0.0006076284283577
0.8481076540194902	0.0005145571725213
0.8483596743855286	0.0004158785891301
0.8486093958259443	0.0002938513226331
0.8488153470034914	0.0001799908593159
0.8490305540209468	0.0000534946614003
0.8492491720004941	-0.0000770080666853
0.8494389625471951	-0.0001870937590356
0.8496561172915259	-0.0003040170347647
0.8499140007187551	-0.0004231810095308
0.8501659910144170	-0.0005112469813393
0.8504396097484089	-0.0005690900820917
0.8509993154268072	-0.0005530520108372
0.8511866433906844	-0.0005085624473295
0.8514487102777771	-0.0004181435244607
0.8516862551213795	-0.0003136071057830
0.8518967425755026	-0.0002080789688060
0.8521162570489632	-0.0000914450050897
0.8523357715224238	0.0000263220671293
0.8525575599647210	0.0001403766799702
0.8527844810801615	0.0002463169171282
0.8530702889633955	0.0003557544527754
0.8533837881818961	0.0004371749064062
0.8539971789990297	0.0004655595619185
0.8542249970617201	0.0004348787405165
0.8544907384731317	0.0003772320998654
0.8546537407591942	0.0003332943554312
0.8548914284959861	0.0002621769803969
0.8551070690227215	0.0001950338742326
0.8553385153041962	0.0001261077677496
0.8556107509409080	0.0000563168197939
0.8558731472936923	0.0000067438040814
0.8563469456302409	-0.0000248013814595
0.8567355415670050	0.0000093202020171
0.8570176532457773	0.0000640245516833
0.8572844212232881	0.0001325055758131
0.8574769704714327	0.0001881744660351
0.8577185291754916	0.0002599229207710
0.8579219028065338	0.0003177240138338
0.8582120633892921	0.0003887344505282
0.8584849746589399	0.0004354411604170
0.8587766631300753	0.0004571724216998
0.8594534021043047	0.0003762670203800
0.8597216893199624	0.0002959335993226
0.8599896860904586	0.0001950888173418
0.8602189281293791	0.0000978695034296
0.8604574982329585	-0.0000080324654969
0.8606715523173508	-0.0001021426649988
0.8608646348393161	-0.0001817450829126
0.8610960976642674	-0.0002658028792754
0.8614729294407337	-0.0003647361981493
0.8619760767306700	-0.0003992155889739
0.8624880184184316	-0.0003062063032986
0.8627329083497407	-0.0002189029578920
0.8629963514944470	-0.0000997033949888
0.8632545966536844	0.0000369175063388
0.8634396092263895	0.0001429354894568
0.8636807966119693	0.0002862188004681
0.8639553623348394	0.0004500334438206
0.8642115783325566	0.0005964508529316
0.8644766507809708	0.0007355238445548
0.8647381718077048	0.0008563616706714
0.8655584551199177	0.0011083107994619
0.8658156012327438	0.0011508396332058
0.8661298801992914	0.0011867765636067
0.8663182948464784	0.0012032894879313
0.8666079858080179	0.0012265677156441
0.8668783054967779	0.0012517134900099
0.8672170494152391	0.0012958966883353
0.8675467040660232	0.0013600794295357
0.8680786194352957	0.0015201472602174
0.8684656855656699	0.0016816657954674
0.8688929682474495	0.0018983720986290
0.8692299572929371	0.0020903115785190
0.8696589065031498	0.0023510367039213
0.8701315845768676	0.0026481702071958
0.8708525517745555	0.0031095711246697
0.8713857217850008	0.0034719997274968
0.8717963602418082	0.0037843664258768
0.8722388792686466	0.0041761357716652
0.8727115300564819	0.0046838402620920
0.8733979311200533	0.0056274260453582
0.8738877612694208	0.0064623165610863
0.8745219790899290	0.0077263524341754
0.8750953669401570	0.0090052978982551
0.8757056000415795	0.0104573601034203
0.8766341370705834	0.0127487926840811
0.8771935450541298	0.0141786247999503
0.8778045061051895	0.0158466218969414
0.8783150829137880	0.0173895974048829
0.8788653366464874	0.0192875857872641
0.8795553789849511	0.0221348757647186
0.8807745157691261	0.0286809971028030
0.8814751992591282	0.0333115214358331
0.8823656310835557	0.0399778610574608
0.8839306935202890	0.0534430146307271
0.8849031546051266	0.0631700827547882
0.8861605103070297	0.0779289346161499
0.8873271183952923	0.0940308930657484
0.8890419471294965	0.1219200872085768
0.8904758074981445	0.1494807541683357
0.8917057852323018	0.1763081404953590
0.8937350770038478	0.2249908880223994
0.8950641362377343	0.2594105343670688
0.8958831148746668	0.2810747679501337
0.8970474005980387	0.3119596928282720
0.8983472428265659	0.3460901210843828
0.8997932125415411	0.3814064344383362
0.9015694890320926	0.4179263529615013
0.9026527132565723	0.4349347526693256
0.9045033131296294	0.4524246507266065
0.9065176153116785	0.4511104400622983
0.9076945683795534	0.4393743248644426
0.9107913938480910	0.3704509769383846
0.9116078920719238	0.3441779618644890
0.9133837853323845	0.2770975609894549
0.9144970577574422	0.2303511304118449
0.9154185547879813	0.1906995305990089
0.9165424979530393	0.1426927161874207
0.9180370975394795	0.0810594080883279
0.9185964043394762	0.0593117672703502
0.9191907457206339	0.0374207071264874
0.9200330430717183	0.0091081867656175
0.9203965729090524	-0.0019529573081643
0.9204843364752161	-0.0045106860835552
0.9208405526857714	-0.0144281392479842
0.9223428059637181	-0.0478466338622693
0.9233719952215542	-0.0630898058477421
0.9248499624748323	-0.0745089182828619
0.9258108213703198	-0.0753437187234831
0.9265923104813104	-0.0724792591776030
0.9273232349061069	-0.0673528145783182
0.9279573844376392	-0.0613562774842759
0.9286028924991273	-0.0541087554775747
0.9292734855319280	-0.0456801305061144
0.9299616195760959	-0.0363881536773233
0.9306542237761984	-0.0266837772343976
0.9312373403252383	-0.0184638834494594
0.9316921840220983	-0.0121599320672716
0.9320409548489863	-0.0074588300437442
0.9324271591832903	-0.0024538682339328
0.9326581223223160	0.0004141055961247
0.9329802795361268	0.0042282666632608
0.9333070602461631	0.0078464029939929
0.9337258959981011	0.0120687689529766
0.9342576481647669	0.0166856359693382
0.9351657808314767	0.0225110160452539
0.9360144587441011	0.0256086322368465
0.9367636767140675	0.0265924089740570
0.9375064861036290	0.0261100094967229
0.9382375390791139	0.0243953697656688
0.9389212692161610	0.0218572068656637
0.9395701130437298	0.0187898792556092
0.9402206312635769	0.0152485203283481
0.9407994971529929	0.0118487641228179
0.9413203072016613	0.0086889183122585
0.9417227034914747	0.0062328421947493
0.9421421877956145	0.0036978048087395
0.9424932898586538	0.0016214387117037
0.9427506690117956	0.0001404063468258
0.9430791116654128	-0.0016830919606116
0.9433264441951942	-0.0029969227430941
0.9436477745672988	-0.0046108370614684
0.9439878130829983	-0.0061854998556638
0.9444437240052965	-0.0080434131703142
0.9449132014141967	-0.0096083350915377
0.9455424309841729	-0.0110815105780842
0.9461969141294578	-0.0118245477421627
0.9468023797644126	-0.0118252496862347
0.9473264080710897	-0.0113581300937357
0.9478158513055649	-0.0105980583049378
0.9483169942807950	-0.0095696752098865
0.9487592217146734	-0.0085007482233052
0.9492431562479643	-0.0072016194711135
0.9498982331098137	-0.0052914550308082
0.9503652123664734	-0.0038610116156016
0.9507791604227648	-0.0025719253126016
0.9511276015798648	-0.0014890885801562
0.9513516255813579	-0.0008026131679943
0.9516035231777219	-0.0000469626954640
0.9518340750086872	0.0006235986557482
0.9520646268396525	0.0012676753644919
0.9523141463976440	0.0019279521019946
0.9526139354498296	0.0026604674744959
0.9529914005119549	0.0034715056458966
0.9534691399646064	0.0042958067197928
0.9542017923102469	0.0050885315054185
0.9546728119782242	0.0053083349931281
0.9551242238528159	0.0053360923801526
0.9555688863945569	0.0052197757098299
0.9560363308165398	0.0049764932147829
0.9565283643415383	0.0046177689175765
0.9570379009026451	0.0041549774914907
0.9582971265845509	0.0026197942320146
0.9587599276512589	0.0019116605973129
0.9591170745699253	0.0013233149479678
0.9593932999642243	0.0008519184249511
0.9596322483044279	0.0004399079025738
0.9598556694233967	0.0000567748666418
0.9600804007471563	-0.0003208121884798
0.9603102126341383	-0.0006922381916587
0.9605370361920095	-0.0010386148327575
0.9608322473898809	-0.0014503044935374
0.9611567866733592	-0.0018406305300613
0.9615935214001656	-0.0022472791398291
0.9619706753545478	-0.0024834298688882
0.9623804023514242	-0.0026257116048390
0.9627314452168022	-0.0026669538614412
0.9630714560830548	-0.0026522350629728
0.9633533018189120	-0.0026118090011889
0.9636979993805349	-0.0025424770286601
0.9641980913778710	-0.0024269391382547
0.9647955307176939	-0.0022889637036890
0.9651871205338981	-0.0021920827631716
0.9654782257749811	-0.0021063952989149
0.9657566698413931	-0.0020046352163271
0.9660508566687055	-0.0018669492003485
0.9664231923266099	-0.0016352064487386
0.9671056080137379	-0.0010150221333280
0.9673477247615401	-0.0007348880413490
0.9675938925281100	-0.0004235495543664
0.9677920679728877	-0.0001579170611853
0.9679720989606253	0.0000910387003875
0.9681819163454840	0.0003856126163135
0.9683841243950838	0.0006677054604138
0.9685863324446836	0.0009423022985255
0.9687851522840883	0.0011991225287367
0.9690023657134271	0.0014580257822175
0.9692413214956958	0.0017091269556466
0.9695953090584820	0.0020006914130036
0.9699996254981453	0.0021972316858635
0.9704130134330520	0.0022383076288809
0.9707179506359673	0.0021700776126789
0.9709956809835708	0.0020444913423589
0.9712464808021357	0.0018884027081596
0.9715015190047708	0.0016987773924165
0.9717470667930435	0.0014971665625616
0.9720085664091439	0.0012727777199392
0.9722482785542600	0.0010683880636228
0.9724737213031248	0.0008845026329231
0.9727219608383738	0.0006980547057451
0.9731110665295278	0.0004516455828740
0.9738921436819437	0.0001531507319338
0.9741030906521607	0.0001134605548706
0.9743733367698688	0.0000809465872449
0.9745899832639611	0.0000657609670548
0.9748405428421996	0.0000543176059882
0.9750937740452221	0.0000439868910401
0.9753566398021409	0.0000290050666405
0.9757838707173039	-0.0000171052784281
0.9762068390478181	-0.0001001400591027
0.9766583864792663	-0.0002327263549973
0.9769553452585394	-0.0003404640656360
0.9772709888273752	-0.0004668468280772
0.9774515923581119	-0.0005416624156074
0.9777371320324175	-0.0006592749113803
0.9780350141282391	-0.0007757213645360
0.9783335574363640	-0.0008796371026436
0.9786450388235970	-0.0009690795581761
0.9793364143361478	-0.0010766667465849
0.9797243474960335	-0.0010755575589459
0.9803071884176789	-0.0009905654924708
0.9805792347038981	-0.0009191134157712
0.9808613471370419	-0.0008262834848286
0.9812684755113161	-0.0006625142271172
0.9816361730786797	-0.0004896971088257
0.9819781729731907	-0.0003133659727888
0.9823125935511703	-0.0001321066296483
0.9827509028452941	0.0001078686069685
0.9831614558559244	0.0003219626039863
0.9835255028368006	0.0004912099252750
0.9838351634280487	0.0006124958278159
0.9841578163043444	0.0007102051814471
0.9848755783762055	0.0008027077075952
0.9853210251927271	0.0007695753009665
0.9855650537101879	0.0007246640879902
0.9858890761721291	0.0006408312145600
0.9861033582428745	0.0005734079205305
0.9863906551252201	0.0004734662994100
0.9866141472878602	0.0003918847774431
0.9869550413152817	0.0002678376245723
0.9872552504271661	0.0001659029439230
0.9877536065952265	0.0000246109426122
0.9886344759222226	-0.0001149093821234
0.9889304612090173	-0.0001342032372298
0.9892596513510191	-0.0001466836228686
0.9896216775175084	-0.0001555796286516
0.9900316377809438	-0.0001684121891343
0.9905347328120379	-0.0001973539900148
0.9908490861626461	-0.0002243370434002
0.9911003024855184	-0.0002491454888960
0.9914639755411420	-0.0002859491537336
0.9916953719879129	-0.0003069477338454
0.9920180940777503	-0.0003278815459398
0.9924297759829168	-0.0003334390842955
0.9928583290640560	-0.0003054264138589
0.9931955163873875	-0.0002566400700216
0.9934622307613079	-0.0002024810391707
0.9937787288028495	-0.0001240104149250
0.9941033304520278	-0.0000327051389252
0.9944007029561233	0.0000547179473954
0.9947323301207648	0.0001492321372971
0.9950403290160137	0.0002274477629962
0.9954587798157117	0.0003110421368605
0.9957523487594381	0.0003510543432940
0.9962131974923402	0.0003825564174374
0.9965704800102674	0.0003852945681485
0.9969102607646920	0.0003765462514293
0.9971501132100498	0.0003675543659349
0.9974894061935566	0.0003562245746235
0.9980208650019383	0.0003496781687077
0.9983805407079219	0.0003553543409544
0.9987135951968013	0.0003649896289846
0.9990106555545658	0.0003729192118033
0.9993111183721920	0.0003742069469133
0.9996115811898182	0.0003631690598523
