0.0000000000000000	0.0001204754874409
0.0002224518592867	0.0001214754874409
0.0012384035704943	0.0001514050625341
0.0019125054867682	0.0001969974595961
0.0029165757648558	0.0003151425905548
0.0035740981322526	0.0004355008201920
0.0040391354608280	0.0005478398362264
0.0048024494090693	0.0007951238006181
0.0054480974262199	0.0010820479098278
0.0059434595660894	0.0013639377543179
0.0063600163128419	0.0016514389155997
0.0067866506859178	0.0020019869903179
0.0073478273677973	0.0025652350046820
0.0078594024493889	0.0031988132870624
0.0083437731797261	0.0039241595279681
0.0088236394609788	0.0047836825241071
0.0093166661514950	0.0058366262227458
0.0098417585092824	0.0071778069591054
0.0104057107110425	0.0089119060254817
0.0110174064659578	0.0111943304219852
0.0116422501247581	0.0140296813864516
0.0122948890077452	0.0176251863483247
0.0129929517028188	0.0223035911202645
0.0137203857244036	0.0282381964609212
0.0144529921379601	0.0354718717039961
0.0153268700033221	0.0459815721813642
0.0165191236485622	0.0640816082592568
0.0172401095446144	0.0773864567211748
0.0183102214793843	0.1007004744635075
0.0197450906703957	0.1389401005242907
0.0207986960418459	0.1718176276177726
0.0222994588613900	0.2248075882474688
0.0234987755815277	0.2710131021927440
0.0245993266178376	0.3147493886264305
0.0256336766307431	0.3555424883038297
0.0267143877963492	0.3958808218270259
0.0280467947448451	0.4393135333876290
0.0297692502722376	0.4805096773825555
0.0319985594883052	0.4994290187962299
0.0329043980339190	0.4944197025478980
0.0341232996958831	0.4771494205000859
0.0353524739494811	0.4477775009589176
0.0364392914692228	0.4139072308746923
0.0376922454802927	0.3679135564265620
0.0387267306659277	0.3264360744743297
0.0397900616250845	0.2827719841942753
0.0412174944727899	0.2253633185145574
0.0427735665282409	0.1679264908583050
0.0439011434855756	0.1315349848001838
0.0464297588216396	0.0687033783029662
0.0484986763683045	0.0363122610677732
0.0491446030357172	0.0293514951929259
0.0497028461496514	0.0242797560326656
0.0504028566133359	0.0188853310316723
0.0515733208970168	0.0117830107317482
0.0529851351244878	0.0060662428734567
0.0533674826996832	0.0050467920774950
0.0537621670909046	0.0042082901568120
0.0540982712145928	0.0036444897116060
0.0544076075260508	0.0032265344059487
0.0547066629970688	0.0028951098043980
0.0550036029315288	0.0026172377303866
0.0552975893340812	0.0023751030126312
0.0556012728675993	0.0021423958983322
0.0559274194842081	0.0018959817127321
0.0563998916911634	0.0015222856029630
0.0568189674997832	0.0011676027257313
0.0570506214522675	0.0009657175479283
0.0572908038238095	0.0007565215304536
0.0575023905214397	0.0005768433254972
0.0577099030738447	0.0004088739984844
0.0579609066557399	0.0002223953840393
0.0582030658372028	0.0000653815960247
0.0585643187600621	-0.0001159606163365
0.0594422972177772	-0.0002478943620450
0.0597055320249681	-0.0002070705273608
0.0599297211126874	-0.0001503082560423
0.0601288637669751	-0.0000875181230751
0.0603558731255975	-0.0000070379072898
0.0605219923580049	0.0000540159082098
0.0607407524466595	0.0001322765735976
0.0609687830322240	0.0002056346208561
0.0612027893510933	0.0002668699110525
0.0615675984444620	0.0003218452350409
0.0618951164498355	0.0003212303215752
0.0622637984187482	0.0002621276633978
0.0625410538699506	0.0001814441166367
0.0627880016837733	0.0000899441052813
0.0629882298214453	0.0000067121732265
0.0631824107005023	-0.0000772673324111
0.0633853194688945	-0.0001640884165250
0.0636033253520378	-0.0002507815885348
0.0638864768770863	-0.0003449475023878
0.0641405341814171	-0.0004037961038655
0.0645552896654321	-0.0004333277416714
0.0650559956540299	-0.0003472989918390
0.0652351003933326	-0.0002860900458796
0.0654731468456133	-0.0001842856859144
0.0656984899008200	-0.0000711151661043
0.0659177967242259	0.0000484630168378
0.0661337769403115	0.0001697106966986
0.0663450137386169	0.0002852933043598
0.0665765946374847	0.0004019353533019
0.0667944524953921	0.0004959234036581
0.0671583456828111	0.0006056050210095
0.0675994331639585	0.0006395881052190
0.0679653674942602	0.0005790077077597
0.0681994051024255	0.0005010205809014
0.0684037962294440	0.0004115576738507
0.0686385320945306	0.0002895671019746
0.0688131666514604	0.0001892696509051
0.0690296856780078	0.0000590870610125
0.0692090751111357	-0.0000494479381229
0.0694523632982784	-0.0001910491049816
0.0696723434288359	-0.0003071208706101
0.0698980223878261	-0.0004083483996462
0.0702580451583125	-0.0005203256955201
0.0705890999184658	-0.0005610122026530
0.0708030879686028	-0.0005541786685382
0.0710878024223618	-0.0005066679839684
0.0713431151657666	-0.0004314974097418
0.0715643098134227	-0.0003465665155400
0.0717518305553218	-0.0002644258050254
0.0719764173940134	-0.0001588126832017
0.0721532399808880	-0.0000742658485924
0.0723935093121745	0.0000367450878365
0.0726185536875626	0.0001309492636936
0.0729261279458949	0.0002346637130945
0.0733690722364040	0.0003145232640440
0.0736962981550107	0.0003142366037505
0.0739332850743168	0.0002833739738133
0.0741638855582891	0.0002312441101382
0.0744217716156587	0.0001522893454976
0.0746455989815978	0.0000713169955094
0.0748714608334795	-0.0000164720446668
0.0751077564260768	-0.0001084971527787
0.0753407049187678	-0.0001937577923772
0.0756021223693696	-0.0002757116600977
0.0758749668611119	-0.0003384430095401
0.0763937246835680	-0.0003773005555659
0.0766787432759313	-0.0003505027340503
0.0769696959926740	-0.0002907178704850
0.0772458586296767	-0.0002092668808306
0.0774348827732193	-0.0001432918458174
0.0776810799016217	-0.0000502031223354
0.0778709717791369	0.0000233106782828
0.0781140610376564	0.0001150297236101
0.0783645782465381	0.0002007167799655
0.0786312993978076	0.0002757173418175
0.0789758213243680	0.0003400990435453
0.0797428500541243	0.0003322092434996
0.0800169477155702	0.0002834053329262
0.0802763178968166	0.0002213324137384
0.0805349995037991	0.0001502210294964
0.0808082275613714	0.0000711812107674
0.0810760213734307	-0.0000034721995108
0.0813223184439411	-0.0000647270350558
0.0817669984288431	-0.0001449302872017
0.0823226815190659	-0.0001772914525196
0.0826116763244826	-0.0001649102432698
0.0828923674404405	-0.0001374303682222
0.0831894643468777	-0.0000974982762331
0.0834779955812832	-0.0000542706723521
0.0837619613308922	-0.0000127770417172
0.0842043159924773	0.0000368100234775
0.0846264729630624	0.0000569183956645
0.0851215066364222	0.0000405254059665
0.0853316704009805	0.0000224789061137
0.0856663307051693	-0.0000153016121961
0.0859447826096314	-0.0000503972773236
0.0862461338533552	-0.0000860124797574
0.0865579522658318	-0.0001151342829562
0.0870549115977413	-0.0001330002624574
0.0878501293344847	-0.0000716112109756
0.0881905672961400	-0.0000183534945986
0.0884635810073129	0.0000290604981909
0.0887614196132507	0.0000796492511593
0.0890592582191884	0.0001234388113649
0.0894354791072678	0.0001607206830882
0.0898845973444840	0.0001704311804821
0.0903219267468030	0.0001411127501732
0.0906384405576036	0.0000998192391893
0.0909005420948317	0.0000571424784928
0.0911483028561071	0.0000136639477058
0.0914246509320720	-0.0000337785199462
0.0917114458510171	-0.0000759407839394
0.0920123837946128	-0.0001072467127184
0.0923625726334677	-0.0001213791934434
0.0927837683821481	-0.0001014359703567
0.0930716816175774	-0.0000652926099664
0.0933850040041192	-0.0000090696679770
0.0936476823983938	0.0000473527471841
0.0939282232980714	0.0001117287238651
0.0941668929405484	0.0001650398646221
0.0944574620893684	0.0002223115734420
0.0947467782943007	0.0002656694178364
0.0952424460547708	0.0002945360471801
0.0957694481411535	0.0002509884905594
0.0960318277600820	0.0002025014648891
0.0963516884306258	0.0001245363294444
0.0966345567230141	0.0000444801856259
0.0969070066133499	-0.0000369000617843
0.0972014006884733	-0.0001223259363134
0.0974882038305554	-0.0001970813322291
0.0977157151968356	-0.0002464384163413
0.0982058375330098	-0.0003131792270578
0.0987947565338563	-0.0003136135051964
0.0990705057123993	-0.0002868041696347
0.0993096212452034	-0.0002531377381475
0.0995478829442561	-0.0002129355367544
0.0997958359756338	-0.0001675149907850
0.1001478902248784	-0.0001032751704775
0.1004985773708874	-0.0000479344472247
0.1009583527985964	0.0000014513105081
0.1012765320095207	0.0000167699865495
0.1015672987706491	0.0000180869427065
0.1019374239699744	0.0000058585120008
0.1022613568497730	-0.0000123462876005
0.1025746980820415	-0.0000300876507754
0.1029878079202618	-0.0000450238990185
0.1033749878753200	-0.0000426569658331
0.1042566752810376	0.0000383744604852
0.1045268437169840	0.0000796868045583
0.1048125084803682	0.0001264456651691
0.1051927105965641	0.0001855677647901
0.1055112007086993	0.0002247498809831
0.1058427905053306	0.0002491232675626
0.1066751207475386	0.0002141382314722
0.1070560069157657	0.0001529174820676
0.1073874195020192	0.0000831637200982
0.1076840587634189	0.0000140596810627
0.1079704232697902	-0.0000528814952973
0.1082678906290527	-0.0001169330938638
0.1086679148117830	-0.0001853139565182
0.1091205553080178	-0.0002267134067128
0.1096883705840078	-0.0002168893149958
0.1099977250531293	-0.0001848688251142
0.1103294318047833	-0.0001352091024998
0.1106440982719296	-0.0000791455365382
0.1109728607937407	-0.0000175186987534
0.1112844268307111	0.0000373914308995
0.1117970599202274	0.0001077077589121
0.1126549647643739	0.0001418907201883
0.1130970675555987	0.0001193702947187
0.1133750843241721	0.0000956358149573
0.1137341128742533	0.0000586448779149
0.1141457857784791	0.0000148806168081
0.1146341211566366	-0.0000299742275508
0.1153090592219799	-0.0000667447729392
0.1156581010565295	-0.0000731229062325
0.1161310650015222	-0.0000701196690600
0.1166371114664635	-0.0000577677184010
0.1169872485725130	-0.0000464031637489
0.1177869978835678	-0.0000189160748468
0.1185664312294752	0.0000097424688157
0.1191206812917232	0.0000327072543087
0.1195395542688382	0.0000504456829826
0.1201190798750768	0.0000703795440900
0.1206025574088605	0.0000768707127164
0.1214436506887219	0.0000516713290138
0.1217985905445695	0.0000257755366466
0.1221345194561578	-0.0000049725016500
0.1225209753407533	-0.0000441770246868
0.1228933204601777	-0.0000795290928916
0.1233501933878446	-0.0001123909509030
0.1237718314174235	-0.0001242220384057
0.1243451970243259	-0.0001050874951552
0.1246236035169946	-0.0000815473440035
0.1249436852915867	-0.0000450254426110
0.1253090138471840	0.0000037890296948
0.1255722665525408	0.0000401217792632
0.1259060399863267	0.0000824080829001
0.1262398134201126	0.0001150217972354
0.1267269771879782	0.0001349517210893
0.1270480393182605	0.0001265663704100
0.1274911642952858	0.0000871980398517
0.1278636469603105	0.0000337192328907
0.1281192377523964	-0.0000095600527525
0.1284050607960946	-0.0000601414713606
0.1287101010425236	-0.0001111948242654
0.1290729668076981	-0.0001607830643955
0.1293566676118591	-0.0001856907780820
0.1297498464947776	-0.0001940213754764
0.1301158306917170	-0.0001720854476412
0.1304945984719325	-0.0001204085784278
0.1308443618895920	-0.0000516654729408
0.1310868958264206	0.0000041787702208
0.1313895491131303	0.0000775644135630
0.1316170031976330	0.0001317607987044
0.1319158100257840	0.0001972844892361
0.1322749467679515	0.0002600566508300
0.1326223146525240	0.0002971647016113
0.1331545221421232	0.0003001877561444
0.1336071417577745	0.0002528914903924
0.1339531297519051	0.0001921581718617
0.1341678693243167	0.0001472468155518
0.1345172517677251	0.0000678655920076
0.1348211929936642	-0.0000010867872560
0.1351331205470029	-0.0000661053658492
0.1355873209448410	-0.0001390362616965
0.1358621088472230	-0.0001673718447247
0.1364263804465625	-0.0001846093842087
0.1367039364909724	-0.0001749628838372
0.1370372658498082	-0.0001513811818608
0.1374390496066223	-0.0001125106971446
0.1378135522925720	-0.0000740110698038
0.1380801569438849	-0.0000495061920907
0.1384754063386845	-0.0000224974620859
0.1388056070179253	-0.0000109053495091
0.1393678884103322	-0.0000168544811003
0.1398103133370532	-0.0000396982042943
0.1401868920988828	-0.0000653206350679
0.1404497359007201	-0.0000826509998347
0.1412082220016462	-0.0001121571200548
0.1417631325539442	-0.0001008940712892
0.1420890504870641	-0.0000795163137874
0.1424974557854656	-0.0000393121311770
0.1429136768029528	0.0000115037558423
0.1433337330100268	0.0000659311009634
0.1436777589008593	0.0001081589080170
0.1440952617860338	0.0001506323937976
0.1444041780684475	0.0001729674896131
0.1454497430133758	0.0001763612186076
0.1459026911989853	0.0001447152235571
0.1462416903825537	0.0001116052384236
0.1465498540037607	0.0000771416118007
0.1471779938081795	0.0000013412594500
0.1478821297250228	-0.0000749881437253
0.1484195632714803	-0.0001152731762980
0.1496063858087893	-0.0001234243292388
0.1501204604553671	-0.0000927116650031
0.1506553133865106	-0.0000449844741615
0.1509690711339198	-0.0000125389988030
0.1514252198421194	0.0000351281563103
0.1520849087439946	0.0000972774018824
0.1531782507028352	0.0001528304717721
0.1539636791649903	0.0001462885678018
0.1545491969393841	0.0001211461458183
0.1556566940134220	0.0000449198126632
0.1561846050833793	0.0000013549874147
0.1572066039771901	-0.0000817944138159
0.1576715703953446	-0.0001123738016089
0.1581827208732089	-0.0001339309585742
0.1585325938446132	-0.0001376985565919
0.1591451177065900	-0.0001185327406836
0.1596896837268228	-0.0000724686199221
0.1600578310822773	-0.0000294924105587
0.1605063530853889	0.0000289009544853
0.1608624574800304	0.0000730541132957
0.1611413820219828	0.0001015313824565
0.1614851973568581	0.0001240703441593
0.1620485803083678	0.0001198425628484
0.1628017489360287	0.0000216830517270
0.1631568219496390	-0.0000554293974184
0.1633683836904684	-0.0001068583031705
0.1636689067587990	-0.0001818567872342
0.1639005015620110	-0.0002375305546701
0.1641541685262755	-0.0002919324640379
0.1644402638576347	-0.0003396473320974
0.1647375903443108	-0.0003687986328831
0.1654539977190393	-0.0003294569946070
0.1657501521935803	-0.0002654434655585
0.1659943713554530	-0.0001939121471159
0.1662906879775108	-0.0000892203724013
0.1665119059932030	-0.0000025939192300
0.1667720270331745	0.0001032977685872
0.1670141977811311	0.0002000570971727
0.1672615879735213	0.0002909121620735
0.1675354786301751	0.0003755092237735
0.1678950300895291	0.0004510577266658
0.1683107114171044	0.0004748123382046
0.1686645854129070	0.0004364684073685
0.1689471575858185	0.0003689509604141
0.1692323196877137	0.0002726727443991
0.1694341601047117	0.0001915267295624
0.1696699962057152	0.0000875529386341
0.1698792556473850	-0.0000082485676487
0.1701146732189390	-0.0001146082606933
0.1703274319376824	-0.0002044831318676
0.1705793901715546	-0.0002969406441530
0.1708849911224147	-0.0003809169586860
0.1712102909582865	-0.0004275373121971
0.1715129659740700	-0.0004265368418593
0.1717990028121199	-0.0003858880080352
0.1720791250780362	-0.0003118173435955
0.1723396967171692	-0.0002179066419979
0.1725819501504796	-0.0001148463045320
0.1728089323205024	-0.0000104321239468
0.1730369105769787	0.0000959497172375
0.1732648888334550	0.0001980292124751
0.1734928670899313	0.0002898063617662
0.1738128090348932	0.0003915157223384
0.1741620563243571	0.0004544643551737
0.1748055464928385	0.0004160044890970
0.1750657690138197	0.0003456254889575
0.1752811349882596	0.0002678061515858
0.1755287377178903	0.0001618366696202
0.1757195286589363	0.0000720866566745
0.1759474950660331	-0.0000387324444573
0.1761633397166437	-0.0001422504690631
0.1764386139627629	-0.0002639720619326
0.1767003544442804	-0.0003607126121382
0.1769580013371040	-0.0004313087260172
0.1773491502094444	-0.0004812799106878
0.1776653212276354	-0.0004671554424271
0.1779006143324001	-0.0004260858425300
0.1781378792439677	-0.0003608642463297
0.1783949552955887	-0.0002683279886487
0.1786386005019155	-0.0001654149287300
0.1788134974705141	-0.0000863664799749
0.1790416165218645	0.0000182537869180
0.1793008165890158	0.0001328674962925
0.1795514575699583	0.0002316998569195
0.1797988895917045	0.0003114997216684
0.1800825083818421	0.0003748381287630
0.1808774590721849	0.0003652697782483
0.1811603338051887	0.0002985149150644
0.1814186324369764	0.0002153075089367
0.1816648580394334	0.0001226228287651
0.1818888002652032	0.0000320731196697
0.1821291166699152	-0.0000661309825761
0.1823710542084996	-0.0001600736327107
0.1826217968375057	-0.0002461009408614
0.1828884987506187	-0.0003192854346686
0.1834549917153285	-0.0003930529048246
0.1837440381037513	-0.0003839623102742
0.1840657030150574	-0.0003389871705768
0.1843519184914794	-0.0002733335070078
0.1846243372342194	-0.0001944953643781
0.1848429229416766	-0.0001241916158163
0.1851364358103692	-0.0000266170264337
0.1854017383647985	0.0000579748442435
0.1856759618927378	0.0001358223081971
0.1861378583731496	0.0002317644249101
0.1867369741202867	0.0002717225567264
0.1869857494771748	0.0002604117500064
0.1873300633384549	0.0002223092922531
0.1876327682814689	0.0001733638926169
0.1879073814427589	0.0001216152805201
0.1882038170997982	0.0000635083345315
0.1885368494060362	0.0000023783010617
0.1890170361250982	-0.0000660063087455
0.1895572932826854	-0.0001027455933668
0.1900069119183870	-0.0001009241838225
0.1903903137926609	-0.0000820188134759
0.1906743856438068	-0.0000617878294043
0.1911095759549026	-0.0000282109739250
0.1916180312430607	0.0000039212352105
0.1927885861270109	0.0000141123032652
0.1931374755631579	0.0000036711813735
0.1936475037362485	-0.0000126000714594
0.1943311578379911	-0.0000220426666666
0.1951912031567722	-0.0000010406659508
0.1956553670373362	0.0000207070347821
0.1962816826518152	0.0000506982833809
0.1968352598991774	0.0000677400102716
0.1972162480062361	0.0000716573034047
0.1975168534899309	0.0000704734327399
0.1979583768199522	0.0000629308749122
0.1987052260232269	0.0000443475104346
0.1993715502149484	0.0000338168762560
0.1997960510282122	0.0000318609033163
0.2002479394728323	0.0000328505391129
0.2010951211112340	0.0000340660736591
0.2013998357314215	0.0000307896919748
0.2020309997941956	0.0000133857165645
0.2029348527748549	-0.0000328160155750
0.2034512506668754	-0.0000631811099531
0.2037445368002199	-0.0000787944921994
0.2046420136106345	-0.0001082119260558
0.2053142339502229	-0.0001071333300195
0.2062317700510103	-0.0000788177359522
0.2070373092891163	-0.0000400036172048
0.2074585461144119	-0.0000170921840617
0.2081178206951973	0.0000217655397355
0.2091037744870430	0.0000804244702902
0.2096664162745279	0.0001092963786639
0.2101962096093186	0.0001268080810094
0.2109545091833107	0.0001252480358310
0.2113004949150122	0.0001123777061666
0.2119565857798816	0.0000691355797031
0.2122803104997504	0.0000423211753051
0.2126752890310489	0.0000087968016031
0.2132016641743762	-0.0000283465050084
0.2136371615980546	-0.0000459828556856
0.2143775417574735	-0.0000395066212278
0.2148445577447098	-0.0000137721534448
0.2152406298263599	0.0000151842336933
0.2156002567622162	0.0000406470509558
0.2159968518300728	0.0000627226837151
0.2163909388318650	0.0000726242572198
0.2171074876173152	0.0000488185070760
0.2174022502895531	0.0000236647730198
0.2177693695528167	-0.0000174485875037
0.2181436925558255	-0.0000647963182875
0.2185538876360896	-0.0001153883280565
0.2189135518899052	-0.0001522096526950
0.2195365956553442	-0.0001847946045939
0.2202670911146798	-0.0001559939283651
0.2206856778077569	-0.0001113643761026
0.2209614444447523	-0.0000747790517810
0.2213209974541947	-0.0000236596303906
0.2215692878909374	0.0000104402891659
0.2220140707590227	0.0000622457833167
0.2226566184793731	0.0001027173252432
0.2232319651613223	0.0000989381831670
0.2236542953426449	0.0000766882094056
0.2240295880221826	0.0000494814380628
0.2244751207879242	0.0000157174321400
0.2249424349767960	-0.0000114593093286
0.2256584432779812	-0.0000241794597126
0.2261615607963561	-0.0000126252032264
0.2265656851033284	0.0000035658512497
0.2269656176388752	0.0000185662978972
0.2273644060181369	0.0000279019975264
0.2278778121534354	0.0000253022820407
0.2281786614218255	0.0000160680581617
0.2285449874479121	-0.0000015775650241
0.2289454590841002	-0.0000237860998416
0.2293469948587171	-0.0000424636131894
0.2296530704991131	-0.0000501772860704
0.2305367471422933	-0.0000177088469805
0.2308311322302207	0.0000129903070709
0.2311669317663424	0.0000581121197771
0.2315187768628262	0.0001110995049374
0.2317579778229232	0.0001469625511319
0.2320803833428382	0.0001902678730565
0.2323212838517979	0.0002150663040929
0.2326924844417855	0.0002340682014856
0.2331292796435932	0.0002198713305277
0.2336125012870134	0.0001531047892532
0.2339147702134324	0.0000865059262534
0.2341479765518486	0.0000250070212414
0.2343689528433079	-0.0000388793952818
0.2345844203067882	-0.0001037863464867
0.2348626707562602	-0.0001874843916387
0.2350969929598632	-0.0002532605288776
0.2354088288349223	-0.0003280032268588
0.2357059452611130	-0.0003797616835073
0.2360465244247451	-0.0004092521336482
0.2369844186130828	-0.0003079935527600
0.2373016103610295	-0.0002212229782185
0.2375783081386345	-0.0001329029998618
0.2378505339777384	-0.0000402966498174
0.2381139927207404	0.0000482830265411
0.2383983314419068	0.0001362288474217
0.2386755858860377	0.0002084548796308
0.2391533593512259	0.0002876627790369
0.2399111895124680	0.0002738714582472
0.2402328547777052	0.0002208287175307
0.2405156423565049	0.0001579311456152
0.2407565861917529	0.0000973332780265
0.2410253782004593	0.0000276255119190
0.2413168288364089	-0.0000441754142173
0.2416072920129777	-0.0001045737888136
0.2419064540328235	-0.0001490609236921
0.2422582611698302	-0.0001729686507859
0.2426353683010281	-0.0001611595098355
0.2429322845450529	-0.0001261296987504
0.2432270247371369	-0.0000725660375372
0.2435176616869549	-0.0000074347403888
0.2437419801430224	0.0000470925445911
0.2440127785422527	0.0001125387444423
0.2442761591015546	0.0001704406998251
0.2445633834699164	0.0002209629926872
0.2448649621056834	0.0002541429958601
0.2452149883129638	0.0002611029536273
0.2455777424480432	0.0002297833573822
0.2458863691544652	0.0001740912300565
0.2461526639651885	0.0001079015090082
0.2464416348381666	0.0000227015258105
0.2466606013434331	-0.0000472389125062
0.2469227745638587	-0.0001314475168369
0.2472050562767016	-0.0002167932782706
0.2474696535493698	-0.0002853502107160
0.2478727740201905	-0.0003573375051061
0.2483578170233667	-0.0003771928068038
0.2486961566874334	-0.0003438124150722
0.2490312812004941	-0.0002750867644987
0.2493431056335874	-0.0001851158865096
0.2495233962792719	-0.0001247160013751
0.2497950538559703	-0.0000267862479599
0.2500590546898880	0.0000714311722852
0.2503208127231105	0.0001647769957813
0.2506039918491629	0.0002551102042898
0.2509383276086731	0.0003398162985808
0.2512683843981811	0.0003930540550903
0.2518380801262035	0.0004041892914761
0.2521833478658332	0.0003622007790098
0.2524947307219378	0.0002983753371160
0.2527947560692191	0.0002195747050042
0.2530411320292176	0.0001467462230069
0.2533191731681698	0.0000619024235787
0.2536158425719500	-0.0000259190446344
0.2539309038562305	-0.0001096901878686
0.2543809663275454	-0.0002012004392905
0.2550901041391795	-0.0002586057372526
0.2554284472271035	-0.0002485622230558
0.2556929894477128	-0.0002267759470377
0.2560330471947250	-0.0001856059386736
0.2563525200790935	-0.0001382017755651
0.2568073242894663	-0.0000667002130974
0.2572617724896719	-0.0000017597778887
0.2581792952581278	0.0000776345230553
0.2586157261477224	0.0000883263244582
0.2591350928795879	0.0000829415766562
0.2595808333826212	0.0000689288587057
0.2602908964438307	0.0000410289668963
0.2605821151353748	0.0000299909902693
0.2608896939610756	0.0000186189131202
0.2614901721862124	-0.0000020029302735
0.2621634290789150	-0.0000245971180263
0.2627082119555283	-0.0000415523868996
0.2631732992860783	-0.0000510685350902
0.2635633787681976	-0.0000525440543217
0.2644891602959371	-0.0000178034015113
0.2650497774652822	0.0000332258007760
0.2653669634678967	0.0000704834711620
0.2657836820906787	0.0001248570425579
0.2661196099172061	0.0001692508230907
0.2664261403738102	0.0002070419594220
0.2674104335392332	0.0002921135957512
0.2681191827856358	0.0003129711768766
0.2684171939075566	0.0003163193965674
0.2688044273697863	0.0003225400761506
0.2690562210759112	0.0003307757716501
0.2694054173916137	0.0003527376064076
0.2698704475832940	0.0004090207548863
0.2704472751690151	0.0005368584198600
0.2709512788299414	0.0007063642012842
0.2714610662334446	0.0009305777712219
0.2718221512868607	0.0011167385442033
0.2722463951475390	0.0013579949782910
0.2726992209015099	0.0016355543738112
0.2737804015632176	0.0023546082265860
0.2743021956431101	0.0027406684482400
0.2747551802827126	0.0031134221472191
0.2752039359455170	0.0035339681599014
0.2756821517821106	0.0040582363971242
0.2761922241476736	0.0047279975675080
0.2769012188736597	0.0058847356148220
0.2779520858984874	0.0081522193813597
0.2789265320887639	0.0109065249805346
0.2795544492502877	0.0130469109799267
0.2801799972934755	0.0155042257921345
0.2808313962796191	0.0184616054534490
0.2814617366181911	0.0217751079326827
0.2821346442523078	0.0258839822396351
0.2829220840986105	0.0315583367957894
0.2838554396636165	0.0396731519243944
0.2848575926439437	0.0502554446760592
0.2859846771187343	0.0647445595412428
0.2871649351054150	0.0831752786919590
0.2899654046136441	0.1421164575140815
0.2911350139441162	0.1733326920067721
0.2919097287018224	0.1958886829377403
0.2936351773386536	0.2505566010011341
0.2950338103431290	0.2978400342967913
0.2966389156757384	0.3522876430632753
0.2984024886862149	0.4077223229801975
0.2996063393403006	0.4395850553759124
0.3010267868446259	0.4680275787576044
0.3019715024221212	0.4802307045281676
0.3029954954823280	0.4866126198212465
0.3044553560716094	0.4814303687855617
0.3052384324582049	0.4714660713024806
0.3086297565801100	0.3806020005056071
0.3100987173063247	0.3219937081652057
0.3113748133568530	0.2663151322605937
0.3122135058090215	0.2293387075209055
0.3134561803177814	0.1763738227442646
0.3140938206011310	0.1505810024690992
0.3149664611083643	0.1175162542909701
0.3158884048624603	0.0860878596050458
0.3170322811809013	0.0529803623945385
0.3178756564926367	0.0329756706777916
0.3188057594802514	0.0152101608212823
0.3197003248720577	0.0023036983389928
0.3197625499620940	0.0015578715679795
0.3200942763676530	-0.0020874355685237
0.3204314971123727	-0.0052328180621723
0.3208407493007817	-0.0083066265192457
0.3212563111836078	-0.0106286578927917
0.3216526103019611	-0.0121412226185593
0.3220348345975332	-0.0130090610118220
0.3223962548409871	-0.0133572237860715
0.3227485954506654	-0.0133173261059899
0.3231027542146139	-0.0129652837657922
0.3234662847214542	-0.0123484899676266
0.3238440243727074	-0.0115077407919194
0.3242227951725733	-0.0105319960712376
0.3246238241004722	-0.0094199043593107
0.3250651391791392	-0.0081682612491942
0.3255809290271700	-0.0067293151673740
0.3267823781513065	-0.0036267397701263
0.3278079950581376	-0.0012514242874445
0.3281394007048578	-0.0005462073711892
0.3284144957981244	0.0000062991967874
0.3286669026052583	0.0004816356278701
0.3288815253606523	0.0008573486714282
0.3291387616305669	0.0012682075571475
0.3294478012709863	0.0016974865682712
0.3299063004532857	0.0021900403760470
0.3304126232190033	0.0025183008457812
0.3308690462855380	0.0026228258242067
0.3312349102362593	0.0025891880315279
0.3315692540015748	0.0024835294354097
0.3318439787835423	0.0023552150787249
0.3321345430903885	0.0021916983925962
0.3324568859250359	0.0019917148369686
0.3327476687174720	0.0018075460390008
0.3330521851707066	0.0016233993631244
0.3333682877510423	0.0014523714970525
0.3336562773968196	0.0013223481866660
0.3340308866623575	0.0011980074270321
0.3346593007519580	0.0011148554747570
0.3350528014350312	0.0011429496122025
0.3355519206958418	0.0012625723589922
0.3360903005983127	0.0014895308360687
0.3364917096965933	0.0017228176579163
0.3371094715685515	0.0021916497066695
0.3377000498380311	0.0027749597728535
0.3381796798699062	0.0033553012285031
0.3398234756229296	0.0061009517072344
0.3415520948742748	0.0101506635902798
0.3422134537021700	0.0120612780896467
0.3427150741836278	0.0137015714368169
0.3432967147938222	0.0158650938862635
0.3439937467843588	0.0189126540185348
0.3448118391463246	0.0232520821123941
0.3458026345274958	0.0297686289994553
0.3466513565473750	0.0365678209508317
0.3475868239313612	0.0454839342838401
0.3485991692288369	0.0569827343807062
0.3496539722675491	0.0712712236091503
0.3517086891674862	0.1067043005948359
0.3542368929336049	0.1653207271877683
0.3554080780324439	0.1982530177044312
0.3563493313972685	0.2268981214739790
0.3578630103987283	0.2754686685352743
0.3595451219047215	0.3310954781176847
0.3611720273242738	0.3827791766829168
0.3631232500054198	0.4352326029161090
0.3643708698204808	0.4606296094769078
0.3655661744035245	0.4771208904213279
0.3663876145530714	0.4829558327373009
0.3679173666220475	0.4799000568134257
0.3715310836097974	0.4031526972324243
0.3724822018242566	0.3696226260212155
0.3738997804277837	0.3131925496383087
0.3752288585641088	0.2559483164341924
0.3762082663959251	0.2130666691668839
0.3773393487369530	0.1646737906221115
0.3784607817510358	0.1196381217355559
0.3791154642356072	0.0953651010588327
0.3797226441364164	0.0745728361201762
0.3804059490754790	0.0534706593764148
0.3811670273266436	0.0332209277513882
0.3823177121782022	0.0095760506621754
0.3827501505583019	0.0028009443844133
0.3830073451305966	-0.0007178267511670
0.3831835775661575	-0.0029203749766182
0.3834226834593848	-0.0056498949048597
0.3837185131975409	-0.0086398798795099
0.3840813254618868	-0.0117664962690164
0.3845057302598154	-0.0147212305865628
0.3850054095481194	-0.0173258425019918
0.3855772655542241	-0.0192529679203265
0.3861676278813733	-0.0201587535560809
0.3867376785766055	-0.0200694887447533
0.3872000799796976	-0.0193653896805165
0.3877337958472176	-0.0179413742461541
0.3882172585782386	-0.0161911157741467
0.3886686086149496	-0.0142687551707903
0.3890972288296760	-0.0122804534605667
0.3894853421532150	-0.0104130610135330
0.3900250317603107	-0.0078196526250380
0.3904298453277248	-0.0059404962827084
0.3908568974290800	-0.0040648509109591
0.3912903056877082	-0.0023036348674449
0.3916812942770878	-0.0008565109538164
0.3919822496606866	0.0001569768893277
0.3923406136286847	0.0012411949952206
0.3926032012648233	0.0019449094057453
0.3929559776059894	0.0027614643235757
0.3934737675068644	0.0036718785838342
0.3947065497692371	0.0043732270735978
0.3950484325649942	0.0042222284561457
0.3953931958317660	0.0039486516590325
0.3957099648109025	0.0036134662451218
0.3960085643221514	0.0032462069100248
0.3963492936694096	0.0027940621085584
0.3966701887492777	0.0023620720443209
0.3970224354362923	0.0019083685313609
0.3973187272816093	0.0015596910200615
0.3976703610867980	0.0011986554917634
0.3981464423416017	0.0008079524404895
0.3983598225341557	0.0006667180027645
0.3986315766546163	0.0005114759407282
0.3987880599422047	0.0004317853394094
0.3990314102071669	0.0003175702686871
0.3992441553096003	0.0002230377567450
0.3995602124975821	0.0000832363781311
0.3999485415620099	-0.0001011063790822
0.4007378292804595	-0.0005496733064664
0.4009764204242095	-0.0007001231048650
0.4012250761534237	-0.0008567686748139
0.4014645332792982	-0.0010015896871765
0.4016934527988382	-0.0011289385439565
0.4019334948796719	-0.0012441027958825
0.4022088096789419	-0.0013451053462161
0.4025081530145141	-0.0014088591065161
0.4028956757472438	-0.0014102738144211
0.4033089307039280	-0.0013069103614438
0.4035735896001079	-0.0011878321437631
0.4038417633424511	-0.0010317878381956
0.4040315291823420	-0.0009044243451358
0.4042588880138902	-0.0007383719679212
0.4044800330115206	-0.0005687083296169
0.4047254507862194	-0.0003778006364244
0.4049562528368957	-0.0002026608176869
0.4051942222894071	-0.0000324389590927
0.4055016580475896	0.0001631593092264
0.4058022321190508	0.0003206217924005
0.4063505034190880	0.0005121420845933
0.4065676263768506	0.0005547169394453
0.4068799571539689	0.0005874321953784
0.4071312643312554	0.0005937941479949
0.4074139242003909	0.0005853246482080
0.4077378767429451	0.0005620228883863
0.4079930995563446	0.0005383003187713
0.4083866340278579	0.0004983409790757
0.4089695497521345	0.0004365494827282
0.4093614858511006	0.0003886434782647
0.4097213357567382	0.0003330121676146
0.4100355581210759	0.0002708105232355
0.4109216844398104	0.0000130254609181
0.4112372503958239	-0.0001006176758153
0.4115213229017741	-0.0002045228067600
0.4117624222688991	-0.0002884973782721
0.4120456107604301	-0.0003759523057329
0.4122866339281359	-0.0004362854535100
0.4126806309797146	-0.0004965706684016
0.4136846864000687	-0.0003960294659173
0.4139574072235956	-0.0003136857626334
0.4142001784686276	-0.0002285612619400
0.4144454362193442	-0.0001377303872152
0.4146906939700607	-0.0000476643776324
0.4149004289855585	0.0000238456744963
0.4152176840807598	0.0001144900006537
0.4156980188073472	0.0001935566214343
0.4163587430639303	0.0001658836299922
0.4166244360635116	0.0001143971158061
0.4168172154243799	0.0000667689345056
0.4170732868495163	-0.0000056390343404
0.4172688819699862	-0.0000636634637508
0.4175137808233908	-0.0001348942415629
0.4177939313311684	-0.0002077373413374
0.4180527353931380	-0.0002604582795266
0.4183548435160344	-0.0002974966414948
0.4188147699427671	-0.0002956348355405
0.4191485563516611	-0.0002509078159702
0.4193773427839438	-0.0002023412489440
0.4196552115018800	-0.0001290010322631
0.4198713781416086	-0.0000649741525736
0.4201263368100633	0.0000126239295017
0.4204193403786071	0.0000981288682396
0.4206999710976050	0.0001688855196604
0.4210396406800058	0.0002324140304030
0.4215920193178304	0.0002724709540180
0.4218530613934808	0.0002642886559944
0.4221758134835733	0.0002347932804061
0.4223990529237299	0.0002056374697384
0.4226864244044241	0.0001624683355030
0.4229571937163412	0.0001210632705644
0.4233441184394003	0.0000704906758689
0.4244433344458871	0.0000357609668584
0.4247153973913021	0.0000500259175951
0.4250371007765685	0.0000707867992633
0.4252746295601247	0.0000852139380940
0.4256972688371794	0.0001013611328205
0.4263010267469678	0.0000891936618254
0.4265504510382548	0.0000711623582585
0.4268846108152058	0.0000385055653000
0.4272114966502238	0.0000021149174947
0.4275147861029375	-0.0000293270514653
0.4278229017616068	-0.0000529149407096
0.4281820495715819	-0.0000639963431486
0.4285223871125765	-0.0000556157348858
0.4288474865397570	-0.0000313807789368
0.4291637029909092	0.0000028259415203
0.4293979325447216	0.0000305795753748
0.4296731239466086	0.0000604707128592
0.4299548337776775	0.0000813169291996
0.4302272172762344	0.0000862547451317
0.4307362960905525	0.0000394633149594
0.4311021064565692	-0.0000450655077457
0.4313639545441865	-0.0001296323191450
0.4316316578997762	-0.0002316767454034
0.4318231027618245	-0.0003102552416480
0.4320379958495856	-0.0003997732696639
0.4322654506627495	-0.0004905649264774
0.4324663827615027	-0.0005620228963974
0.4326986907347616	-0.0006284070442202
0.4329277277024880	-0.0006712716055739
0.4333213875018323	-0.0006788226399196
0.4339123751443071	-0.0005101189167490
0.4341589184680343	-0.0003783007880112
0.4343933286838498	-0.0002260924509459
0.4345809193610620	-0.0000902322951237
0.4347814178529001	0.0000636442902415
0.4349656321635210	0.0002077699139836
0.4351612280038267	0.0003580988148870
0.4353552106822057	0.0004983619687234
0.4355901424949153	0.0006488566123127
0.4358407865449703	0.0007763553509135
0.4360801823211811	0.0008581011338856
0.4363522675253500	0.0008965585250612
0.4368531692271425	0.0008074184854359
0.4370672363468400	0.0007100377609842
0.4372492654004539	0.0006037701875905
0.4374542522035428	0.0004634579581263
0.4376474749919567	0.0003167523729596
0.4378383899316698	0.0001641325670844
0.4380263870273852	0.0000126131473702
0.4382143841231005	-0.0001342629398782
0.4383900506991399	-0.0002618209003100
0.4385843832349972	-0.0003868036211579
0.4388258008544571	-0.0005111915431313
0.4391518425087503	-0.0006121720237142
0.4393856064713409	-0.0006319395168274
0.4396246485987960	-0.0006058370099285
0.4398561178632231	-0.0005385655189153
0.4400829434224995	-0.0004376900880732
0.4402882139173213	-0.0003228076705640
0.4404725532053042	-0.0002056962802708
0.4406627832651887	-0.0000772959316282
0.4408520368582692	0.0000524289401812
0.4410393806164762	0.0001764162589227
0.4412281453873073	0.0002909920106258
0.4414674564563189	0.0004136056685292
0.4417480316149454	0.0005135029902282
0.4421263172144552	0.0005570339227914
0.4423688795253782	0.0005262228234177
0.4425863643643281	0.0004611786989057
0.4427807488615421	0.0003760964430883
0.4429974172492603	0.0002564733858067
0.4431661750723572	0.0001496667015368
0.4433648987625444	0.0000138559164707
0.4435082031534324	-0.0000870369282422
0.4436973034368518	-0.0002190428338191
0.4438864037202712	-0.0003443876875585
0.4441230179947732	-0.0004836457776385
0.4443395868720337	-0.0005863888749264
0.4445656461445758	-0.0006620342048849
0.4449681241282836	-0.0007040428233809
0.4452773148114837	-0.0006527251833660
0.4455066370255796	-0.0005713677455006
0.4457273593664406	-0.0004638545389367
0.4459246565011526	-0.0003488465921133
0.4461223134994175	-0.0002214072675179
0.4463160107573654	-0.0000905173770359
0.4465108443684924	0.0000409925122319
0.4467101022886303	0.0001693503271439
0.4469585849920034	0.0003128743351750
0.4472591164100094	0.0004492086898781
0.4477077751640468	0.0005555729343866
0.4480532435236666	0.0005529085255207
0.4483024650121076	0.0005096390276566
0.4485346808573608	0.0004445600117168
0.4487070949149787	0.0003848359236704
0.4489183048727871	0.0003038069058154
0.4491176789234332	0.0002243919413079
0.4493267740537121	0.0001441004939269
0.4495674821274177	0.0000624103012050
0.4498103969654028	-0.0000018308372908
0.4501986236389710	-0.0000543513011335
0.4505553339240075	-0.0000432697583922
0.4507822712278281	-0.0000092101539058
0.4509644401805748	0.0000301806583941
0.4511876172169720	0.0000885088250748
0.4514034844293606	0.0001499746847010
0.4516172848040244	0.0002094980778195
0.4517958706235616	0.0002535446242766
0.4520562073802303	0.0003014289252039
0.4523701877156341	0.0003220544476766
0.4529332874083391	0.0002291787491293
0.4531572867269000	0.0001444520259919
0.4533831530233836	0.0000354837349379
0.4535868823778573	-0.0000788313867409
0.4537983372616659	-0.0002076980352924
0.4539723862310026	-0.0003171548162339
0.4541704161167869	-0.0004396494322810
0.4543684460025713	-0.0005544666842380
0.4545648917826547	-0.0006548437890475
0.4547701324670081	-0.0007394724726879
0.4550677940582191	-0.0008154581037626
0.4555478098818489	-0.0007991333410095
0.4558026276854730	-0.0007177729626272
0.4559856365242957	-0.0006305118006293
0.4562069556185212	-0.0004971568237628
0.4563772427962669	-0.0003778733532909
0.4565477058326136	-0.0002478320506567
0.4567377725816620	-0.0000951530776901
0.4568990670821494	0.0000361069270758
0.4570864122068101	0.0001853632604936
0.4572944536607907	0.0003405404751788
0.4574862904686848	0.0004674627473423
0.4577790617991020	0.0006197165173467
0.4581436263012150	0.0007215587523294
0.4584365468051567	0.0007249384509097
0.4586510452499891	0.0006833415868814
0.4588882666078465	0.0005977056000684
0.4591073166167287	0.0004874385110768
0.4592696712703422	0.0003904476085273
0.4594654176546025	0.0002616137872453
0.4596552754760599	0.0001299421133380
0.4598499334889599	-0.0000058018129505
0.4600088214195990	-0.0001127135950378
0.4602107269041235	-0.0002378477060588
0.4604250613465801	-0.0003513981929911
0.4607193906142980	-0.0004645715882330
0.4612656064814268	-0.0005157753198186
0.4614966755496613	-0.0004738083010829
0.4617383221099611	-0.0003943829741014
0.4619555499583531	-0.0002980029298888
0.4621441015413462	-0.0002001189194468
0.4623440734405272	-0.0000880897014836
0.4625167017571692	0.0000107989217776
0.4627515310943099	0.0001412661220056
0.4629631018503386	0.0002474734736870
0.4631706951954154	0.0003349125891200
0.4635518026991506	0.0004369757948256
0.4639678732902087	0.0004471007887780
0.4642146611100822	0.0004029425133104
0.4644585038219168	0.0003273964864603
0.4646808402954066	0.0002369021460667
0.4648691900408515	0.0001488793545761
0.4650734332303756	0.0000477067925161
0.4652719055593074	-0.0000509545563752
0.4654916998152215	-0.0001534516693675
0.4656999075661901	-0.0002378364218321
0.4659856423096972	-0.0003243369392234
0.4665430605870911	-0.0003639145609557
0.4667572434602687	-0.0003298241784913
0.4670082780335463	-0.0002576172275234
0.4672489944957928	-0.0001609735633511
0.4674355390256842	-0.0000723453939448
0.4676384453089790	0.0000326753259926
0.4678444930406466	0.0001427268959918
0.4680505407723142	0.0002503784224563
0.4682231009930132	0.0003339083882250
0.4684432607154644	0.0004259249437040
0.4687011713404668	0.0005062036889850
0.4689764297506864	0.0005517028169871
0.4696834516659543	0.0004579827393303
0.4698996718524952	0.0003741399090416
0.4700839548631154	0.0002874758794132
0.4703009615031941	0.0001726231566334
0.4704965674426854	0.0000620177470202
0.4707023159086051	-0.0000553259886227
0.4709282797291360	-0.0001790579003318
0.4711410359717377	-0.0002845047556394
0.4714296722331052	-0.0004007971170845
0.4719233195152301	-0.0005036617927273
0.4723004466428488	-0.0004917297659024
0.4725394526312566	-0.0004461149895110
0.4727952675831842	-0.0003702815524622
0.4730228993546550	-0.0002855677009725
0.4732487625850489	-0.0001913260739704
0.4734670434028936	-0.0000969868100002
0.4736898918125486	-0.0000034336535652
0.4739194063723016	0.0000843546796282
0.4742326676495852	0.0001806756494296
0.4746582427835687	0.0002543133697125
0.4750493191415060	0.0002587612019339
0.4753184948979662	0.0002303041289499
0.4755806113024978	0.0001841342040290
0.4758196803026911	0.0001320040717089
0.4760590781404123	0.0000765039114252
0.4762877224269445	0.0000258751235302
0.4765329064903776	-0.0000201658699181
0.4769334268217809	-0.0000649672444946
0.4776931869232003	-0.0000178509858065
0.4779393564595246	0.0000306886497143
0.4781995637927197	0.0000922703123667
0.4784460493940647	0.0001543679147729
0.4786859417274372	0.0002119090125937
0.4789352038739720	0.0002625179520135
0.4791847476292927	0.0002980914149201
0.4796164402103968	0.0003100728014558
0.4800430221640950	0.0002510297021313
0.4803633855735879	0.0001622248015022
0.4805718819922047	0.0000877231970259
0.4807884498534707	0.0000001378668208
0.4810275323178161	-0.0001031708182986
0.4812666147821616	-0.0002079284401141
0.4814456936125578	-0.0002831624885884
0.4816808570450619	-0.0003725626435148
0.4819635065727079	-0.0004592376822727
0.4822542803097846	-0.0005177036452418
0.4829867767257693	-0.0005010776463165
0.4832083006060009	-0.0004512672239616
0.4834724738598820	-0.0003701974632971
0.4837064437110759	-0.0002835215375660
0.4839307494457796	-0.0001923618545015
0.4841697919290756	-0.0000921844649336
0.4844490231171941	0.0000217143409955
0.4847078265986903	0.0001167863277100
0.4849879509017113	0.0002019509049904
0.4853121602456958	0.0002717449515243
0.4856960030900672	0.0003102941970327
0.4860031171096523	0.0003081485287992
0.4863141047074718	0.0002813432737443
0.4865562773595356	0.0002480850745460
0.4868312265982623	0.0002027497683015
0.4871061758369890	0.0001549744768293
0.4873874151984401	0.0001097664458673
0.4877021317517637	0.0000696786930303
0.4887793106963072	0.0000488912440575
0.4891052481897870	0.0000705427406298
0.4893522913395341	0.0000892842119366
0.4896639073300349	0.0001110600526114
0.4900079233912580	0.0001260679406734
0.4906142513414183	0.0001146230882586
0.4907995873761130	0.0001007265263955
0.4911945938294718	0.0000568120451122
0.4915277673420609	0.0000101676036656
0.4918455850954234	-0.0000359465025579
0.4921530351652123	-0.0000768449148329
0.4925685728851152	-0.0001160265167291
0.4937634665233397	-0.0000760600192860
0.4940115099198566	-0.0000430614442165
0.4943313125724020	0.0000043103708461
0.4946509015741506	0.0000519255025989
0.4949670426123305	0.0000925727337297
0.4953394191806520	0.0001251154995332
0.4957849357817696	0.0001357041976457
0.4963284990242856	0.0001046434794786
0.4967044120062258	0.0000599353851871
0.4970382425667932	0.0000104086777198
0.4973732115100093	-0.0000424552796352
0.4978221855500831	-0.0001086365462704
0.4987353453788204	-0.0001961940238808
0.4991880842320556	-0.0002123478817702
0.4995120360688947	-0.0002159850341089
0.4998436738152793	-0.0002159057182570
0.5006778530040511	-0.0002119355107751
0.5012131374732313	-0.0002084724025852
0.5016335035112613	-0.0001998082653463
0.5021178367745831	-0.0001749037911386
0.5025107203802666	-0.0001376439229383
0.5032302497781185	-0.0000224957475567
0.5035689289015084	0.0000488167829262
0.5039121249744503	0.0001258338565165
0.5041907331869765	0.0001876554956219
0.5046250722391364	0.0002736143260499
0.5049054370635739	0.0003161023802723
0.5052530705892198	0.0003488535456483
0.5060281328855549	0.0003270409708393
0.5063795166467185	0.0002744087573480
0.5066034709060802	0.0002297854084373
0.5069181342167676	0.0001561246205347
0.5072365505217227	0.0000736079431158
0.5074920546856784	0.0000061618392480
0.5078159440567263	-0.0000759268791028
0.5080640311381844	-0.0001327329069894
0.5085042375566214	-0.0002132974625407
0.5097463751125861	-0.0002717795863414
0.5100907469256533	-0.0002491477218781
0.5104743489446304	-0.0002109177617316
0.5109107214383886	-0.0001566164173970
0.5114057438357401	-0.0000879586647694
0.5118496791174156	-0.0000235600985584
0.5121931753772349	0.0000265928787766
0.5129291707283833	0.0001321890084725
0.5134196896374356	0.0001958205853144
0.5136717120136155	0.0002233923369455
0.5142629111653146	0.0002670270713779
0.5146569303989026	0.0002733919892801
0.5153557596410869	0.0002271961349530
0.5158729656443083	0.0001467063506016
0.5161546798328768	0.0000898581420876
0.5165065512017591	0.0000107524472040
0.5167952698690319	-0.0000561779735460
0.5171302518957460	-0.0001307697366598
0.5175721481617018	-0.0002145784296122
0.5182365794520274	-0.0002906125391961
0.5187171749162970	-0.0003020385637812
0.5191075006703173	-0.0002872540972767
0.5194793247753390	-0.0002581681411004
0.5197997403819811	-0.0002262396067029
0.5202272977468207	-0.0001806297882957
0.5209037041839926	-0.0001136205640893
0.5212106536054940	-0.0000869010919315
0.5216751106420711	-0.0000477239167419
0.5221070285604044	-0.0000074069826752
0.5225300745096665	0.0000414400132485
0.5229822349977191	0.0001093358235872
0.5232278642566961	0.0001521395546015
0.5236260702966165	0.0002270149177857
0.5239599630622082	0.0002891763424661
0.5242732604478205	0.0003415110589451
0.5245055645679977	0.0003722105302413
0.5248280668283737	0.0003986607821978
0.5251640013523745	0.0004010724684211
0.5258656233481162	0.0003086988283445
0.5260444262376568	0.0002646714683315
0.5263617663645224	0.0001697450398317
0.5265833923748832	0.0000942457031835
0.5268258184616572	0.0000068846838943
0.5270688253068444	-0.0000810715035203
0.5273307440282177	-0.0001707115479102
0.5275926627495909	-0.0002493334471274
0.5278545814709642	-0.0003109372011718
0.5284356582002268	-0.0003666460642722
0.5287554172362426	-0.0003440519304034
0.5290696196716347	-0.0002862740512770
0.5293495485926235	-0.0002098028863326
0.5296067458224836	-0.0001240606959827
0.5298106795471276	-0.0000498572091952
0.5300598413204098	0.0000432858012157
0.5302795632412014	0.0001229580527799
0.5305228862808103	0.0002027619128360
0.5308869653005037	0.0002955687109610
0.5313034131019255	0.0003477894866230
0.5315893465727620	0.0003452202009950
0.5318386212476169	0.0003176054669379
0.5321070519568437	0.0002634194638312
0.5323642147347847	0.0001923216240583
0.5326232008632622	0.0001072264460170
0.5328658254013633	0.0000213720884088
0.5331440760189895	-0.0000772090563316
0.5333833951984623	-0.0001550421613705
0.5337316753416278	-0.0002461083239963
0.5340638097687544	-0.0002977944270758
0.5345465923115224	-0.0002983369613969
0.5348261435448235	-0.0002571918231333
0.5350949725511833	-0.0001923227258990
0.5353617253811676	-0.0001079899158164
0.5356219855284460	-0.0000124416661903
0.5358119680457072	0.0000615848270571
0.5360541235158482	0.0001561788292730
0.5362888333362453	0.0002428099192102
0.5365390915768773	0.0003244489910962
0.5369544149785099	0.0004231548191668
0.5373513672899433	0.0004628664265809
0.5377698176395999	0.0004423054558458
0.5379633750715545	0.0004126095734831
0.5382548718461392	0.0003477317015733
0.5385335123603300	0.0002683784220267
0.5387425718401362	0.0002018556867160
0.5390034137047853	0.0001150011286084
0.5393259338453305	0.0000103555402407
0.5396381057273901	-0.0000797279717281
0.5399516593397555	-0.0001518217341395
0.5405562012570631	-0.0002257023293474
0.5409235176476926	-0.0002280612648684
0.5412261211980889	-0.0002105411198801
0.5415490645645139	-0.0001783547636602
0.5418476619428052	-0.0001421010899471
0.5422104586658896	-0.0000977466130272
0.5426777148412866	-0.0000531325619458
0.5432736394044706	-0.0000320128180675
0.5437427806778609	-0.0000449593057286
0.5441112106565238	-0.0000673343008911
0.5443479348645648	-0.0000837119118813
0.5447706348135148	-0.0001095804977342
0.5453376208008294	-0.0001236028440085
0.5462395089006031	-0.0000730339803537
0.5466274585468153	-0.0000299005298006
0.5469698802056060	0.0000109681006645
0.5472752689236396	0.0000444470529559
0.5476325269943290	0.0000744687664839
0.5480334107376579	0.0000899286713963
0.5486191180762006	0.0000707886281982
0.5489477462152780	0.0000386788048966
0.5492585075531469	-0.0000024290613891
0.5496028237254421	-0.0000547713311369
0.5498297588323883	-0.0000899087187978
0.5502356332509863	-0.0001477140184277
0.5506612061595533	-0.0001902299112990
0.5512588688397057	-0.0001994858984848
0.5521014007186078	-0.0000955719850905
0.5523517496575994	-0.0000420619772538
0.5526374348785629	0.0000272755341149
0.5529487209702193	0.0001072927671649
0.5532599745328355	0.0001865645251483
0.5535629231054616	0.0002569218762670
0.5539835656327005	0.0003337866801397
0.5545998358206641	0.0003806828687863
0.5552330560603842	0.0003320256236715
0.5554924445575965	0.0002853620161668
0.5558308601286563	0.0002061868090204
0.5561461753653949	0.0001192565697161
0.5563752705135709	0.0000521367247475
0.5566686966565272	-0.0000331529202721
0.5569421655124154	-0.0001073028205931
0.5572387674227108	-0.0001764155857675
0.5577038369464297	-0.0002497869415322
0.5583323516213320	-0.0002641963893725
0.5586465004833047	-0.0002342819037545
0.5589556607734264	-0.0001842643255718
0.5592562413850501	-0.0001210113029811
0.5594921711010190	-0.0000659541844328
0.5597384854882853	-0.0000072137264331
0.5600918118289779	0.0000714509982513
0.5603495176090709	0.0001186969865016
0.5606491468205437	0.0001570611662902
0.5614491414231876	0.0001455369719985
0.5616901093081659	0.0001082081285560
0.5619737736481095	0.0000468211156323
0.5622528065173013	-0.0000271241826072
0.5625422880974809	-0.0001121707270423
0.5628073640684520	-0.0001915563972495
0.5631041995025883	-0.0002749470714345
0.5633866295224796	-0.0003416969506474
0.5636757793670264	-0.0003913728161286
0.5642490905581972	-0.0004168594167599
0.5645112103326684	-0.0003935656632647
0.5647682769915555	-0.0003502185199641
0.5650727168196110	-0.0002764542077957
0.5653588569693921	-0.0001901075685217
0.5656249244360407	-0.0001012122761595
0.5659278523237200	0.0000029534112033
0.5662295356417522	0.0001014476073323
0.5665136590878678	0.0001821172734545
0.5668292290210389	0.0002516133787746
0.5672065534212415	0.0003011641647112
0.5674895706388757	0.0003129063249314
0.5677602016619111	0.0003046013787943
0.5680636414885269	0.0002762795748093
0.5683638132969135	0.0002335143490219
0.5686496009963010	0.0001854480046401
0.5689113596615251	0.0001397432662131
0.5692707084031864	0.0000830385392086
0.5696694264254256	0.0000374461591084
0.5703302703098511	0.0000190723996446
0.5706825469616252	0.0000361981000157
0.5710143912619996	0.0000627845141402
0.5712372069650146	0.0000827866964192
0.5715449270774545	0.0001086050991230
0.5717942635403488	0.0001238213948179
0.5724057389500514	0.0001237470293179
0.5729485621263753	0.0000697530608880
0.5731874955022475	0.0000314987604693
0.5735006183723843	-0.0000284455728523
0.5738099788367025	-0.0000926356515465
0.5740984283131070	-0.0001518256574137
0.5744385896389422	-0.0002133692698275
0.5748576047559790	-0.0002680294474829
0.5757459223659407	-0.0002825735281284
0.5760881885533575	-0.0002558979540868
0.5763694876953105	-0.0002265411451185
0.5766799458298272	-0.0001916054445236
0.5770267660520474	-0.0001563992144372
0.5774697277623813	-0.0001256116546454
0.5780735817655263	-0.0001175699916114
0.5783221231922026	-0.0001238283570765
0.5786312082323676	-0.0001347573797756
0.5789407281677097	-0.0001439322038418
0.5792790291018499	-0.0001453823300673
0.5796137198388919	-0.0001302098894270
0.5802465900921798	-0.0000408713457803
0.5805415071140307	0.0000290719407581
0.5808657716968931	0.0001224887610728
0.5810726053440306	0.0001876823214901
0.5813403100282442	0.0002742832771870
0.5816040808046532	0.0003563330773238
0.5818505884507337	0.0004247121898786
0.5821772971100511	0.0004942082289191
0.5825013931799521	0.0005309988269379
0.5834485306936233	0.0004151676651675
0.5837467950532625	0.0003150430685261
0.5839832912380083	0.0002210847856027
0.5842325386925455	0.0001137046178484
0.5844772543226974	0.0000059723631652
0.5847219699528492	-0.0000981852699690
0.5849818066054592	-0.0001983602860326
0.5852440681653925	-0.0002822474632824
0.5855762071040118	-0.0003567399805342
0.5864083173653850	-0.0003663260303526
0.5866868367602280	-0.0003191816677102
0.5869535843844014	-0.0002587793689764
0.5871986101290028	-0.0001952842402639
0.5874020444662589	-0.0001412437968267
0.5876550208849730	-0.0000771146940749
0.5879425083522213	-0.0000141145846167
0.5883388698648435	0.0000449773650933
0.5887536851501438	0.0000644330094432
0.5891321576618137	0.0000454195219816
0.5893384808422534	0.0000234007602890
0.5896048253233673	-0.0000132464614290
0.5898702298229617	-0.0000530320032047
0.5901356343225560	-0.0000904581218521
0.5904255818849447	-0.0001218829522266
0.5907019579901422	-0.0001366128479740
0.5909237597221288	-0.0001349405495577
0.5914920360344695	-0.0000702387299206
0.5917145832294666	-0.0000232623596855
0.5919722144310920	0.0000428947045510
0.5922458294101433	0.0001214239676285
0.5924802721513387	0.0001909420040906
0.5927352691680194	0.0002626303068820
0.5929942544290988	0.0003257057845352
0.5933370002521520	0.0003861497850345
0.5937492302285337	0.0004130750713042
0.5941231044489407	0.0003903326742801
0.5944072960390118	0.0003456307173895
0.5946855233354590	0.0002843301586002
0.5949376188743232	0.0002193801790899
0.5951901565531122	0.0001515117427388
0.5953982506376663	0.0000980288443388
0.5956454595631149	0.0000426148679069
0.5959525001298489	-0.0000063811894530
0.5962551398888748	-0.0000262103202835
0.5967095220242471	0.0000060229972589
0.5970362081844218	0.0000752195033315
0.5973296767410774	0.0001651073117447
0.5975260544877309	0.0002360418645294
0.5977683371603659	0.0003313038675077
0.5980028259403534	0.0004264933555365
0.5982494141897462	0.0005238976364009
0.5985148357161550	0.0006193635062183
0.5987734537868911	0.0006971412560151
0.5990120960930649	0.0007519686910511
0.5996692734190163	0.0008074498388258
0.5999709796218421	0.0007898720007364
0.6002401887360864	0.0007585919476967
0.6004619670205952	0.0007263965339410
0.6007056769619030	0.0006904411846955
0.6009493869032109	0.0006593537749621
0.6011930968445187	0.0006391343047407
0.6014998519278291	0.0006374032594651
0.6019655536025802	0.0007023464425090
0.6023045748255118	0.0008073660976285
0.6024810310725655	0.0008812418751805
0.6028053797841397	0.0010489075630143
0.6031001222798404	0.0012312814972065
0.6033423247024651	0.0013975619729083
0.6036361448199956	0.0016115841711125
0.6040083850057079	0.0018914872283609
0.6045435052900739	0.0022877877928131
0.6050029869494545	0.0026118252620681
0.6054130035096564	0.0028939312983705
0.6057631722590812	0.0031412469435411
0.6061433021026844	0.0034337447222574
0.6065057565007972	0.0037531134627397
0.6069342936551781	0.0042037320649865
0.6075216738911340	0.0049793784992686
0.6080458590549495	0.0058351386790791
0.6086139038543124	0.0069167284168029
0.6090685143377856	0.0078694790355439
0.6109874579875285	0.0124717613627043
0.6114961286277327	0.0139221038455465
0.6121062681110336	0.0159080599128892
0.6128711860026269	0.0188932758784426
0.6139573031109974	0.0241716227920587
0.6158406461326794	0.0360429421316389
0.6166436489460515	0.0423473649295909
0.6174430766175979	0.0496689614503645
0.6196221513911939	0.0759484983622501
0.6224163867419010	0.1225969102858300
0.6248868766155151	0.1773973989584266
0.6262011389632782	0.2110648944204532
0.6273147670167680	0.2416031290386209
0.6285596931938745	0.2776919829253097
0.6293476727458899	0.3009344220257091
0.6317020167062699	0.3687533767724809
0.6326768865097038	0.3945727548205093
0.6347445364245087	0.4394619234721360
0.6360438761259573	0.4580261238946165
0.6371651121589433	0.4666034699858624
0.6386290482106288	0.4664189675439104
0.6396422443881369	0.4589318138918231
0.6423541109443247	0.4029084013197435
0.6441268699577101	0.3454952610947283
0.6449701078701533	0.3132965203765987
0.6457457547529597	0.2810484092288599
0.6465200006979508	0.2470863532902267
0.6474945949862438	0.2033498025684522
0.6487435781334201	0.1485138684144744
0.6503138566072506	0.0853533385210122
0.6512623541143793	0.0511625926082981
0.6518846786816400	0.0307237539535955
0.6525625655449185	0.0106772422386246
0.6528735130871068	0.0023669333787640
0.6530858946630617	-0.0029547810575342
0.6531651313740169	-0.0048668623562899
0.6534986923980891	-0.0124583178991202
0.6538682879556686	-0.0199981674182485
0.6545783945206178	-0.0319324991510378
0.6550216904951451	-0.0377634181155612
0.6555887781306207	-0.0435667673909628
0.6562612853830020	-0.0482808890066953
0.6574683247897972	-0.0514029773722503
0.6588859860580459	-0.0466694174409325
0.6595213878139397	-0.0419047374969349
0.6599332173150388	-0.0381605185586149
0.6604488472633049	-0.0329664894232433
0.6608942854086693	-0.0282292733743437
0.6613331193922680	-0.0235077163130528
0.6618401818613406	-0.0181569197376163
0.6623562733491020	-0.0129725046179439
0.6640997102134585	0.0020251233225527
0.6643276324793301	0.0036998713718261
0.6646829932209417	0.0061698986381680
0.6650645221196164	0.0086116558318472
0.6654898739677639	0.0110395133555525
0.6659671531529442	0.0133295700410469
0.6665622478564365	0.0154442187269143
0.6673549667433859	0.0168978878388339
0.6678079329088878	0.0170758387161397
0.6682408774380255	0.0168841245951917
0.6686583053862761	0.0164482437798151
0.6690955522062436	0.0158178202002553
0.6695911156427287	0.0149951996065414
0.6702924276794174	0.0137945049706676
0.6715467797630286	0.0117715062225795
0.6722344250995654	0.0107193317757894
0.6727399093743983	0.0100103579396108
0.6731531663553630	0.0095293852974496
0.6735430068657825	0.0092149041986161
0.6739180221048606	0.0090970570996410
0.6743575814758695	0.0092580187186433
0.6749787173905656	0.0101536696953783
0.6753056369706062	0.0109669083772573
0.6758571920794969	0.0128765361363527
0.6763162999419996	0.0149360413259967
0.6769083752434868	0.0181288428622070
0.6776086730031347	0.0225271847380315
0.6784714480211544	0.0287351082367170
0.6791735970801994	0.0344846761056853
0.6797794568832992	0.0400790360376955
0.6811301930556485	0.0549544543735253
0.6819373372543811	0.0652109111368791
0.6830186376297959	0.0800219245602677
0.6838182778554268	0.0916353738699441
0.6845581890497127	0.1031140641578941
0.6855242634499984	0.1196774513645001
0.6864824121523868	0.1382010234752971
0.6878923199600010	0.1688847496995793
0.6904531418239516	0.2327967515274989
0.6917331251755064	0.2684659580777994
0.6928125798481226	0.2995528274995913
0.6955617751061866	0.3774432120103869
0.6964228945709280	0.3993196866211707
0.6983495878076560	0.4382623676837403
0.7005793422854030	0.4634514352303531
0.7044496270562468	0.4354793657246664
0.7086408948084433	0.3068136213139767
0.7095880165149879	0.2674889164392070
0.7117829155331360	0.1722529403951226
0.7126069058011404	0.1367975519071332
0.7132311216785024	0.1108240911264895
0.7138784797838870	0.0850679603216056
0.7145530192947364	0.0598484092694055
0.7152514675283143	0.0358791073299126
0.7159127404989001	0.0154349707353069
0.7165014326316639	-0.0007788255077801
0.7167579059632150	-0.0072358109572605
0.7174568227293131	-0.0228974670397507
0.7181167612600842	-0.0350272875832869
0.7193397794581806	-0.0505494578263213
0.7202740651635722	-0.0564466830133420
0.7210403933176338	-0.0577491294969606
0.7217339106322320	-0.0564993785013254
0.7223150176860147	-0.0539066255167939
0.7230427665546096	-0.0489767052001720
0.7237403554784259	-0.0428241598989364
0.7243515661916028	-0.0365808753425710
0.7249000979972372	-0.0305265568201418
0.7256326151303923	-0.0221276042828366
0.7260758699486798	-0.0170502371079465
0.7266636126361098	-0.0105262711374461
0.7272409996381971	-0.0045305853980744
0.7277454971673227	0.0002420762608586
0.7278822866920251	0.0014490130820218
0.7281305935085491	0.0035358293656616
0.7284688395261578	0.0061532225791256
0.7291164535614203	0.0103922326633464
0.7306060422687366	0.0161513408454836
0.7312629404952741	0.0170192205147859
0.7317657221882242	0.0170816862206171
0.7324220001226625	0.0164847411924850
0.7330423626125042	0.0153238539562651
0.7337041530888087	0.0135668824499303
0.7343821824248018	0.0113283673554351
0.7350280270605679	0.0088803824951175
0.7357280760786634	0.0059863867320257
0.7361321425723570	0.0042539254697178
0.7365490947245203	0.0024610207222713
0.7368402580797776	0.0012283518541514
0.7370656392510192	0.0002959772333674
0.7372602990025086	-0.0004873721222007
0.7375026923700505	-0.0014264603034388
0.7377176995045194	-0.0022188181865288
0.7380416935283903	-0.0033260699501233
0.7384121086521934	-0.0044419852105748
0.7389007950945545	-0.0056308978698756
0.7402880778431914	-0.0070864063084413
0.7406843718004041	-0.0070213636825251
0.7411093593857015	-0.0067681131409356
0.7415248998533761	-0.0063768825377331
0.7419530173849478	-0.0058633186367969
0.7424009527619763	-0.0052449045234718
0.7430329008294085	-0.0042820977769222
0.7443932705409615	-0.0019891605638271
0.7448644726598269	-0.0011403539677021
0.7451060232739476	-0.0006993180106597
0.7453954040166462	-0.0001706416747543
0.7456630705344598	0.0003135814417911
0.7459209542267718	0.0007694265178018
0.7461544071876971	0.0011678536836172
0.7464411184682327	0.0016308637829345
0.7467342895286716	0.0020656629704702
0.7470488091500522	0.0024773880945765
0.7474436819206731	0.0028989073567524
0.7479721593740102	0.0032750687733294
0.7484535938878883	0.0034214389395389
0.7489114991979786	0.0033954894740008
0.7493089850220673	0.0032588654139364
0.7497015557710276	0.0030387120063817
0.7500883784774489	0.0027585188327008
0.7504678729016671	0.0024391899408574
0.7509064071872129	0.0020336730112282
0.7515633012747928	0.0013828502465958
0.7522396646761389	0.0006806247573843
0.7527801653558200	0.0001052742638622
0.7533145528244148	-0.0004635618240044
0.7536207548199116	-0.0007809488422424
0.7539082722183561	-0.0010655938907769
0.7541501691002513	-0.0012904054554156
0.7544607287729712	-0.0015521713457304
0.7547799479608523	-0.0017807766690859
0.7550869911577043	-0.0019534343876023
0.7554844608635910	-0.0020965948815557
0.7559784074284244	-0.0021350708516120
0.7563329518278006	-0.0020656043364731
0.7566598963660583	-0.0019347165307047
0.7569913354765428	-0.0017451465884118
0.7572994009382891	-0.0015281853663584
0.7575618524254278	-0.0013205883234960
0.7578282071168928	-0.0010968188740011
0.7580367930003297	-0.0009178507515991
0.7583405167283545	-0.0006595486484059
0.7586069836772765	-0.0004420504153078
0.7588751123231324	-0.0002380885365613
0.7594879609101944	0.0001501467951991
0.7601413675924281	0.0004259249237368
0.7604941914200978	0.0005190241972150
0.7608310455954450	0.0005773408031798
0.7612670192659984	0.0006190083953150
0.7617430369558494	0.0006355923508773
0.7621934161074057	0.0006364504670421
0.7629478838711670	0.0006286847133438
0.7633434382435638	0.0006241392781001
0.7637394629311980	0.0006199282448277
0.7641866181837921	0.0006146664887891
0.7646087983926360	0.0006078420792186
0.7650939362722229	0.0005956817036768
0.7658635521799575	0.0005574803508916
0.7661733399624259	0.0005304301095480
0.7665675089682408	0.0004809062954001
0.7669526135039496	0.0004095137325548
0.7675447996763424	0.0002455608496489
0.7681630496997375	-0.0000044526349427
0.7684382286882453	-0.0001391824244061
0.7687389452947035	-0.0002981047192680
0.7690373544006837	-0.0004625304103175
0.7692577057017481	-0.0005836072760362
0.7695173773897281	-0.0007210421037602
0.7697731894439717	-0.0008449782015400
0.7700341380830311	-0.0009536982282543
0.7702987403385748	-0.0010400974306291
0.7706061723750225	-0.0011026473981371
0.7710665634523968	-0.0011072653608828
0.7713586488433822	-0.0010516643983320
0.7716541647683856	-0.0009505750130178
0.7719174877711976	-0.0008265768733204
0.7721712555331778	-0.0006818355440322
0.7724129512517162	-0.0005272718646166
0.7726428543081603	-0.0003705150771845
0.7728617596618753	-0.0002182733188158
0.7730903928058768	-0.0000621168567906
0.7733331448606335	0.0000943199271144
0.7735704758172870	0.0002320828241471
0.7738658008553616	0.0003741222704524
0.7742010414144961	0.0004875983594381
0.7744698077485667	0.0005386024193058
0.7747823688220595	0.0005531024252184
0.7750673050379817	0.0005278884347589
0.7752718004985688	0.0004907521623295
0.7754945010586302	0.0004359014200044
0.7756868362467165	0.0003800361996214
0.7759297667197972	0.0003027815555953
0.7761698140573658	0.0002251905276212
0.7764221285905922	0.0001484639420137
0.7766737564166827	0.0000826991702269
0.7770501113268448	0.0000134626516562
0.7775442761845177	-0.0000143583371995
0.7778480139153652	0.0000026011161333
0.7780969532747695	0.0000317702971054
0.7783664229046579	0.0000730967338333
0.7786055337377830	0.0001135317991282
0.7788606843647985	0.0001546316133516
0.7791158349918140	0.0001879045604874
0.7795018891291200	0.0002124737704263
0.7799757552420035	0.0001874982929398
0.7802671993774576	0.0001409146918147
0.7805662775493516	0.0000725544601327
0.7808361321640573	-0.0000009477727397
0.7810413578363488	-0.0000601753212556
0.7812864699831178	-0.0001290072392429
0.7815058744974154	-0.0001842161442307
0.7818204476827844	-0.0002443181162484
0.7821595279819579	-0.0002728801765395
0.7826797478737727	-0.0002257179141182
0.7829837307218542	-0.0001453410475499
0.7832631338133313	-0.0000416175346236
0.7835168843177144	0.0000711558171261
0.7837156320037687	0.0001675048108040
0.7839450018168045	0.0002816272831322
0.7841649550127987	0.0003888740100647
0.7843871228923334	0.0004889254422738
0.7846252751703514	0.0005803486652163
0.7848903849526911	0.0006563639109809
0.7853085727583379	0.0007072109573264
0.7858131545953225	0.0006434778967221
0.7860378831826973	0.0005735076256764
0.7862777386048141	0.0004750648835983
0.7865171845536646	0.0003582239292821
0.7867109451151332	0.0002544621163523
0.7869323213109420	0.0001316840505427
0.7871536975067509	0.0000098415543228
0.7873750737025598	-0.0001050653723073
0.7876450314011304	-0.0002279031708494
0.7879892924077715	-0.0003447979452243
0.7889629363075561	-0.0003771786374104
0.7891950375316482	-0.0003257969745897
0.7893899033761860	-0.0002711548220982
0.7895858789119383	-0.0002092179049705
0.7898177387608385	-0.0001317903102577
0.7900351364771235	-0.0000602638055725
0.7902625578316644	0.0000073691758170
0.7905996882177483	0.0000840419057662
0.7910035596117024	0.0001250214397244
0.7914741766945719	0.0000930096013977
0.7916965104674247	0.0000501577585809
0.7919487977710735	-0.0000152435002771
0.7921928112075330	-0.0000902902366329
0.7923955149251160	-0.0001566219872694
0.7926285160629276	-0.0002320075349782
0.7928761863082202	-0.0003050132954395
0.7931155531781512	-0.0003621886214648
0.7933895476507994	-0.0004052348702461
0.7939359395562099	-0.0004022013883974
0.7942029275995359	-0.0003553552445955
0.7944840338704405	-0.0002774322865268
0.7947478707488389	-0.0001834493002472
0.7949219541335375	-0.0001139122964757
0.7951571375737914	-0.0000155006781699
0.7953887181706026	0.0000812656003574
0.7955970690550082	0.0001626579257157
0.7958501147828058	0.0002481437468442
0.7961360402096460	0.0003200129512866
0.7964303594298533	0.0003597992395111
0.7971770781760106	0.0002890285335998
0.7974451703580399	0.0002101377112143
0.7976937377658111	0.0001194564465311
0.7979062804366940	0.0000336367281289
0.7981428697370656	-0.0000653425045690
0.7983794590374372	-0.0001622873993027
0.7986160483378089	-0.0002511979560722
0.7989698258200510	-0.0003584600352298
0.7994080540160889	-0.0004333236780910
0.7996457111526540	-0.0004438443700805
0.7999800882396493	-0.0004236708356642
0.8002852516805963	-0.0003744294486795
0.8005232440507598	-0.0003204599440187
0.8007742312374030	-0.0002538579633563
0.8010336036451035	-0.0001804336710541
0.8012989194904047	-0.0001057575118497
0.8017101654737837	-0.0000026177593754
0.8022626631715160	0.0000947044281099
0.8026802266451941	0.0001355367766393
0.8029977134330141	0.0001539114457405
0.8032169593633848	0.0001641652152191
0.8035395252056907	0.0001812544858778
0.8038412560308793	0.0002048942433128
0.8041984572528851	0.0002493504578213
0.8045104022498117	0.0003044530276973
0.8048217392682113	0.0003728820429621
0.8050499177611445	0.0004286178975055
0.8053198596054301	0.0004956741509700
0.8055709527695095	0.0005536916426733
0.8058202750137018	0.0006009633032430
0.8060695972578941	0.0006321073026964
0.8064005084760160	0.0006395960527682
0.8067704738331234	0.0005906522347361
0.8070927770079790	0.0004937976074692
0.8073297670300155	0.0003912615407382
0.8075585985268535	0.0002694942659897
0.8078042328766100	0.0001187418838069
0.8080059243829448	-0.0000159988137395
0.8082146697514310	-0.0001609887039719
0.8084128056332803	-0.0002988286184424
0.8086259874601545	-0.0004417424061723
0.8088391692870286	-0.0005733462846666
0.8090523511139027	-0.0006876402539252
0.8092973320343309	-0.0007903472173155
0.8096454602413594	-0.0008728668965302
0.8101435710453249	-0.0008441058385517
0.8104409603399104	-0.0007450166776974
0.8106815440957558	-0.0006257425491710
0.8109051993191251	-0.0004892485035123
0.8110842964799539	-0.0003667993339369
0.8112960957155146	-0.0002120928974142
0.8114484837559472	-0.0000979079660968
0.8116510916117232	0.0000527540738628
0.8118536994674992	0.0001967506035050
0.8121033364069189	0.0003569869800357
0.8123918885460149	0.0005075515178968
0.8126935855219497	0.0006142036524302
0.8134110982726083	0.0006301061227120
0.8136718838518024	0.0005579128057561
0.8138886682170603	0.0004731080838021
0.8140822782475102	0.0003830197262615
0.8143006707047423	0.0002704942708483
0.8144679612659490	0.0001805505661628
0.8146779332484312	0.0000682906234256
0.8148992323837342	-0.0000435183872885
0.8151544254158993	-0.0001568299025583
0.8153927379450245	-0.0002408337942207
0.8159889949963427	-0.0003321944955571
0.8163559070693184	-0.0002988017604014
0.8165922608195071	-0.0002451168575669
0.8168412234950591	-0.0001673555395721
0.8170281978184297	-0.0000985767677226
0.8172565027649737	-0.0000077124967656
0.8175197498199592	0.0000988005212239
0.8177449192537263	0.0001845789549425
0.8180587672785978	0.0002856797347384
0.8183563954019288	0.0003519913065318
0.8187728467450929	0.0003844698458214
0.8191104982462494	0.0003560807754748
0.8194037629704132	0.0002951079405497
0.8197030620589468	0.0002046112871932
0.8199509142045849	0.0001146086212454
0.8201941695096555	0.0000192013048425
0.8204378961918529	-0.0000773368080789
0.8206827260206077	-0.0001692591272089
0.8210179251244560	-0.0002775525061174
0.8213344336776277	-0.0003526801570666
0.8217898368602017	-0.0004044236458450
0.8221599493758682	-0.0003967003757726
0.8225148274513366	-0.0003524317456288
0.8227945397079215	-0.0002981830373800
0.8230645555816305	-0.0002352408595033
0.8233479233458192	-0.0001637396514784
0.8236386834888045	-0.0000905970697622
0.8240668546722834	0.0000063409185838
0.8248405060085455	0.0001212310723290
0.8252350083245478	0.0001479980501010
0.8258018176326775	0.0001603108654056
0.8262480559014941	0.0001583143489165
0.8271378948604425	0.0001481621496146
0.8275438865252078	0.0001417848244246
0.8280581022163310	0.0001248183137604
0.8289777502792253	0.0000523359441922
0.8294157285438291	-0.0000012946187663
0.8299293167650975	-0.0000695360587683
0.8303611541765493	-0.0001209608964364
0.8307349409444060	-0.0001532001538178
0.8312624434002044	-0.0001711171289597
0.8318153136732621	-0.0001543609424522
0.8321536861384927	-0.0001295202652720
0.8325858115599652	-0.0000901278510520
0.8329671649460758	-0.0000565000529097
0.8333064570036829	-0.0000332689837946
0.8338197988708224	-0.0000187291177145
0.8341865188973536	-0.0000248960606680
0.8346201683114732	-0.0000466657088261
0.8349751595144520	-0.0000699240003741
0.8352958279759877	-0.0000899245619914
0.8356455961666217	-0.0001051091530729
0.8363045807635995	-0.0000996782616228
0.8366058764629080	-0.0000804824295593
0.8369161688464033	-0.0000511014526425
0.8371759219179201	-0.0000215399798726
0.8375057011466274	0.0000177053307179
0.8378246984623240	0.0000525133481289
0.8381607422324407	0.0000787752245653
0.8386134986241668	0.0000890910188619
0.8390718487714977	0.0000647207668058
0.8392551355979575	0.0000457698418661
0.8395889147246559	0.0000005686695412
0.8399025803946538	-0.0000495539728360
0.8401893008595973	-0.0000950085342038
0.8405070848022648	-0.0001384412602061
0.8407978535835940	-0.0001651531250985
0.8411413268019859	-0.0001741893051742
0.8416384277578524	-0.0001357307497627
0.8419670685316470	-0.0000771958431892
0.8422387727362552	-0.0000123229663665
0.8425216362435841	0.0000654306364637
0.8427864585950441	0.0001418152779664
0.8430379052740800	0.0002119877163139
0.8432972841414174	0.0002761609874689
0.8436273467802035	0.0003373710309034
0.8439965825478927	0.0003674979874138
0.8442457255090309	0.0003614624373948
0.8446262566496345	0.0003097211585979
0.8449084054121470	0.0002410992586742
0.8451841863450364	0.0001545322065389
0.8454259252756214	0.0000679998426216
0.8456424748320126	-0.0000131993130229
0.8458846772325643	-0.0001027377538617
0.8461514727699857	-0.0001933512107218
0.8464189348212716	-0.0002681805550203
0.8466865964304754	-0.0003207338826665
0.8471318511273243	-0.0003474426954870
0.8473974745015195	-0.0003242806044876
0.8476972952434236	-0.0002645035717885
0.8479740289516101	-0.0001822258201484
0.8482125863247492	-0.0000953746128767
0.8484325249454203	-0.0000069813828109
0.8486755991462653	0.0000945243406253
0.8488894920554491	0.0001823421669265
0.8491284729029202	0.0002726200782537
0.8494118706073576	0.0003622393450962
0.8498025784674781	0.0004427147446966
0.8503760519475818	0.0004495469670355
0.8507271208641726	0.0003881793094742
0.8510220669410841	0.0003045200246286
0.8512158915788832	0.0002372227897236
0.8514734347109636	0.0001379278154605
0.8516966619719863	0.0000471084698410
0.8519459683419349	-0.0000538566586803
0.8522659852717396	-0.0001747506718538
0.8526265691777248	-0.0002877268393134
0.8530743724414955	-0.0003804000041635
0.8534085639704804	-0.0004111570331101
0.8537666237182255	-0.0004094289913105
0.8540993887880752	-0.0003811611113748
0.8544062008022026	-0.0003385253928915
0.8547130128163301	-0.0002859327469747
0.8549554597812116	-0.0002417842851039
0.8552845993386580	-0.0001825339744538
0.8556523125311233	-0.0001217620522826
0.8561616398685901	-0.0000515827552051
0.8565409916498677	-0.0000086894726879
0.8569573823507191	0.0000344074681569
0.8579023601141077	0.0001351836397086
0.8584384419245166	0.0001943271622355
0.8587635635671578	0.0002240394122310
0.8592072966403403	0.0002470301668420
0.8595893965911091	0.0002427681600215
0.8604169581893211	0.0001388478335540
0.8606837033023088	0.0000809610663826
0.8609775828891352	0.0000096388371185
0.8612607718469779	-0.0000610021884233
0.8615184924444874	-0.0001217001438141
0.8617939656649529	-0.0001770309844561
0.8620282048747869	-0.0002122231054746
0.8623818949084558	-0.0002375040886032
0.8633297332119029	-0.0001150765004363
0.8635972062135032	-0.0000371383673179
0.8638669174407417	0.0000520989402509
0.8640362412894265	0.0001102387094349
0.8642822489479549	0.0001928816005853
0.8644919399363273	0.0002573783542402
0.8648120287173392	0.0003369238499213
0.8651410575721090	0.0003840827944880
0.8655644160954403	0.0003801972674355
0.8660000587640196	0.0002955185460488
0.8662780825518104	0.0002029710068554
0.8665372771361999	0.0000963301731241
0.8667189318745641	0.0000136565256287
0.8669511856395931	-0.0000962716922923
0.8671627132827310	-0.0001958030525760
0.8673449719355317	-0.0002766483710130
0.8675689485242406	-0.0003651469115576
0.8678781445409608	-0.0004588025983207
0.8681785142005550	-0.0005083021640019
0.8685744221038647	-0.0004999899675000
0.8688644801348613	-0.0004386472714472
0.8691333212457466	-0.0003429056308581
0.8693934981222194	-0.0002200902988828
0.8695856498645527	-0.0001147683550374
0.8698174356006486	0.0000235941293287
0.8699676320601832	0.0001165236431570
0.8701847025561290	0.0002508491545864
0.8704017730520748	0.0003799196169867
0.8706405174454359	0.0005089804290944
0.8708811682923004	0.0006183385665934
0.8712008443267218	0.0007222644375070
0.8716276245057544	0.0007738034068372
0.8718665516856712	0.0007569381342631
0.8721539817576848	0.0006954369000240
0.8724270727325824	0.0006006702315635
0.8726138476951346	0.0005196678512769
0.8728531150848531	0.0004015958657682
0.8730167369527286	0.0003151081919014
0.8732416972092769	0.0001934022972362
0.8734666574658252	0.0000737332330575
0.8737535577115304	-0.0000674998162511
0.8740255568831928	-0.0001816710463809
0.8743994884703249	-0.0002958570666800
0.8748816644471231	-0.0003591678148663
0.8751754446583897	-0.0003528037283114
0.8753904937247281	-0.0003298482071053
0.8756465740119009	-0.0002863557298583
0.8759013803190490	-0.0002317177480733
0.8761524415111395	-0.0001723184423086
0.8764401228548440	-0.0001053651352776
0.8767183292433312	-0.0000487967863994
0.8770075889526395	-0.0000044185427162
0.8775180800214047	0.0000258587995225
0.8777987506757423	0.0000148563534633
0.8781387223638220	-0.0000213442966752
0.8784356403475116	-0.0000675136309828
0.8786763266799431	-0.0001103661211023
0.8789630852066784	-0.0001618256199922
0.8792266799391719	-0.0002047164855545
0.8795639024777346	-0.0002451733821204
0.8800625865238240	-0.0002628335604990
0.8803103194801817	-0.0002502162342652
0.8806945235876334	-0.0002034495927810
0.8810263736174428	-0.0001412658082223
0.8812963856542199	-0.0000808215862398
0.8815924453790416	-0.0000101728507405
0.8818356993813442	0.0000468971170788
0.8821246096356539	0.0001081812609272
0.8825447668642795	0.0001752721136474
0.8831373451766829	0.0002091082413747
0.8833588815977805	0.0002021506557651
0.8837545179064215	0.0001656107289065
0.8840931210524572	0.0001154540739938
0.8843591109242331	0.0000682134804511
0.8846966375682794	0.0000045320424823
0.8849572818529960	-0.0000433905648379
0.8854153416387855	-0.0001149483263754
0.8869273466312689	-0.0001579859107582
0.8873151675610353	-0.0001287778194713
0.8875155640361628	-0.0001116736873272
0.8878959155223523	-0.0000793204173004
0.8882922536053833	-0.0000511581043873
0.8887448002483324	-0.0000312422563736
0.8894438328358357	-0.0000315237856809
0.8898625554412289	-0.0000458356596747
0.8902879659486118	-0.0000653418191388
0.8906753790851295	-0.0000820557728939
0.8910734881177788	-0.0000917801955657
0.8914856544400056	-0.0000899463599719
0.8918260758987950	-0.0000773020209547
0.8924313743516613	-0.0000296210496550
0.8927258571950015	0.0000034310692603
0.8931492524539386	0.0000578834231785
0.8935405680619338	0.0001097156994268
0.8939318836699290	0.0001570858580343
0.8942758887475313	0.0001899667494059
0.8946729850160575	0.0002125739714402
0.8950091741226646	0.0002160984009995
0.8959274534654735	0.0001452648179310
0.8963075043170750	0.0000859678808917
0.8966148745192729	0.0000301007121217
0.8969502958556447	-0.0000343844739390
0.8972979583725764	-0.0000993537942109
0.8976089049604373	-0.0001509425611593
0.8981155876471996	-0.0002107053214292
0.8984583879260132	-0.0002291333474797
0.8988159720137163	-0.0002266863691922
0.8991585543596682	-0.0002042917544674
0.8995099816842227	-0.0001637555615151
0.8998744722742751	-0.0001081006374603
0.9002098641825540	-0.0000508341513998
0.9005452560908329	0.0000062965753017
0.9008578313302029	0.0000539488407444
0.9012778854415695	0.0001018673779270
0.9017076344965519	0.0001252519262000
0.9021051248524894	0.0001220272512030
0.9024407077002781	0.0001030909553438
0.9027694718441894	0.0000737414688018
0.9031067878953974	0.0000385020068908
0.9033638100001019	0.0000122697231267
0.9036915755895358	-0.0000159509180323
0.9041588798896830	-0.0000363066206576
0.9044038770715318	-0.0000350948385371
0.9049968851022806	0.0000049488507872
0.9053513319194402	0.0000501448404293
0.9056060773526047	0.0000883739179065
0.9059265023074463	0.0001386044774034
0.9062365986861716	0.0001834205529232
0.9065523700589334	0.0002199252866487
0.9070406110262784	0.0002463955672923
0.9074886814328941	0.0002304886966601
0.9079756925042847	0.0001693408214204
0.9082280121595363	0.0001230040199528
0.9085177866882108	0.0000614574017794
0.9087965686984804	-0.0000016225256113
0.9090897957933458	-0.0000667750909063
0.9093900911079604	-0.0001262040251561
0.9097916882868058	-0.0001856194907041
0.9102191221628081	-0.0002152258664347
0.9105637969827676	-0.0002109023254552
0.9109336452578985	-0.0001800476123565
0.9112722849963310	-0.0001330448344544
0.9115866545316268	-0.0000792819886497
0.9118886334182049	-0.0000248464532247
0.9121906123047830	0.0000264663542100
0.9125327041022334	0.0000737071368591
0.9129229409308116	0.0001051977218748
0.9137772013860023	0.0000712081421346
0.9141282054579202	0.0000198039365734
0.9144520196375894	-0.0000405668781954
0.9147766111310789	-0.0001074486333553
0.9150312593554032	-0.0001601216904183
0.9153534667588402	-0.0002211440693850
0.9156968641487223	-0.0002746354085610
0.9160758354819941	-0.0003132750873784
0.9163984698837288	-0.0003266112685318
0.9167465629400647	-0.0003200795925623
0.9172221159824600	-0.0002786460477764
0.9176231745737701	-0.0002203652179450
0.9179609853957343	-0.0001594431027395
0.9183359275911066	-0.0000842257755330
0.9187468235156907	0.0000013189685984
0.9190137890682405	0.0000559440342276
0.9195937242591838	0.0001652273294755
0.9203005424153814	0.0002692058059343
0.9207479403326824	0.0003137030142103
0.9212268532464456	0.0003387193851289
0.9218122324911096	0.0003333767257561
0.9224535903032945	0.0002808238547719
0.9227971219606311	0.0002350202357306
0.9231384217716883	0.0001811600986696
0.9234441550121872	0.0001295906808231
0.9237793828506083	0.0000749138290807
0.9242201198965456	0.0000138334253738
0.9246914248082925	-0.0000247425500029
0.9251247268656140	-0.0000264193187837
0.9258437439739602	0.0000494199679628
0.9261901494579630	0.0001157630977287
0.9265117481035775	0.0001872712077833
0.9268405704863745	0.0002633728411810
0.9270967328288321	0.0003203196532661
0.9275203417306074	0.0004000594564541
0.9278682311254298	0.0004443171147362
0.9284317897376265	0.0004651395727165
0.9287661593721716	0.0004487798874039
0.9290684788549461	0.0004193957053754
0.9293729383092988	0.0003818338291334
0.9295802356546967	0.0003552058730921
0.9299338497663201	0.0003145300382139
0.9302924283198593	0.0002903863852734
0.9305784560036141	0.0002908988836233
0.9309370100321323	0.0003236532276343
0.9315034200317571	0.0004570422272914
0.9318485073608729	0.0005858697818080
0.9321679322536672	0.0007313920491505
0.9324182191413596	0.0008588294445711
0.9326959234502188	0.0010085472929316
0.9330182954075852	0.0011854272382794
0.9333152898020011	0.0013448671713007
0.9336809336405126	0.0015278668945161
0.9341555323172768	0.0017334729047140
0.9345877290080138	0.0018860559685750
0.9349412126817638	0.0019917553982202
0.9353257950474818	0.0020975109452278
0.9355881457814086	0.0021713052822082
0.9359532902781650	0.0022868930858169
0.9363449755944593	0.0024410009641201
0.9367855539276333	0.0026675383323064
0.9374606396196146	0.0031517354869291
0.9378712094452442	0.0035303074134490
0.9384510658845442	0.0041631014144592
0.9389851940717912	0.0048299969727832
0.9398448944832669	0.0060252072270313
0.9406427310984936	0.0072594045181977
0.9413446799258978	0.0084796651515629
0.9420899967234690	0.0099698203226733
0.9432389185340777	0.0127656706379814
0.9443698327221014	0.0161749711679391
0.9455332343724537	0.0204961788421703
0.9463532833407855	0.0241812562562349
0.9493373891703917	0.0431618762199713
0.9505261070699544	0.0533488452127841
0.9517565949598902	0.0658259338054202
0.9529777591479998	0.0804801580908664
0.9549604884877245	0.1096071279516826
0.9561044524970053	0.1293874283261316
0.9579413321969645	0.1660129777697622
0.9589687960085382	0.1887110272291745
0.9601606531005393	0.2168352966148406
0.9610307709455042	0.2383781927377357
0.9630400621979655	0.2905392985274791
0.9641059077066448	0.3183904686880351
0.9655815306049170	0.3554205538035851
0.9674910123598257	0.3981019126617356
0.9701488808498892	0.4405929399559856
0.9715904746783186	0.4505472174738564
0.9730015264398814	0.4493634098893569
0.9742485845886353	0.4404276426075212
0.9759087030095325	0.4139197047499845
0.9768852325670231	0.3903248770249438
0.9783014781724534	0.3480800174259254
0.9799314620428016	0.2897528467965151
0.9806570442910761	0.2610735955142834
0.9818441732393115	0.2111517976069887
0.9827216647431908	0.1732892152714723
0.9839050906383973	0.1230064675947017
0.9845590742793832	0.0961673046971935
0.9853663200466396	0.0644103455690360
0.9861841886500641	0.0342278181938816
0.9867403109833095	0.0151648261720467
0.9871355533848513	0.0024769269293489
0.9872223182804059	-0.0002041811234658
0.9874066090679322	-0.0057692660842767
0.9876767372271377	-0.0135924716233454
0.9881941906199569	-0.0274074871266337
0.9890636705132667	-0.0470113500444213
0.9899633133106055	-0.0624870021328326
0.9919732083388950	-0.0798309745327371
0.9929348341549376	-0.0797498536036086
0.9935801256167036	-0.0769138408488722
0.9941948852466189	-0.0724538056583178
0.9948296751062884	-0.0663852464371957
0.9955303055828773	-0.0583856530440931
0.9962340915619741	-0.0493752428332080
0.9969751796734287	-0.0391230708990720
0.9976530696000053	-0.0292435419534082
0.9983087786392463	-0.0193884123811409
0.9987512694139604	-0.0126756093511042
0.9992145877517009	-0.0057126805435583
0.9995002701544188	-0.0015048250308892
0.9996774987513439	0.0010529475531452
0.9997561874345310	0.0021739281785563
0.9999397389275748	0.0047478240352239
