0.0000000000000000	0.0000000000000000
39.5774518374816395	0.0000010000000000
40.1482142111376348	0.0000051134094135
40.8201214946996984	0.0000181309639653
41.2994736164519267	0.0000381290306574
41.6768389134803101	0.0000656440957524
41.9810929531418395	0.0000998847824355
42.2371062285439578	0.0001407498736751
42.5724221916996797	0.0002178565982673
42.8414646203497043	0.0003064987943221
43.0631447269475558	0.0004037129726430
43.2559119299057215	0.0005108587388924
43.4277558709488076	0.0006281149143690
43.6185611673697196	0.0007872841385977
43.7985527192231601	0.0009708704707690
43.9888925176715091	0.0012074221438159
44.1713704073603139	0.0014830033611445
44.3534010208534681	0.0018144314325246
44.5388381921989520	0.0022206144685173
44.7306796438049545	0.0027266860152899
44.9304523218648058	0.0033631713715790
45.1390681207028877	0.0041686946813487
45.3594672989941898	0.0052047381288031
45.5697038468340878	0.0064019668066037
45.7874631882974583	0.0078948403106494
45.9724130528218708	0.0093964721580273
46.1807385514031097	0.0113829303480940
46.4093436177675542	0.0139744985942201
46.6588451557642330	0.0173688737084607
46.9187245579654117	0.0216276758037014
47.2036125460022120	0.0272708560860256
47.5263621856553300	0.0350751157408342
47.9125007834368333	0.0466644919252511
48.3077992687091609	0.0613911933953484
49.2747245607146809	0.1105768179091605
49.6958110073791275	0.1373662878046650
50.0630363741334108	0.1625813537417448
50.3930356260864940	0.1859181368959151
50.7063849725034785	0.2078081006439015
51.0126496670646503	0.2280076096757265
51.3204360161549076	0.2460515582448882
51.6390524697049926	0.2611012857710727
51.9758114678545766	0.2715034076372813
52.3446216598346723	0.2745699204163184
52.7711609227741079	0.2649443747076036
53.6118801454937000	0.1994405747950831
53.9023452044803193	0.1628803805377308
54.1634924181662143	0.1250176058645140
54.4240498356409788	0.0835270117617930
54.6339300331764690	0.0482885250708447
54.7806211163900016	0.0231638520390965
54.8862290301124460	0.0050137022543326
54.9594124961077029	-0.0075170636308219
55.0226045356609319	-0.0182755738922275
55.1227342358258525	-0.0351247349516332
55.2357529856164362	-0.0537414825234590
55.3840542719868623	-0.0772561637605264
55.5542465678436272	-0.1025327268178887
55.7120766075109302	-0.1238903773078208
55.9097032580898556	-0.1471744999503726
56.1305131367137662	-0.1677934261716980
56.3844248387711389	-0.1833487380936871
56.8362488758987467	-0.1869649498205340
57.1417760785205857	-0.1713634744172989
57.3420245398057560	-0.1536711317955233
57.5582621453720407	-0.1286806329564835
57.7717446548296465	-0.0989162528101589
57.9416327540831944	-0.0724313103135491
58.0816656221620846	-0.0492729479285591
58.2003191778478168	-0.0290478347845986
58.3110255959971866	-0.0099405885477544
58.3796751561544838	0.0019212516793004
58.4189886076379636	0.0086880620669357
58.5171888591271454	0.0254448552480996
58.5960952152501662	0.0386584552036244
58.7062337681841058	0.0565666916339629
58.8336977897236295	0.0762325648967897
58.9650340062996534	0.0949657483702579
59.1250103846608326	0.1151864235315583
59.3055462732487086	0.1338945976026951
59.5114141551895983	0.1490983916398071
59.7549622292184850	0.1576750863629869
60.1736833880134938	0.1472656484200221
60.4009289275869392	0.1288752316749477
60.5665802730428950	0.1105303984154841
60.7212902356009678	0.0902302738076150
60.8640333427230757	0.0692865521951451
61.0045661390700431	0.0471183300153575
61.1168816699755979	0.0286640282734957
61.2098880936388525	0.0131098899550810
61.2815478649406842	0.0010759389435718
61.3128634333754476	-0.0041755291171378
61.3590624855647349	-0.0118942273935122
61.4337465647234495	-0.0242456963645921
61.5204124925183180	-0.0382895777973818
61.6360907186125928	-0.0563134472298219
61.7571685918057867	-0.0739836803970165
61.8935447308098219	-0.0920011108926740
62.0454012592056259	-0.1091762642981909
62.2199355935617504	-0.1245088523217641
62.4143448562682224	-0.1353036791700968
62.7413866040002262	-0.1371506450280189
62.9733093957967398	-0.1260011796163167
63.1362358818577079	-0.1124328951354971
63.3022354766413713	-0.0943322169779667
63.4473489780593454	-0.0755322774657052
63.5810763256523117	-0.0562722431131299
63.6935265569161899	-0.0390145991602839
63.8048758839518513	-0.0213050870589420
63.8795637548008912	-0.0092479413998770
63.9414668808710047	0.0007748757088961
63.9552395243866698	0.0030011220925185
63.9963918498644091	0.0096340673165468
64.0769283295795589	0.0224895696363599
64.1467282013505695	0.0334080627886031
64.2419527177648746	0.0478248171220595
64.3612174844932525	0.0648120624558296
64.4840890385985404	0.0807150434501345
64.6262295524040837	0.0965987019866253
64.7870238120057849	0.1107378891980926
64.9720278174392547	0.1212831188253558
65.2477226517085569	0.1245378259572973
65.4984135942909376	0.1143987328882601
65.6756849330582071	0.1002294825180421
65.8250194391763301	0.0843832297269017
65.9594892628871889	0.0675622127385442
66.0908756688128136	0.0492805051714862
66.1969333152084261	0.0335582202490546
66.2858536612106377	0.0199405744420170
66.3673390128539182	0.0072804189927062
66.4221936127627828	-0.0012678816455199
66.4528264459138001	-0.0060309466470061
66.5022674390449993	-0.0136781523873339
66.5703108505803982	-0.0240727193068965
66.6532353910629212	-0.0364269670052852
66.7524029702216524	-0.0505594045303532
66.8495025890544241	-0.0635005454563862
66.9737048530443957	-0.0784363817873462
67.1101971919725884	-0.0923087446941596
67.2698634569219820	-0.1045942695068070
67.4589067203897770	-0.1129741195475210
67.9304078603488222	-0.1026979064819514
68.0850733633699576	-0.0901481525481934
68.2282805683510105	-0.0751459028299094
68.3546774627198346	-0.0596526970504744
68.4594226208852632	-0.0455626609108739
68.5589037463627164	-0.0314032054013606
68.6414184263334022	-0.0192660784328595
68.7182418114144014	-0.0077917713798753
68.7736538763229959	0.0005187032760420
68.7989463627619955	0.0043061835231531
68.8561116371780884	0.0128222273559891
68.9217262707570342	0.0224709439201398
69.0094611314464004	0.0350264816339670
69.1042749734667296	0.0479667209616470
69.2123373093954086	0.0616454908419286
69.3312122655336935	0.0750440203225118
69.4653513245523584	0.0876546010895171
69.6218709523542003	0.0984734407381043
69.8182641304804008	0.1054368692515606
70.1773065353055472	0.0980824289997293
70.3454222811215431	0.0861515725587767
70.4823635524725489	0.0729864976316959
70.6086423253320703	0.0585550359171901
70.7204057572462830	0.0443224400750226
70.8177136108999861	0.0310911105622246
70.9051531379691937	0.0187542831095931
70.9762767894270041	0.0085377634056075
71.0379528568266210	-0.0003652851831899
71.0612485462007584	-0.0037253714480611
71.1035344222881633	-0.0098002521789934
71.1671705639092096	-0.0188470768115701
71.2344141382003784	-0.0282115537616501
71.3265826613218650	-0.0405680328060675
71.4206334160614347	-0.0524095678294397
71.5335365793010851	-0.0653117467987399
71.6489973999100584	-0.0767021828270607
71.7890846911614346	-0.0876397837450342
71.9587174091893473	-0.0961114433552328
72.2170820507852369	-0.0980652872190039
72.4104133457232280	-0.0908010956361371
72.5730461179350925	-0.0793326579468190
72.6934205409711751	-0.0680770573919281
72.8161685914562611	-0.0545630301158092
72.9246077602440579	-0.0412518507351812
73.0178347272987764	-0.0290456665339033
73.0993339260516279	-0.0179759036031527
73.1701662596070150	-0.0081819752989782
73.2255403504842945	-0.0004808553802485
73.2530205925784372	0.0033381696227937
73.2841415307497925	0.0076490309481779
73.3541975935194586	0.0172626347583570
73.4234699446616759	0.0265626992577236
73.5062643026030997	0.0372769393900668
73.6075583332870451	0.0495813753576922
73.7233901273023946	0.0622428333537163
73.8464527564245117	0.0736750615277134
73.9769376983525575	0.0831205112864731
74.1467674806742281	0.0907602139933513
74.4764454259576070	0.0893522293991767
74.6495830828411044	0.0801663807644396
74.7938426273199752	0.0685648630769213
74.9067966326146006	0.0573409565259164
75.0191233361781542	0.0446514433315303
75.1176106830327086	0.0325539283475634
75.2153711606754314	0.0199099416908775
75.2878175743202434	0.0102920489088959
75.3474655538966687	0.0023002581931824
75.3796500311750179	-0.0020144530478071
75.4175679572609852	-0.0070814646493400
75.4703694395720532	-0.0140846737785028
75.5321674625994746	-0.0221453905157772
75.6098308966191297	-0.0319701007136784
75.7024424450880389	-0.0430728626415833
75.8063681630265620	-0.0544867533115412
75.9258555483463766	-0.0659136080154274
76.0518906296018145	-0.0756207250769679
76.2043974275356248	-0.0836712885152521
76.4102470041225672	-0.0875040906394750
76.6121618676838239	-0.0831699972274079
76.7682407600483856	-0.0745793815923372
76.9030891712989586	-0.0638736182384947
77.0253241434773628	-0.0519244238626328
77.1228598948594595	-0.0411474839801706
77.2168506840835249	-0.0299570588278329
77.3046722193354157	-0.0189890522677495
77.3728025025322381	-0.0102674700087476
77.4442039981252321	-0.0010361305012316
77.4713790056635929	0.0024783102587178
77.5077216685218104	0.0071634359724684
77.5747898876204687	0.0157263411416238
77.6440031958792076	0.0243617620984221
77.7246154064744843	0.0340431677624810
77.8137491324849861	0.0441050361863613
77.9227003428721616	0.0552318611136708
78.0374155262813503	0.0652453368489137
78.1689822451447327	0.0741893117015047
78.3468526738121795	0.0814015567743102
78.8189372669000363	0.0712590608022513
78.9546716384923997	0.0610156816279909
79.0742369559234675	0.0498281568964361
79.1795402497507013	0.0386082081468059
79.2742367119243312	0.0276818965710403
79.3570835652744222	0.0176682861373602
79.4364300976368156	0.0078405205316270
79.4884953717760112	0.0013353027235104
79.5184014671083190	-0.0023998409967500
79.5551007872816314	-0.0069712142310254
79.6063485033120770	-0.0133026621920545
79.6750550513497444	-0.0216286450215153
79.7521308297047398	-0.0306464861561871
79.8395666615874688	-0.0403030376083231
79.9390473960462913	-0.0503398478133601
80.0456133844189992	-0.0597106091797571
80.1735588231189382	-0.0687246719527258
80.3431199912084395	-0.0763768299683230
80.5641206163292338	-0.0783001076905430
80.7602849921551922	-0.0722696912170273
80.9089696251186012	-0.0631974093078493
81.0341331919226064	-0.0529445223265577
81.1457284005698654	-0.0421226352947739
81.2383800348037965	-0.0321825741703095
81.3267529535729778	-0.0221050399573859
81.4073732949228059	-0.0125697836924622
81.4664076861380266	-0.0054697430095872
81.5152285337151881	0.0004256602711420
81.5429024419891562	0.0037650815574741
81.5745119883200545	0.0075645547512759
81.6274828456020600	0.0138728376175212
81.7028431968038689	0.0226500286776065
81.7847766029079395	0.0317944104464472
81.8743016695257921	0.0411432128263079
81.9759072790531889	0.0507089804777810
82.0920581537881588	0.0599899827938736
82.2277339773939246	0.0682095067044886
82.3942020431368860	0.0739416074381818
82.7223765003061828	0.0701887812507733
82.8611469744183609	0.0628022144153608
82.9758192309634524	0.0544213338916833
83.0901807551674807	0.0443053442607965
83.1898430726096763	0.0343262721978031
83.2809214391149339	0.0244840360062794
83.3707271941964052	0.0143077593497460
83.4296263209222388	0.0074829038374328
83.4924563971189002	0.0001475101832239
83.5194274997333821	-0.0030000565521763
83.5583268053134702	-0.0075216858521763
83.6213166804165837	-0.0147616256565909
83.6799598242365334	-0.0213514731511930
83.7671865551395598	-0.0307629589702763
83.8573451078280527	-0.0398279344028890
83.9617918992481691	-0.0492431767985580
84.0749242891296262	-0.0578435528076913
84.2067824362759012	-0.0654120706636260
84.3686027508555014	-0.0706493719008403
84.7250186998563777	-0.0653954818739035
84.8564694113379687	-0.0579026322723651
84.9725340932971847	-0.0491609851215557
85.0823445702029346	-0.0393433824387866
85.1749697839662048	-0.0301264415569679
85.2620148888462523	-0.0208818814754790
85.3354108214717400	-0.0127852299291893
85.3973746198415000	-0.0058218257815128
85.4496681750428451	0.0000886885305161
85.4772576871964560	0.0032058835528799
85.5106906909951334	0.0069690595777133
85.5653445684273635	0.0130600652971799
85.6304631205839826	0.0201660172674542
85.7016261406540281	0.0276506990576032
85.7883613378326686	0.0362412730025666
85.8834952630476920	0.0448066874388872
85.9928041516362498	0.0532837652268368
86.1219102385516351	0.0610845941140591
86.2760473809775164	0.0668335688813290
86.7248265547864889	0.0596221441194188
86.8532308545867267	0.0513999233452815
86.9658793993378083	0.0423583820992668
87.0659761868364654	0.0331522855642752
87.1571358294572462	0.0240242484719481
87.2372502788216195	0.0155848840707542
87.3100009908567642	0.0077067806777142
87.3626044218064948	0.0019497651441903
87.4061665929912834	-0.0028212370284542
87.4449981730279120	-0.0070572221377941
87.4953434806981392	-0.0124947669694259
87.5700663223120017	-0.0203793579974430
87.6488266861084639	-0.0283359332867573
87.7361852946521310	-0.0365759213717476
87.8346086116675622	-0.0449239594971431
87.9465451320001392	-0.0529523236503710
88.0830113890751250	-0.0602711007447223
88.2568593244091204	-0.0651562953676445
88.5932259727658078	-0.0596139296030656
88.7301434765993235	-0.0520082094397252
88.8490415447348880	-0.0432834345117859
88.9533036669515695	-0.0342919548568607
89.0446373188959512	-0.0256046147377877
89.1250312844199328	-0.0174969383976269
89.1954824048001171	-0.0101513032271634
89.2547701830894340	-0.0038757386831581
89.3074010984566371	0.0017185152237412
89.3401537911798727	0.0051900749386074
89.3884726836865440	0.0102730541481103
89.4422516365945057	0.0158423899099896
89.5131266210869541	0.0229658051381453
89.5930281522753091	0.0305941913853240
89.6834303632137164	0.0385462087949912
89.7851009155049553	0.0464212138062425
89.9046822057429011	0.0539528861996519
90.0400309575443032	0.0598831439817483
90.2283213006693643	0.0630616291934099
90.4599232391988863	0.0586050275234551
90.5934361001440465	0.0520712094435870
90.7145943880606183	0.0439485084107880
90.8217761642531940	0.0352991909121206
90.9161759941787437	0.0267687346660172
90.9947055040090333	0.0191823960172946
91.0679029312642143	0.0118341971930130
91.1336102843095119	0.0051020845369767
91.1750275944956456	0.0008291241936278
91.2023933253803847	-0.0019937034039349
91.2368357646967212	-0.0055355650996191
91.2948818689250601	-0.0114497077643918
91.3571260439791502	-0.0176554403597218
91.4296188094368034	-0.0246238831638383
91.5167839663442066	-0.0324910155438191
91.6138796347569837	-0.0404110528365160
91.7239742411032921	-0.0480668680737366
91.8472799934850173	-0.0546671719581277
91.9957582818438340	-0.0594869695602675
92.4470364285106285	-0.0515840978887422
92.5696452396308729	-0.0440009365147188
92.6788663379627451	-0.0356996750214654
92.7708500433562904	-0.0277912318515177
92.8548311095923395	-0.0200115913048092
92.9285804907905515	-0.0128669045383263
93.0044803107525979	-0.0053252632326302
93.0523399785937499	-0.0005289859556396
93.0884164155650211	0.0030853993349735
93.1261011529593077	0.0068448433030769
93.1782276661897839	0.0119864017483951
93.2508731956256725	0.0189760887768493
93.3200432502200670	0.0253514841902007
93.4048721596437161	0.0326721475358427
93.5004234801161260	0.0400907180969408
93.6080020641011714	0.0471598436545563
93.7366317686686443	0.0535310885414867
93.8952111588680509	0.0578721789473574
94.1485398738751513	0.0562059989203470
94.2880375694730759	0.0508753178455598
94.4066610739146483	0.0441319364887126
94.5125022874784406	0.0366331794601897
94.6101063372120166	0.0286973485882358
94.6988523892990202	0.0208175772015284
94.7738525782157382	0.0138038508648932
94.8379260939854731	0.0076471254483710
94.8930267441175914	0.0022900040920664
94.9272888342177481	-0.0010505275261170
94.9553370472744547	-0.0037794790938720
94.9983150967386933	-0.0079367438193085
95.0615817807180434	-0.0139641937941337
95.1290480147838480	-0.0201966268871794
95.2067699239866272	-0.0270273929076426
95.2972598013184040	-0.0343580228174693
95.4027281204887743	-0.0418389622552959
95.5193040987087016	-0.0485092471991084
95.6535069628021688	-0.0537942659801571
95.8418608679841810	-0.0564363957312669
96.0541660505254811	-0.0525228546798763
96.1920765805455744	-0.0462914486846491
96.3088628577458650	-0.0390291876394361
96.4129611004282197	-0.0312700603384266
96.5015591063455105	-0.0239007763269796
96.5810225447405628	-0.0168426153753276
96.6511773894932134	-0.0103666168971703
96.7225970168918820	-0.0036354212261350
96.7577136301676575	-0.0003059184282914
96.7852968993833969	0.0023074032829343
96.8337326111912375	0.0068761687445952
96.8823773458713617	0.0114100386689019
96.9491026980016670	0.0174816068309143
97.0230145785700273	0.0239246679795879
97.1062651419724148	0.0306991422405027
97.1999488745178155	0.0375499767340528
97.3100650539283265	0.0443330644024775
97.4333841344048608	0.0500286218921802
97.5866042262445177	0.0539601579636371
97.9121736855268097	0.0499962504476881
98.0384990177036713	0.0441584880192199
98.1501430980927125	0.0372881569141613
98.2505306535840504	0.0299565691704041
98.3411287869394499	0.0225935652859620
98.4212219672086377	0.0156426399524142
98.4964424287053220	0.0088588316820322
98.5542725871829504	0.0035482189393215
98.5977435414661727	-0.0004627009678345
98.6212743159678666	-0.0026326381448316
98.6597684122144614	-0.0061670249432382
98.7110457479683987	-0.0108228207676749
98.7725622107092249	-0.0162859948613211
98.8466429397496995	-0.0226007484040164
98.9294623236238806	-0.0292046999300369
99.0191111839096152	-0.0356616887681636
99.1228247884939293	-0.0420377079468617
99.2549694916983754	-0.0481702972551928
99.4198815023446514	-0.0522756558760443
99.7410998407788298	-0.0481860897092860
99.8730705000445624	-0.0421117101598805
99.9855965181516098	-0.0352184784271980
100.0819428895293726	-0.0282691277739403
100.1720645363658804	-0.0210778764248296
100.2519004523128672	-0.0142926899770955
100.3150106922109899	-0.0087438053015270
100.3815881239264343	-0.0027887210202658
100.4209078870259333	0.0007439636071384
100.4488424920947409	0.0032494592033561
100.5017719938758063	0.0079669668239755
100.5576836992795080	0.0128662726924130
100.6325774252021006	0.0192194039695598
100.7088207405259368	0.0253386787193111
100.7967494133421411	0.0318213504647502
100.8952703747565209	0.0381796612196843
101.0160653314528929	0.0444163506642590
101.1570903692740444	0.0491970970270324
101.3754070185785849	0.0507372663245721
101.5540222393411511	0.0466187171071001
101.6748556973859650	0.0412820655015171
101.7818942756170486	0.0350489490709515
101.8790389608221290	0.0283558907440516
101.9698616951674808	0.0213847033133698
102.0505184475538130	0.0147585983618781
102.1205470558156350	0.0087806067041955
102.1818158569657840	0.0034505197777477
102.2245596568433399	-0.0002887857143611
102.2528460965109076	-0.0027609438680230
102.2890291408515679	-0.0059087495694549
102.3403177341600241	-0.0103219268884989
102.4037129042195886	-0.0156494757090851
102.4754495580559990	-0.0214303602981490
102.5635004533981771	-0.0280416632665027
102.6611251102211781	-0.0345738815313913
102.7651375720749343	-0.0404067200675364
102.8999355953267241	-0.0459414002418806
103.0550358079985074	-0.0491415405772211
103.3355620756660329	-0.0458239933703487
103.4663947426515449	-0.0404557933546419
103.5771309002361846	-0.0342698529754951
103.6779272198963895	-0.0275367410086496
103.7652874237917331	-0.0210210762662280
103.8412248297484126	-0.0149683008358999
103.9090195600162758	-0.0093511639593313
103.9754769762131019	-0.0037271787220017
104.0192438274867470	0.0000022610859680
104.0474721603886792	0.0024060065966807
104.0928760473184980	0.0062539321867986
104.1392683537050203	0.0101391402720058
104.2029886465125799	0.0153512078516768
104.2747087195524074	0.0209753844167045
104.3630544535743070	0.0274205128998155
104.4614873660023022	0.0338012416958701
104.5713661061635662	0.0397085149019042
104.6985894890246840	0.0446776879192578
104.8600339200401237	0.0477485167647710
105.1294735279455210	0.0443967608150993
105.2566369152685297	0.0393110905947118
105.3670004642694380	0.0333189758550192
105.4677511479276859	0.0267685632845174
105.5566083591529747	0.0203072266350458
105.6350698061961424	0.0141998000228756
105.7045607752097425	0.0085741115418895
105.7671828010414430	0.0034031975574566
105.8093370197234577	-0.0001004583630310
105.8376118905426750	-0.0024481178512139
105.8780637816370813	-0.0057910585343292
105.9299587291227169	-0.0100303688983300
105.9848094912956924	-0.0144105209784505
106.0558333068033505	-0.0198673212090422
106.1394575723783475	-0.0258745462222049
106.2322415281720680	-0.0318592232734667
106.3400023188124948	-0.0377130400401765
106.4588539309601174	-0.0425707128590721
106.6037706325618473	-0.0459406051294761
106.9273003154345361	-0.0426577302637152
107.0520512785587641	-0.0375864700807469
107.1626173882327890	-0.0315815345420040
107.2620991367818277	-0.0251634150943302
107.3446285556455706	-0.0192564511400470
107.4218849743735689	-0.0133683587704360
107.4903704952495360	-0.0079494749483795
107.5530601479826771	-0.0028955541539830
107.5942890204537150	0.0004472552509900
107.6154899172667569	0.0021644614233738
107.6534907920644741	0.0052295771282010
107.7037149692142890	0.0092381966159094
107.7631522886232176	0.0138775779479669
107.8334360180430025	0.0191508476039539
107.9168369250173924	0.0250042087790792
108.0092056553031057	0.0308323564018228
108.1130294988310823	0.0363767233569708
108.2343373105470903	0.0412671889907091
108.3822849105750237	0.0446268158356862
108.7511876210165411	0.0397179281272982
108.8728463511227460	0.0342085063629649
108.9788487815865636	0.0281208585651666
109.0682726900777482	0.0222196322448328
109.1530163224101670	0.0161243292825776
109.2274270553408542	0.0104797918129791
109.2876614353960036	0.0057814514111360
109.3400887533754116	0.0016442862940473
109.3718077674366356	-0.0008658854884022
109.4005132609836579	-0.0031328078551411
109.4425158703510732	-0.0064296967268445
109.5039639797805933	-0.0111776879187848
109.5692988196830129	-0.0160677854294447
109.6440649777133416	-0.0213843136341871
109.7345942004968578	-0.0272953242960453
109.8298492653605081	-0.0327328310647870
109.9394152524251496	-0.0378020397386444
110.0706502659808734	-0.0419599309628613
110.2457942325545446	-0.0439228185893619
110.4362317293749669	-0.0412575634337130
110.5724164156170701	-0.0364471691145740
110.6867082602353349	-0.0307647094446073
110.7862447604713481	-0.0247884491856227
110.8731497666685897	-0.0189407981718255
110.9429124758853504	-0.0139233809184846
111.0117371611312080	-0.0087729215000651
111.0726152310665498	-0.0041143075446125
111.1137019256823777	-0.0009433186885508
111.1426171324612255	0.0012897431274918
111.1740917679967851	0.0037140369661515
111.2241949158284200	0.0075421549144128
111.2810742983923973	0.0118057450032095
111.3544395177085988	0.0171102844518950
111.4294146099033753	0.0222162697255995
111.5163656159760706	0.0276201762013313
111.6150819334178408	0.0329268989641636
111.7285308180983776	0.0377407303036449
111.8612898217388789	0.0413864802625820
112.0643099292836382	0.0424330410769637
112.2226075194406292	0.0394010031447079
112.3523865318382775	0.0345733519480351
112.4622179530036448	0.0290421506918409
112.5604737711162500	0.0231560896372835
112.6425968488740494	0.0176936825782522
112.7184320927196950	0.0123209967613617
112.7863504796558516	0.0073244660339746
112.8453356710268878	0.0029039175825607
112.8873408122528872	-0.0002633781341398
112.9091276667575414	-0.0019049278893396
112.9449221703264215	-0.0045914183294779
113.0016404474580014	-0.0088005689823526
113.0598978599319651	-0.0130221171330702
113.1366900740841572	-0.0183512830266462
113.2194222026050880	-0.0236887170200075
113.3110778183043266	-0.0289760892757488
113.4170677559506402	-0.0340919346126621
113.5351909458507151	-0.0383250008543723
113.6816832890631161	-0.0411649737763607
113.9679782318176393	-0.0385444957030839
114.0930151197765952	-0.0341539211014985
114.2014336833536419	-0.0289642435616930
114.2997570548533446	-0.0233202748859693
114.3883384097469929	-0.0176241323764111
114.4672424784166367	-0.0121821827680967
114.5356261080531510	-0.0072736138952606
114.5902951559903329	-0.0032734926306283
114.6334988191142230	-0.0000934830713008
114.6625959464881248	0.0020469510402320
114.7071425726756360	0.0053078886667112
114.7582461913073786	0.0089999085608635
114.8237022672715000	0.0136062924612381
114.8902429769774614	0.0180863787457771
114.9702173673463932	0.0231113898245022
115.0664837430760770	0.0285017612683264
115.1683444753729191	0.0332597494655564
115.2978206757897368	0.0376641527654606
115.4728843724423655	0.0403340430070629
115.6934962380877749	0.0380387034868762
115.8208967257243529	0.0339613552734726
115.9295273671384052	0.0290792652269713
116.0275293104869263	0.0237284858876502
116.1162725030174130	0.0182537459319428
116.1914445062521821	0.0132558157153493
116.2614184383123472	0.0083933692496950
116.3215850061855718	0.0041113055580068
116.3722604604343616	0.0004700445838240
116.4016984015339915	-0.0016466156747678
116.4364604088885926	-0.0041373814400289
116.4857600962987050	-0.0076357515818031
116.5440223334006333	-0.0116837477665242
116.6156015792751788	-0.0164672868627710
116.6920721589173553	-0.0212630926143311
116.7790915342459215	-0.0262102639140783
116.8794235751687438	-0.0310915101095449
116.9941318937809029	-0.0354028389133334
117.1317823585356592	-0.0385515853532165
117.5444071860347464	-0.0337169240972175
117.6559865132068126	-0.0289805959456449
117.7533167775263223	-0.0238928731955825
117.8443691820517216	-0.0184737897721775
117.9225217246381305	-0.0134276002903127
117.9943350365153805	-0.0085622243949836
118.0550337805423169	-0.0043423118348608
118.1097485525846480	-0.0004968224466600
118.1392275595329266	0.0015770118720345
118.1735404921227257	0.0039826464195128
118.2247375375133771	0.0075370802031812
118.2784153497371022	0.0111889767412889
118.3494080709732117	0.0158426944941864
118.4273438379334635	0.0206388635284468
118.5141913947130945	0.0254866272879821
118.6112188887186534	0.0301416209902861
118.7289886341147707	0.0345150760578308
118.8692327617882398	0.0376549649203300
119.2488075728477810	0.0339558598731741
119.3621151429093459	0.0295877860224877
119.4611780818959517	0.0247529119073450
119.5508125054723934	0.0196974422219428
119.6352524777288124	0.0144693629803477
119.7094732935218104	0.0095997861008382
119.7713987110909528	0.0054071013229691
119.8236381540782958	0.0018212413569786
119.8641349308082482	-0.0009683398052796
119.8938544388543050	-0.0030111143039245
119.9367702537555544	-0.0059409427346959
119.9937894434890779	-0.0097700209834507
120.0521477282864424	-0.0135742732358796
120.1288127974085711	-0.0183242953035082
120.2131934111794322	-0.0231279557754739
120.3078095184090159	-0.0278511945612649
120.4158212020529106	-0.0322199210924725
120.5397227211516906	-0.0356870358358311
120.7032183762974142	-0.0374746639474375
120.9191833778754273	-0.0348107879067731
121.0423335289573288	-0.0308686233578057
121.1445811798159156	-0.0264238096350306
121.2387232836673263	-0.0215318858532572
121.3252702249522486	-0.0164854893302021
121.3967117631197681	-0.0120157992812946
121.4659664585528134	-0.0074971012752530
121.5246700349881053	-0.0035783413149714
121.5760299942481879	-0.0001189496134145
121.6058212684896773	0.0018877615113692
121.6426402232342525	0.0043571042982499
121.6969547739345927	0.0079572033192484
121.7517126040912956	0.0115025568033472
121.8246310680742823	0.0160320255758096
121.9047659060654922	0.0206721314846428
121.9936469494006843	0.0252904905501577
122.0927669913370295	0.0296417728235571
122.2260062525805893	0.0339316925774383
122.3719381569006401	0.0363253612012596
122.6412670403629193	0.0340238454189956
122.7606614934358760	0.0303333300574957
122.8725222606716727	0.0255819714151124
122.9614055152578516	0.0210483399567945
123.0497779518715191	0.0160021159570717
123.1281112020566439	0.0111883816363970
123.1920625959855045	0.0070920950677661
123.2502446312149829	0.0032862601841150
123.2949923278174538	0.0003351105718189
123.3250902630397832	-0.0016504472659115
123.3606591755624606	-0.0039880600745145
123.4084326971788386	-0.0070961016396603
123.4665207723105596	-0.0107950561894547
123.5385351130242100	-0.0152009185890478
123.6111535339513523	-0.0193686242832385
123.6972360340602393	-0.0238520398420098
123.7980687364753578	-0.0283351987959836
123.9130670099089855	-0.0322569393367035
124.0514642241784031	-0.0350697169543285
124.4260611534088667	-0.0314302385484855
124.5450349483507466	-0.0270405101910015
124.6390961885949764	-0.0226639997558062
124.7295865682806806	-0.0178291385741141
124.8123345996036022	-0.0129875814466256
124.8803031749329335	-0.0087901803971137
124.9426524658918112	-0.0048239760194761
124.9936607831689201	-0.0015350883967736
125.0284851914903470	0.0007172640447101
125.0563291741966907	0.0025147798132175
125.1049862306458635	0.0056335891119791
125.1589909933956477	0.0090377531123646
125.2257753804778275	0.0131159805707219
125.2991628577319716	0.0173601300305167
125.3812454533843379	0.0217232114390857
125.4764735453473037	0.0261533318365421
125.5825063794881942	0.0301347445746898
125.7059238061283821	0.0333208441577214
125.8724059740065115	0.0348990179001026
126.0608504516247450	0.0327945829985247
126.1927553163036180	0.0289889615480700
126.3022606150996694	0.0245434932798007
126.3995021109295607	0.0197714612249923
126.4771192770505905	0.0155125914659189
126.5525311721359998	0.0110804300883842
126.6209563139867100	0.0068790122449549
126.6790880926051983	0.0032269341774966
126.7237913299687762	0.0003942113042044
126.7537666002010042	-0.0015054686261028
126.7881213674138507	-0.0036744138730140
126.8437536530602614	-0.0071483422728864
126.8999008285878887	-0.0105742208298325
126.9745787786696809	-0.0149432168219980
127.0553688335032234	-0.0193428971209370
127.1443788226724791	-0.0236847047828399
127.2491801510454223	-0.0279672059098732
127.3657303288477181	-0.0314991915072048
127.5121446827647276	-0.0338719455800383
127.8278720180501864	-0.0306992434726209
127.9492722262343420	-0.0266390657544587
128.0539697367928511	-0.0220763816286503
128.1381445534065335	-0.0178156762075544
128.2223554923099869	-0.0131348164962262
128.2883410439255556	-0.0092477933889330
128.3522962885012930	-0.0053562271183797
128.4056868024083826	-0.0020539796547900
128.4528330343991058	0.0008771018324398
128.4732092782493282	0.0021419532602000
128.5123482831551769	0.0045595864427335
128.5667998616733882	0.0078775030349967
128.6265166154198027	0.0114201616710869
128.7007574493360664	0.0156194236400946
128.7822082961246224	0.0198802605490614
128.8731815039492687	0.0240973003933564
128.9757237168198571	0.0280269673119453
129.1055131137356398	0.0315463394805378
129.2607790102648551	0.0333780026858171
129.4681150786271076	0.0315976401440674
129.5978410427855749	0.0281295133001973
129.7014477165077722	0.0242064635853919
129.7957045723855174	0.0198771513111087
129.8835746005469503	0.0153073883665166
129.9616601220720327	0.0109152592588432
130.0312317581876869	0.0068158308174473
130.0894092771547434	0.0033052133773728
130.1398529782735523	0.0002326309863211
130.1685737131735721	-0.0015183150883181
130.2036010606671255	-0.0036451353068236
130.2533021157334190	-0.0066315226843782
130.3116372145043727	-0.0100607538585130
130.3811856018202207	-0.0139858732402068
130.4577753458979714	-0.0180321605231200
130.5445787419490671	-0.0221699404254283
130.6410807933689568	-0.0260906833569881
130.7622516087404847	-0.0298203245116871
130.9180729898601498	-0.0324025061149513
131.2227873578362676	-0.0297490067623491
131.3446295271597535	-0.0259805137799323
131.4485315165991324	-0.0217313796585102
131.5430139697975278	-0.0171789097770530
131.6198150434391891	-0.0130950000700116
131.6947891017590564	-0.0088608500750652
131.7553916755372825	-0.0053154819590628
131.8096219349173452	-0.0020892032406275
131.8441857626862372	-0.0000223439814553
131.8746871110242864	0.0017998602661180
131.9175062622671533	0.0043446558166233
131.9678541933726592	0.0072985333013033
132.0296145991522963	0.0108266289491186
132.0990924665638033	0.0146188978728432
132.1845913428505810	0.0189405795613387
132.2781961566828386	0.0231158938418985
132.3923652846660843	0.0272487209029228
132.5191617760761460	0.0304005147515549
132.6986039097172636	0.0319788035028229
132.8767880933406502	0.0300855912121193
133.0037850497858471	0.0267374152319124
133.1110259189972282	0.0227628995269081
133.2074191830047880	0.0184304122464248
133.2944690553073883	0.0140192348297666
133.3698929187153510	0.0099057210264293
133.4374115252113882	0.0060647295241510
133.4928188901531882	0.0028438918005011
133.5379494960052398	0.0002007795337324
133.5691580109424024	-0.0016279535738325
133.6050053463532663	-0.0037199275902036
133.6526702835341212	-0.0064703201577034
133.7110271089115372	-0.0097634425588172
133.7802465379180887	-0.0135128428985089
133.8516672318767462	-0.0171406794675105
133.9364727059000870	-0.0210450463767689
134.0374176564927780	-0.0249981471264192
134.1519603792767725	-0.0284085855575600
134.2914212398679297	-0.0308146383115756
134.6758500931424010	-0.0268206555805554
134.7894457462755611	-0.0228686110413323
134.8881995795991600	-0.0186113018431080
134.9731290723641735	-0.0144519753309079
135.0499196440947571	-0.0103869416154998
135.1191932783155778	-0.0065419511877125
135.1777800703289927	-0.0032078213873071
135.2239792231203523	-0.0005525792238694
135.2474136746951672	0.0007956926488158
135.2781701521567470	0.0025609230583876
135.3292046866022247	0.0054665100997067
135.3844714567183303	0.0085539063516423
135.4539588383894397	0.0122976191779578
135.5292480785099656	0.0161144458931383
135.6126366913633774	0.0199636535682755
135.7130122448652685	0.0239468779454719
135.8259358587322367	0.0274191870143666
135.9617484702834247	0.0299817650308525
136.1682590847883034	0.0302088541402549
136.3137999109119676	0.0277052070233951
136.4352224937373990	0.0240691987138626
136.5390004738411562	0.0199921804165377
136.6312572362950561	0.0157480551635166
136.7142089992057947	0.0115396743352161
136.7801720908840082	0.0079989380691517
136.8415862488303105	0.0045978016332498
136.8937090327660258	0.0016668224535953
136.9368354778095238	-0.0007693935878705
136.9680397379590602	-0.0025283102978975
137.0105496964736744	-0.0049074912074427
137.0678312220683779	-0.0080589994339528
137.1260404375371138	-0.0111633018858254
137.2026950101675311	-0.0150394279950293
137.2858115585808889	-0.0188867960391541
137.3809958310887112	-0.0227243441536983
137.4887051089786780	-0.0261936760090502
137.6129141640558089	-0.0288748690539751
137.7887342109126223	-0.0300127256894313
137.9616284612563106	-0.0280178661804698
138.0817971418414345	-0.0249140660337251
138.1911656304200449	-0.0210096022040121
138.2790461941742421	-0.0172392381867832
138.3612893473355427	-0.0132956975143818
138.4341563907217107	-0.0095441808111235
138.5006448644413126	-0.0059700975892614
138.5581239204537667	-0.0028083284510635
138.6005476427304757	-0.0004542498402261
138.6378321671538458	0.0016156762164354
138.6748298424514587	0.0036611214795290
138.7234251541813705	0.0063178299510308
138.7810462963163047	0.0093957762652185
138.8483478036155248	0.0128470990377656
138.9246773535080592	0.0165101550306197
139.0158447304923186	0.0204359854690267
139.1238593621606299	0.0243091491008059
139.2403852426008939	0.0273762566619805
139.3878620487633668	0.0293967357866980
139.6625923926377766	0.0272886208993472
139.7852945234086235	0.0239967563163798
139.8864292416863293	0.0203449669017810
139.9793419541558137	0.0163616785156959
140.0622336747164525	0.0124014890574948
140.1355382634419868	0.0086581356578101
140.2015677304738688	0.0051548725009068
140.2506072992204054	0.0025052310938424
140.2946014329830291	0.0001140163921743
140.3265075999192391	-0.0016200827113862
140.3564473640343806	-0.0032399731521172
140.4029091221094632	-0.0057276741461059
140.4676245991012706	-0.0091104761827095
140.5345716566871204	-0.0124606288026510
140.6104218183416208	-0.0160065100774025
140.6952654350345995	-0.0195749733022155
140.7908817884795667	-0.0229880246628669
140.9091826487547507	-0.0261638022308866
141.0614801621581478	-0.0283259882965949
141.3652052357934394	-0.0257291759393347
141.4858085981061606	-0.0222810131658568
141.5882196262131174	-0.0184416517620982
141.6727372335498671	-0.0147468335784687
141.7546477199092294	-0.0108027382927124
141.8267670272691987	-0.0071095250958541
141.8858052362792819	-0.0039801997913213
141.9363319300287856	-0.0012574608871271
141.9726399561210712	0.0007106368018527
142.0043304288921036	0.0024283965937998
142.0469264064836921	0.0047260236162254
142.1007835229083867	0.0075918615976922
142.1620354929372070	0.0107656217157012
142.2353973604992916	0.0143890821542430
142.3160303432366902	0.0180743944995976
142.4112151319812938	0.0219178982172634
142.5159355431538586	0.0253794510041086
142.6419240551855978	0.0283084335911389
142.8104157770224845	0.0298836001747543
143.0044125374184034	0.0282585024785752
143.1339117924950699	0.0252366739821280
143.2428869230355701	0.0216442990109624
143.3410921517723295	0.0177222984933777
143.4281285156351089	0.0138195828673458
143.5069590460595066	0.0100318124099879
143.5766580167045561	0.0065534971769955
143.6323059630381351	0.0037325391945717
143.6816165333906099	0.0012293267391445
143.7156699749349116	-0.0004895461710888
143.7561772838661796	-0.0025131542364487
143.7995775956384250	-0.0046412729386193
143.8548918808858446	-0.0072716421225955
143.9180030925292328	-0.0101262953693926
143.9964362110318064	-0.0133962403618843
144.0828569427316097	-0.0165584608501276
144.1857585524055594	-0.0196051481450340
144.3016441066176299	-0.0219593588164859
144.4582499518647296	-0.0231276500626795
144.6795058522056934	-0.0206527442424742
144.7926805937999006	-0.0175969231589474
144.8889611709645635	-0.0141491046169647
144.9750838656922269	-0.0104897465152358
145.0507997551534913	-0.0068956944895881
145.1151470177004512	-0.0036142036569175
145.1603803623440285	-0.0012074172735205
145.1952966964815346	0.0006945420627436
145.2271120710528010	0.0024548115334450
145.2704784968305489	0.0048846190345113
145.3250238565571806	0.0079703908106631
145.3908474798420798	0.0116997002469834
145.4638614340920242	0.0157848423106182
145.5474906918987585	0.0203107663394014
145.6390188837489461	0.0249646850085526
145.7413625057662898	0.0296558631729298
145.8561700116292457	0.0341004618193348
145.9939548091006998	0.0380694811172666
146.1772780155042994	0.0407490696413591
146.3779851946739541	0.0401643391024999
146.5170101471233579	0.0377622416732492
146.6384960064405050	0.0345411866426802
146.7465128867617921	0.0309925032428693
146.8444604860951870	0.0273848893847084
146.9395603416000426	0.0236820785940067
147.0326463139863051	0.0200145790654830
147.1203710299347449	0.0166526444810507
147.2056319707440650	0.0135873679347290
147.2831363037889787	0.0110638348689694
147.3592959907741431	0.0089056120696145
147.4313899383585351	0.0072151039483710
147.5206279935171096	0.0056675435579351
147.5917269998846564	0.0049176670768167
147.6835251162875977	0.0046355824288015
147.8766575764839217	0.0067442172648711
147.9757825131888183	0.0092791341399833
148.0712393075881153	0.0126224624032945
148.1467525259441516	0.0158584456541053
148.2438584798698002	0.0207226381340974
148.3416489612457383	0.0263184342534754
148.4435946058816285	0.0327663480407995
148.5356394111477698	0.0389880157309993
148.6444683905974671	0.0466524935474196
148.7588210944851994	0.0548292286664152
148.8972349158412385	0.0645361064816117
149.0426144541537212	0.0740476890932592
149.2044565090706385	0.0832796257367526
149.4207128471202850	0.0926179114095015
149.7851788124901873	0.0994741161979234
149.9418170500117355	0.0992826508894742
150.0964257907189960	0.0977574964622181
150.2361338913482882	0.0956698318405170
150.3791338620567331	0.0933209624195520
150.5280634962329316	0.0911652817543133
150.6789022567072038	0.0898411876895927
150.8453335258270158	0.0899698766271254
151.0373506954185245	0.0928264300649805
151.4550449280303326	0.1104961732017153
151.6270865543656896	0.1219207661086630
151.8019708307963640	0.1352313679842520
151.9699707951534151	0.1488498415506627
152.1309027770128068	0.1618869200515800
152.3325137323565741	0.1770989566222383
152.5378746549133950	0.1900142505959156
152.8745521204330089	0.2030301782904186
153.1485952915877533	0.2051874001083226
153.3532896906732219	0.2023576493219758
153.5592006075672202	0.1966653041654412
153.7557455802405570	0.1897432147136905
153.9499708394666300	0.1826437361026780
154.1630160563167635	0.1757934105108724
154.4194822105723688	0.1702436275811395
154.7087916851410796	0.1684241098734581
154.9443957263752623	0.1699396128190879
155.1424666735618700	0.1723008384051623
155.3299318025597131	0.1743978756054450
155.5042179104437992	0.1752494648981520
155.7216407797502029	0.1735514049542259
155.9421717265670964	0.1674008389315030
156.3770170877153589	0.1393855854024010
156.5552822711718761	0.1219631646857398
156.7083461288848127	0.1048051471914234
156.8548483065918617	0.0869755422545290
156.9994617833197879	0.0685480953527368
157.1170865617394554	0.0533311380195126
157.2395635118461996	0.0376081467326545
157.3505221830190521	0.0237299908282728
157.4513665309039538	0.0116099249955632
157.5338268887431923	0.0021417932209196
157.5811730941234430	-0.0030834654146724
157.6360942300697161	-0.0089370262923292
157.7212698352981306	-0.0175414751842881
157.9931665669618610	-0.0408276200741602
158.1493888204852567	-0.0512866780441114
158.2923350413942387	-0.0591494988681943
158.4422118847224681	-0.0659077715936821
158.5894911467447628	-0.0714241365195360
158.7488799195743354	-0.0765936067071681
158.9186405860586433	-0.0817471944470291
159.0940719090857556	-0.0872886562645155
159.3649320642543046	-0.0973324881086670
159.5967809765499226	-0.1078391560029891
159.7666495106341813	-0.1164868463629336
159.9297244602509807	-0.1251503497087454
160.1007958244838392	-0.1340500218062496
160.2731519700164995	-0.1420731571634454
160.4416567511893277	-0.1482307543350381
160.6225987172250598	-0.1521385337486748
160.8307186178642496	-0.1521729978111274
161.1325293161826835	-0.1422277657856669
161.3818443975438868	-0.1247817630730747
161.5527976152761482	-0.1084752247688387
161.7025067693690517	-0.0918348939811585
161.8449254892739191	-0.0744707368825485
161.9779450450118077	-0.0573842101711906
162.0997073564790583	-0.0413954826169961
162.2048878941897669	-0.0275943947702375
162.3011260131726203	-0.0151801111237892
162.3850458917047774	-0.0046432025696531
162.4451949373798243	0.0026922753460978
162.4927331228404341	0.0083359110672061
162.5877856851735146	0.0191557599882523
162.6937540282521297	0.0303914161392200
162.8339204431316318	0.0437539831206103
163.1626711184524083	0.0678742200212940
163.3433322778315357	0.0769790553682473
163.5110851459220669	0.0832241259470477
163.6751808683942215	0.0877238246463554
163.8492097087394654	0.0912961174936061
164.0258988024610574	0.0942082653265254
164.2486428424913925	0.0975786332840395
164.7610726078125367	0.1057870898302450
164.9284500471696049	0.1080805862092377
165.1094347692228439	0.1095720129513816
165.2734562089670476	0.1094465338355634
165.4520356622164456	0.1070563455414043
165.6516337161259855	0.1008494711318667
165.9243635648695943	0.0853042403676321
166.1488514254428708	0.0661101683233321
166.3002908604218533	0.0501524952302205
166.4271468054457443	0.0352128374322971
166.5327116025843850	0.0219117220013996
166.6139007731969457	0.0112769363296167
166.6846057760458848	0.0018181174862476
166.7230880224345242	-0.0033828217570528
166.7631923673099834	-0.0088262859391946
166.8192842384333687	-0.0164510202296968
166.8967860078128069	-0.0269465128598761
166.9881443470059708	-0.0391394617644410
167.0915614048594762	-0.0525141590277356
167.2077069160874885	-0.0667168450641818
167.3431545095913862	-0.0818099027656423
167.4933392534670986	-0.0962247212142371
167.6729945714120333	-0.1096734294985887
167.9436307694493564	-0.1212303172852153
168.1573787263905615	-0.1228567764437276
168.3410623711017706	-0.1194154566338286
168.5111169993701878	-0.1128457699995078
168.6786749730122210	-0.1038668654370975
168.8224143461842743	-0.0947242649827674
168.9882449996337641	-0.0831348378323813
169.1655255228120325	-0.0701711481301254
169.3517048720035234	-0.0565723705318723
169.5993133767337326	-0.0392982243632076
169.8693166568100139	-0.0219164763485133
170.0205846925083790	-0.0127193924893929
170.1278391303190460	-0.0063240056290933
170.2180969687097445	-0.0009620342606388
170.2517967743396241	0.0010442478731882
170.3050954053736064	0.0042321569915571
170.3821220398560286	0.0088827642351833
170.5084474460241779	0.0166820290672456
170.7169359111284450	0.0301947567657173
170.9083920896270854	0.0433966096527970
171.0820844654861048	0.0558932062019321
171.2397591992970547	0.0673871867022892
171.3919885463361936	0.0782499702243220
171.5278934863491713	0.0873935969559971
171.6810659005164723	0.0966087330500221
171.8232643928895413	0.1036676396468315
171.9881407621347194	0.1094571111892843
172.1746947049568917	0.1122006469995814
172.4127336920748803	0.1088263786271418
172.7602045417942236	0.0890557193396158
172.9243225047212320	0.0739613632589819
173.0678377327967610	0.0582509078586892
173.1896302920351047	0.0434620997167089
173.2956121856667835	0.0297885309757370
173.3799676433082197	0.0185498012071881
173.4587005494734626	0.0079090129164256
173.5179590453661831	-0.0001289834306410
173.5358252737058820	-0.0025483830069047
173.5765574386758487	-0.0080463263652114
173.6362475515579717	-0.0160382841469290
173.7113675932111789	-0.0259129676296867
173.8074060049121954	-0.0381040802330563
173.9126228075502638	-0.0507005640015839
174.0353154233993962	-0.0640992717796810
174.1775802855241579	-0.0775315774665452
174.3510205920718761	-0.0903717772800934
174.6604635496146898	-0.1026573872650035
174.8390835556793945	-0.1035630053257034
175.0182537845334707	-0.1003626738526467
175.1851930680970781	-0.0942232331653479
175.3447945498148215	-0.0860945120670597
175.4887191492987597	-0.0773561765399731
175.6403536172293798	-0.0671831161893135
175.7891806341425252	-0.0566460830287670
175.9408307598372971	-0.0457171734290441
176.1011796156139155	-0.0342667925151225
176.2839526830402974	-0.0216220516881246
176.5011463341785145	-0.0073320532586752
176.6437587819782209	0.0016392581681100
176.7182322380329254	0.0062174840666810
176.8412307744430336	0.0136607440833485
177.0405845509679352	0.0255280362268956
177.4893441713292646	0.0518695682903730
177.6399132260956719	0.0604141319331672
177.7868777163867833	0.0683258261095216
177.9357523091071016	0.0756270282928537
178.0954972735402748	0.0822657315998500
178.2407166456508776	0.0868262048696301
178.4043376717184799	0.0898126963266205
178.5828237510138479	0.0899274569787471
178.7980400599075494	0.0850201932038524
179.1802493000118659	0.0617085517864388
179.3349807907022750	0.0472870825908481
179.4593338084031870	0.0339921460485344
179.5607016154111761	0.0222489494264574
179.6481238056843210	0.0116290621133805
179.7178396872257906	0.0029273917334281
179.7618590522838531	-0.0026392897363108
179.7839617261934677	-0.0054464285756927
179.8363809663507027	-0.0121194686977973
179.9048164452773904	-0.0208236869119574
179.9790152814001658	-0.0301676375413225
180.0765579790644324	-0.0421480333112899
180.1814312014730604	-0.0544220548427199
180.2868505727084312	-0.0658633726069897
180.4154030521327741	-0.0782512575425669
180.5576161844274168	-0.0895237736418332
180.7535899564031467	-0.1001401522682494
181.0436200088193743	-0.1042218120181905
181.2528315970465940	-0.0984986022214095
181.3977136341033827	-0.0906653598594560
181.5426104540792096	-0.0801176606263077
181.6795253444210516	-0.0681162814119722
181.8061587787265694	-0.0556962278118568
181.9212032348916637	-0.0436658487450106
182.0374046958752103	-0.0311164866125804
182.1343919636960607	-0.0205632705230363
182.2419203759270090	-0.0089998924343087
182.3127701840118959	-0.0015645805369847
182.3518483058966524	0.0024505984336095
182.4034379653726035	0.0076375606980970
182.4900833382160101	0.0160112940002540
182.5886722488019416	0.0249360682593765
182.7253059763449983	0.0360813617757888
182.9167818063488085	0.0490110892083140
183.2541434863964298	0.0637488240762934
183.4494360986318497	0.0678385669282497
183.6219375547517245	0.0691076127472446
183.7894449834247155	0.0685496225614217
183.9806417036636503	0.0661075578879730
184.2112785436995921	0.0610532502336816
184.8561055837967615	0.0363332691592625
185.1131325528235152	0.0218538762496527
185.3192936267343498	0.0082101339244397
185.4224464982298741	0.0007588387977320
185.4739400957400619	-0.0030988228817930
185.5140835686860896	-0.0061619531534253
185.5975251554490342	-0.0126665470820305
185.6681202152818173	-0.0182854267578731
185.7672340997466165	-0.0262885901684103
185.8801370200029339	-0.0354441375847539
185.9775045976027741	-0.0432402640108533
186.0978418514851569	-0.0525539532375044
186.2276216963402646	-0.0619149994297773
186.3545951837898258	-0.0700708320011248
186.4932292121742705	-0.0774558793086164
186.6575967323846328	-0.0836484447471649
186.8409744351224333	-0.0866227494448015
187.0537654651795094	-0.0841756092045123
187.2714909514685360	-0.0747782710368408
187.4479489301878061	-0.0622554209666882
187.5887699340441657	-0.0494775043575451
187.6990901503120028	-0.0380224078165768
187.8043582244288814	-0.0261558680213857
187.8911885984805963	-0.0158535686423856
187.9633806129254197	-0.0070506581105003
188.0193329624685532	-0.0001408754026534
188.0485122786115255	0.0034773735383018
188.0917727467874272	0.0088439198407035
188.1514786142152218	0.0162217611814592
188.2245647074455803	0.0251355508895658
188.3137888389603631	0.0357131146742440
188.4120937130663833	0.0467814533220888
188.5211791287754579	0.0580934830945141
188.6485506161180297	0.0696616683485159
188.7887843418926650	0.0799369289219084
188.9566841825573533	0.0883329117513267
189.2374433235258095	0.0919446806396776
189.4342061148618939	0.0866950825702875
189.5861938520304477	0.0786546060056534
189.7199801373967318	0.0691106039885765
189.8469499834080807	0.0583048197622158
189.9662142161782015	0.0469730073363306
190.0756331113751401	0.0358760213564283
190.1813093034960218	0.0247897991849898
190.2697911831197644	0.0154115931094206
190.3599742398019146	0.0059186817710859
190.4125068093184723	0.0004765805883410
190.4628555827069363	-0.0046482157007078
190.5171586398544434	-0.0100510500235275
190.5943291974632530	-0.0174542096058750
190.6844464338896046	-0.0256114753999905
190.7935731040740279	-0.0346568942758558
190.9285715922825943	-0.0443928649439622
191.1236484921282397	-0.0553031877725220
191.4454361529870425	-0.0647233236749107
191.6354720077866318	-0.0655304877009206
191.8049648986904856	-0.0636497980349582
191.9812997284053893	-0.0594955584281222
192.1460942458728596	-0.0539676126588260
192.3405118833246092	-0.0458534110851333
192.5278432778167428	-0.0368101134912280
192.7604806750692603	-0.0243890199667133
192.9613437213496638	-0.0129153308392474
193.1091570144127729	-0.0041547843673819
193.1744125148862281	-0.0002251554274094
193.2050963129493084	0.0016333405561549
193.2461915266517281	0.0041306660781420
193.3445261205148995	0.0101330655701767
193.4662373999945260	0.0175733841349131
193.5958564686444277	0.0254284474877225
193.7301346599454064	0.0333676899749443
193.8704371013896548	0.0412746129217687
194.0158685773240279	0.0488209104199201
194.1388479782944501	0.0544817614394636
194.2861680747277262	0.0601287035092092
194.4386083975710449	0.0643392036468608
194.6137383723890650	0.0666949122699943
194.8117422456321890	0.0656403431479165
195.1477217803030726	0.0538248144366061
195.3220035496608773	0.0427401500238571
195.4571128295401365	0.0320757672895909
195.5681281362030575	0.0221653487248651
195.6620972920135557	0.0131267975250767
195.7384941462839549	0.0054410375438512
195.7884850900151434	0.0002901608456828
195.8195543399012593	-0.0029457472587841
195.8640921913253408	-0.0076174640331812
195.9226607119011305	-0.0137922075910732
195.9997076164309249	-0.0218989715282127
196.0843401087502968	-0.0306775036812243
196.1819533549608821	-0.0404596067692531
196.2877551771705953	-0.0504240356831641
196.3990785686769982	-0.0599187510248847
196.5230605220359905	-0.0689582647137612
196.6764632010065270	-0.0774299333166704
196.8596233352833451	-0.0829636462089086
197.1245698997823865	-0.0812293255153469
197.3014081610571395	-0.0736292211163510
197.4500396342980082	-0.0635964369775315
197.5730619620901791	-0.0531114914235527
197.6872763257375425	-0.0419231103590578
197.7905812417075708	-0.0308737853141432
197.8820664200378587	-0.0205641873198604
197.9561413711659554	-0.0119921620208652
198.0282393926458440	-0.0035589752542341
198.0629731876713038	0.0005066583036215
198.0914096783420462	0.0038256374962421
198.1370655576638740	0.0091210037521329
198.1977272926470732	0.0160617113076707
198.2671417951429760	0.0238000144348664
198.3519709652107679	0.0328528958968281
198.4555538604003573	0.0431180089366520
198.5771872435964553	0.0537838609155625
198.7073931293209625	0.0632112903195307
198.8647042923059587	0.0714589734701412
199.1241115682181544	0.0768542854281888
199.3146713583828671	0.0742809111049024
199.4686145942264659	0.0684914231133754
199.6101161898914143	0.0606428775812245
199.7399943838043441	0.0516903771264611
199.8549787514847651	0.0426807277817806
199.9650196181659396	0.0333827082580851
