0.0000000000000000	0.5000000000000000
0.0400000000000000	0.4990000000000000
0.8987365544527838	0.4785315861386806
4.1039206700802540	0.4170725732823052
15.1673551258488164	0.3719637592569660
17.5031728322910496	0.4033458803231807
19.2813023076986880	0.4426385645920031
20.9426489747812106	0.4952414712604701
22.4933920460985632	0.5621671746867843
23.9812603835981513	0.6467672386654448
25.4888097442102541	0.7573555486874081
27.2984054814040960	0.9287749510828647
28.8495219727064516	1.1112433939662347
29.6566867478056970	1.2178393808075403
30.7356585714059989	1.3696588026837291
31.6130145096783117	1.4973665493702877
32.5689506837862055	1.6357561845712709
33.5933213768889871	1.7767241094226769
34.6896314864785751	1.9108745978714521
35.9418132136949282	2.0330388170311058
37.7470132631981343	2.1368779710152785
39.4097227212056822	2.1543881386709751
40.8812025872399829	2.1155582242030011
42.3757655471015298	2.0358676477833275
43.9353242364494676	1.9231469980627509
45.6094380512916686	1.7827534717774070
47.4625327471676499	1.6181436377826248
49.5914894660800272	1.4309988608771709
51.5338490365498032	1.2700981182773490
57.2684604558609678	0.8802835343133570
60.2389743770620285	0.7299371042633301
63.0648900231305589	0.6158606807277044
66.5086924693337380	0.5096461252726755
70.9446251986106375	0.4170947497694302
78.1076465836247564	0.3555363954636260
81.5802278261861744	0.3658122464956720
83.0597962853858434	0.3805619598921339
85.0891137771802448	0.4137878255409897
86.8198715812324906	0.4572612523611525
88.4416430379408212	0.5145087333876526
89.9612436778719484	0.5867087646990118
91.4357085585173479	0.6782054092780807
92.9762680164324706	0.8010206846313166
95.5155800727737301	1.0730304649268190
97.0436731242223516	1.2765933867583776
98.1240842567362961	1.4321619146320974
99.1558582088593710	1.5833691743971059
100.1927764682087343	1.7306100615375475
101.2577645449094774	1.8685239895182237
102.4920476809868006	2.0012518278316058
104.1928930423734130	2.1211898661813287
105.5499091997060788	2.1595868052634701
106.7508710332575106	2.1536099452321302
108.2010934840449323	2.1041068901838909
109.5743181430792959	2.0243464565106608
111.1276928891284825	1.9081151537428662
112.8478091866186901	1.7612431372425352
114.7799029874372678	1.5884678397938186
117.0398034449015654	1.3909477172224740
119.8609993755853509	1.1661126968701634
127.7029797956470674	0.7076532855147023
131.7764451001176553	0.5573160620192894
135.9958705834916373	0.4506800700485227
141.8117887898238791	0.3694371548362251
145.6902725005054435	0.3536014153802648
148.0625273845062679	0.3606733224396730
150.2628441720015928	0.3813403419918170
151.9898910022102712	0.4097669127717562
153.8254979497274064	0.4552141500067982
155.4726011286856533	0.5133357337353268
156.9944612184058599	0.5858446569966680
158.4631172805183326	0.6772602993903281
159.9856204851500934	0.7988589313296413
162.1171943744647876	1.0217538829855768
163.9810988711789435	1.2659364107944420
165.0673685133811546	1.4226354512250272
166.0909627954445966	1.5734948766745369
167.1215123457690197	1.7213330431814224
168.1693401612352829	1.8593332512287513
169.3734188240406979	1.9927166816477129
170.9619238911120362	2.1135555597581299
172.6806491714186791	2.1653595464560409
173.7066224153405756	2.1593732485220767
175.1300389916948461	2.1123493241079667
176.4168455924476859	2.0395726401588599
177.9714312116907422	1.9251009748398258
179.6435963690868505	1.7831002449913185
181.4949687557449636	1.6172006497097313
183.6427139442751582	1.4272839321756075
185.7085951897203699	1.2560413558619390
196.7896861642810791	0.6246289510547980
198.2974026743714262	0.5725810007581482
202.5853626712427058	0.4588460561356182
207.4493711315960809	0.3814784246771515
211.6336168958498547	0.3535351718603207
215.4484186034874824	0.3611410459398091
216.8235549807067173	0.3736038557206096
218.8954793072949769	0.4049129089340851
220.5238943459681877	0.4429504457393854
222.1017283184052360	0.4944063568015972
223.6138148157401702	0.5608832221539455
225.0810901606865855	0.6455441549605648
226.5749075873603431	0.7566293359337788
228.3715654195816569	0.9292185786002299
229.8537184005820961	1.1055939904083369
230.6561806890600792	1.2126996503696250
231.7290022922116179	1.3656628785474381
232.6021935929994413	1.4948716877112609
233.5215260171117677	1.6306197901301800
234.5403352211463073	1.7744186506792639
235.6172283036695205	1.9106225002125163
236.8330481760721398	2.0351454975891463
238.4865091291071906	2.1418985847484358
240.4206056131200455	2.1703671287892177
241.8894155718907086	2.1310974865258840
243.2792250253407644	2.0569047216099872
244.8770447622260917	1.9410230960085730
246.6567159912264060	1.7898043358279700
248.7794389633193930	1.5985369313464479
251.6699339969702862	1.3459246028114096
254.8391463720287788	1.1006140304929959
255.9964382150184861	1.0211202509529016
261.8276307998110042	0.7037716551122214
265.8724992486089604	0.5545642951947909
270.0655902748101767	0.4484232021753647
275.9662366766041259	0.3660514067847971
279.7018904347808075	0.3504339658730099
282.0627219721728807	0.3566726841065470
284.2255935952981645	0.3758629778417770
285.9770714949254966	0.4034777734865557
287.8627606865975395	0.4488833404848226
289.5236400913609600	0.5064406011891109
291.0456446444457583	0.5779235905147987
292.5029416473194033	0.6674738872863758
293.9916014154586037	0.7847771046633921
295.8793236650793688	0.9768310743234238
297.1811689955549696	1.1382828659098294
298.1480275762437486	1.2714679583963104
299.2257926454602170	1.4289681055949448
300.1270562911846014	1.5634453719634709
301.1109457453682694	1.7071965736479664
302.1497996558353520	1.8480367557075439
303.2792339521010945	1.9793984146636534
304.6365269377961909	2.0964603698391389
308.1690683610401038	2.1622891780925859
309.6939819336689084	2.0997029457893093
311.0683413298602886	2.0117416084764042
312.6583380586693579	1.8858343329026825
314.4201905803604404	1.7305251765168559
316.4195276607772485	1.5494167564008621
318.7990876947952188	1.3424327705760866
321.9024611684602633	1.1019508927988702
326.8822973952496227	0.7986410515562132
328.7581339526796000	0.7097322929699701
332.5919301074384862	0.5652307931706468
335.8815127787353276	0.4750815528589672
340.6833358471496922	0.3895585790341846
347.7510224699600485	0.3501232791056783
350.4389350213957073	0.3649895819160610
352.1415918652980395	0.3859843532218558
354.1611666533793255	0.4260231935556178
355.9068109228003323	0.4779396001231817
357.4775554305246601	0.5426839062472788
358.9508585148033148	0.6232156819107214
360.4039020284703270	0.7257943455050339
361.9976455461739988	0.8695875880512948
364.6157868124658421	1.1830749015554076
365.7197931319420832	1.3397678474514367
366.6274207163289702	1.4746230077516258
367.6028305330325452	1.6203861332559366
368.6768240335061364	1.7743057107596267
369.7701884170567155	1.9146544747329584
371.0951242447563345	2.0506268058767194
374.6306725848114070	2.1782667055528697
375.4367330725974625	2.1614885918833706
376.7006874346623135	2.1082476524790561
378.1948208288987416	2.0128151988132195
379.7915900173369437	1.8854095302539977
381.5663141124796311	1.7281270817167091
383.5943611710458754	1.5438580671494759
386.0443882568246181	1.3308961833590740
389.4735631321423170	1.0687312312327983
393.5160967742772300	0.8222284541389463
396.0471205943687210	0.7008728797773442
399.8853871472189212	0.5584112294848278
403.4218947381082785	0.4643575706620113
408.8762490001736865	0.3760788633503545
413.0102383986801442	0.3494999405563445
416.8028727744214166	0.3576823852420510
418.1728275139288371	0.3703049529267295
420.2158603017393830	0.4014499794738469
422.1044774325220601	0.4470908853451944
423.7621155218320723	0.5047751220765023
425.2777085797288805	0.5762458936706613
426.7259105474456078	0.6655633297846287
428.1998524455102597	0.7820414056017922
430.0342411328758203	0.9686150000064843
431.4445936242364041	1.1444576399560245
432.3879870949674569	1.2757145872253506
433.4592501838556586	1.4336652022304899
434.3569443177129870	1.5687738393391253
435.3382183240025824	1.7133565885960211
436.3731327296251834	1.8548063338712237
437.4988492090041632	1.9867529754432443
438.8528220214341218	2.1043480574028495
442.3535013904568700	2.1706445024936776
443.8741685712652156	2.1082905293056480
445.2412540825319525	2.0205301923181880
446.8256787424263052	1.8944861797599200
448.5813320149123342	1.7388310172567756
450.5758567041360152	1.5569682752863589
452.9557856882677243	1.3484778839948344
456.0884640147798450	1.1041266159688030
461.0942465879965084	0.7980021648314313
462.8415148239380414	0.7145387729724771
466.6264074943013043	0.5696946375352269
469.8541642856086469	0.4792541847418441
474.4419473638620275	0.3938034074622668
482.9261995351283758	0.3506033284334324
484.9934385545117834	0.3654674994967405
486.8833375578455502	0.3913527536862804
488.8142586095023603	0.4334989242635176
490.5063087748386579	0.4876025604853795
492.0436903321894988	0.5549336671449457
493.4979619045001868	0.6388226417536669
494.9506580703545637	0.7466407232552140
496.6018335225812734	0.9033887264847461
498.7304505170869788	1.1629443980239076
499.9063097752089675	1.3298564936575576
