0.0000000000000000	0.5000000000000000
0.0400000000000000	0.5010000000000000
1.2434347131277992	0.5330511990071042
4.0923745269879284	0.6247045620325469
6.7601391515835836	0.7333470780801107
9.9373695133742981	0.8958482623299333
14.5691552427268824	1.2054966970366696
15.8660730222414674	1.3077564689174610
18.0845262200770520	1.4956819500391250
19.9534524980644115	1.6619004144866159
21.6020631414637023	1.8078054460402251
23.1214964547518953	1.9339314266327170
24.5665263374719700	2.0376226394828292
25.9874217613982808	2.1140507259456540
27.4495363910759558	2.1546315883739817
29.0258966032706880	2.1419238974039732
32.1457589208846244	1.9198902601940373
33.4018362135480658	1.7661293842518679
34.4901452395229455	1.6150673792642862
35.6061978464338438	1.4528331031879798
36.8796181200835349	1.2702335325369831
38.5973640061861190	1.0455222558555284
40.3492216102904138	0.8546834591041443
41.9933301565312433	0.7132132179616741
43.5504009688101590	0.6095830967122960
45.2773815368926336	0.5232941010332404
47.2581062107384824	0.4533082176830028
49.7063307949545177	0.3982499492325543
52.1559030914485433	0.3681482326909685
54.9571672997217817	0.3559142994003590
57.1848041585366929	0.3597849042935147
64.6830098211037239	0.4477376807315773
68.0550601536016586	0.5272771747106683
71.1445324210318688	0.6265229991647467
73.9758711296332763	0.7436383473311630
77.1373723421610435	0.9087820377737378
83.6335798921222846	1.3748678722255050
85.7587540925350567	1.5597361399699348
87.5261843530249877	1.7182551263753405
89.1146693078161576	1.8573551463280735
90.5971909518283525	1.9762420309464235
92.0222031842427555	2.0713804513568150
93.4433906020945955	2.1370587902533540
94.9240635573243452	2.1623368325921870
96.9755229684725464	2.1051532992655977
98.0563379875592744	2.0281990697023531
99.2147455670850746	1.9123581675164822
100.5511511768700075	1.7445624540818019
101.7649135240398834	1.5724962433332719
102.9924657065002123	1.3926857944622040
104.3477096462250984	1.2013515003553272
105.9455941607680103	0.9998550003612487
108.4406487377996626	0.7529215453975157
110.3536748419565612	0.6178052871159131
112.1969286704491111	0.5238372348647415
114.2054550902117143	0.4524223503086129
116.5935127777799636	0.3982373763033594
119.8055558272251062	0.3618494313666439
121.6539052756942567	0.3549676626989297
125.7999283102873136	0.3676030036648885
127.2370026971914001	0.3803687563537126
131.0523682328760060	0.4345096501027954
133.7707763468463611	0.4924285887405838
136.9081227102771265	0.5822629934599406
139.8246448534586364	0.6916078582438374
142.9535518215263323	0.8411745445875032
145.9821392298400156	1.0224528164633879
151.1113329710059361	1.4148272062602660
153.0452114910217745	1.5852727687584387
154.7099971779573480	1.7352486944700178
156.2554964640965807	1.8705773988829111
157.7135140204572110	1.9870368153018849
159.1233840859347595	2.0802838837576663
160.5354676532809606	2.1441734537360166
162.0224700300847473	2.1673393327481034
163.9530432382530307	2.1120871256085163
164.7977048923403061	2.0553497219293821
166.1540372761313904	1.9249059221590781
167.4973615010326569	1.7570103064061737
168.7059698479178280	1.5854526631113863
169.9215795401798061	1.4064363158716966
171.2708800736185424	1.2141119404364000
172.8123550502209866	1.0167847387913902
176.1901684172029832	0.6946407044804916
177.7055914643809160	0.5967739037157321
179.3980416943772980	0.5144680652078739
181.3845717783069631	0.4461888045657158
183.8977583044842845	0.3918907135301173
186.4000853331412202	0.3632587995323073
189.2652162540136658	0.3529664431110212
191.4416852801506366	0.3581457694137927
198.9458156643853499	0.4494969662962557
202.3887952735693716	0.5329075105522396
205.0489415998517870	0.6189626467220624
208.0641847105870852	0.7432213457451051
210.8592284257725851	0.8878032309969207
219.0080079304580352	1.4893108429670088
220.9281103347150008	1.6619689403811351
222.6109854672205870	1.8131781655360941
224.1452152964971560	1.9428733974569390
225.5943851484317122	2.0491405932368441
227.0119430688622799	2.1275575376766040
228.4606083955320628	2.1698742827871338
230.0114329382853100	2.1596348667180636
233.3305261507937871	1.9162756158405381
234.4791828307991182	1.7711017752971983
235.5000054551964581	1.6266998731504114
236.5793449437278184	1.4670990209364680
237.8231471855564791	1.2852949592254717
239.5086942919478759	1.0596152672476666
240.8845850608406352	0.9020876225589203
243.3844635976735447	0.6826714166949869
245.2965762792193516	0.5658926489424465
247.2162519825050424	0.4830453732113568
249.2984046486225225	0.4222381377041014
251.5435055697106748	0.3812447429465424
255.4944657611271737	0.3518688279369755
259.2520833104400708	0.3601985066862055
261.6452526785123496	0.3807211268275671
264.7761251821796691	0.4249587838960884
267.7311930941252172	0.4861778812653979
270.8823085711742351	0.5752873028551411
273.7891875515973084	0.6831155317381757
276.9011837922449217	0.8303926207000553
279.8186800439530089	1.0029015471332294
285.5068537077907536	1.4398893681090297
287.2728825923223326	1.5974482225562090
288.8710011419164516	1.7427320412925031
290.3877042857125161	1.8768738858270524
291.8276086600396297	1.9933889253697177
293.2229561086690524	2.0874366134673812
294.6209002378777200	2.1528106740845376
296.1014286079420117	2.1784141141449185
297.8471341138009052	2.1357712211232047
299.6020409456355651	2.0063957092849090
300.9762027620900540	1.8507558839102427
302.0429216315740746	1.7061458841083590
303.0910736037013180	1.5527444057025828
304.2357417683536482	1.3822625092118408
305.6300699227403470	1.1835758271306256
307.6582392078144039	0.9341507682785412
308.0801128724454543	0.8892054599140103
310.0453995352091283	0.7125344900738431
311.9103909029013835	0.5894931281800008
313.7631969984817601	0.5017444029398350
315.8314490754713688	0.4344396847907565
318.3430529906854076	0.3840307116067160
321.8370070784812924	0.3528933101045716
323.3968722892506662	0.3500069906250420
327.7879381162146615	0.3701694582591030
333.7630273323567849	0.4608237095347742
337.0004091768113881	0.5437911279751509
339.9886313127813651	0.6460410073866005
342.8382036680125111	0.7704825263605217
345.8978263336306895	0.9380648938392012
351.6984885023402967	1.3623691724749198
353.6087577496089125	1.5294123625831986
355.2455054035385729	1.6781665453339247
356.8068057977658327	1.8193957009199748
358.2812490231679021	1.9452816286787891
359.6920506577176866	2.0506896095152500
361.0799862396490312	2.1304586359321558
362.5070803382878353	2.1765258249612485
364.0427515048096438	2.1723038595212953
366.0876287391490678	2.0650720760404035
367.6110007750347108	1.9111618173409048
368.9261313622370722	1.7392493424125939
370.1389928714443158	1.5622257809248263
371.3721503118918008	1.3778474109372707
372.6824488562919555	1.1905212324368706
375.6045639233153679	0.8456382348520759
377.1048872593582360	0.7144342050492301
378.9712346978664641	0.5903358187651253
380.8258874475800440	0.5018601176791062
382.8810608035884115	0.4344357143299172
385.3526903062822839	0.3841131723512223
388.6913434823458715	0.3528168219680121
390.7329259221458528	0.3490388606425611
395.3180386247234424	0.3733900634067516
400.1850789093376761	0.4457693495175439
403.5973106267593380	0.5281629089783110
406.5746408176506748	0.6255539142698194
409.6150590116498620	0.7539129359124040
412.4000868774574542	0.9014025574109091
420.0373210202080827	1.4693613037538731
421.5935227871207189	1.6096625518307253
423.1540897802424865	1.7524516799025864
424.6540614051011744	1.8858386602479751
426.0839938224509069	2.0020923076649462
427.4700119020159264	2.0958721327657872
428.8596578432373576	2.1610243568361343
430.3362682979979468	2.1864064743186056
432.0801112934231583	2.1428934931335575
433.8379319887762335	2.0113938698100471
435.2023123337364154	1.8549904642135542
436.2646693505259350	1.7095014562546744
437.3090747806726881	1.5552261908684033
438.4517625897674975	1.3835849802043296
439.8462429913054166	1.1833738665983664
441.8808373743193556	0.9317906985451391
442.2946211855094703	0.8875228236089079
444.2145109102170863	0.7137104201773957
446.0701776450764555	0.5899954271358354
447.9125564924256082	0.5017345015798951
449.9647083084018959	0.4340376696515657
452.4489477494116159	0.3832047614324295
455.8739849100058450	0.3513023014035455
457.5095452891637251	0.3477520807884061
461.6587294836418778	0.3648271376610209
468.2108049869138426	0.4633469812762953
471.3551092121491024	0.5452182838377908
474.3598769393306611	0.6491434118369834
477.0175988375040674	0.7656235417398396
480.1770279506830548	0.9387362920111276
486.2431288593231216	1.3877683927122277
488.1509225832605239	1.5569121726959809
489.8069288713860487	1.7087196439116219
491.3577758511946740	1.8491311662352927
492.8183605539569498	1.9725622772452895
494.2201730974051088	2.0744397514992436
495.6051957726303954	2.1492534116039947
497.0441946862356417	2.1881618927392523
498.6010498617308713	2.1722818974682205
