0.0000000000000000	0.0000000000000000
0.0000000083333333	0.0020000000000000
0.0000000093050087	0.0002400000000000
0.0000010041666677	0.0007199999999040
0.0000010083333343	0.0011166010488516
0.0000074211623165	1.5417357514572445
0.0000115055530051	2.5194495597505155
0.0000135082687501	2.9975818738005806
0.0000135082687501	2.9954404565548827
0.0000179202098772	2.9842506639389810
0.0000224226184934	2.9668773945371498
0.0000269289951463	2.9435492554387941
0.0000311170238471	2.9161969678620525
0.0000347974716795	2.8863595859587678
0.0000381679186282	2.8532948680743271
0.0000413429902624	2.8164440208046426
0.0000445016993779	2.7741378858935946
0.0000477060885340	2.7256280182769368
0.0000509001398272	2.6718003557018717
0.0000540881923383	2.6127276065616520
0.0000570631183618	2.5523836499212558
0.0000598853860905	2.4899974368125042
0.0000625633022746	2.4258340207904996
0.0000651105802250	2.3599579313866679
0.0000676800591983	2.2886755274946275
0.0000702549101314	2.2126174128013303
0.0000728362929438	2.1318814496736915
0.0000754248043349	2.0465872250284174
0.0000781011237320	1.9541565736037394
0.0000805587645863	1.8653612440181584
0.0000829312271923	1.7758956868956870
0.0000852282597805	1.6856651934105260
0.0000874398851948	1.5953292115083311
0.0000895366740957	1.5064903699536192
0.0000915782021484	1.4169430313026876
0.0000936554281241	1.3228926215311916
0.0000957223757739	1.2266460174275382
0.0000977770112690	1.1285098869714363
0.0000998170873411	1.0288087164801496
0.0001010057628905	0.9700718266355447
0.0001010057628905	0.9711718266355404
0.0001031607248545	1.3801497567056609
0.0001055611447444	1.8332938346405045
0.0001083104021079	2.3488763941448250
0.0001113895845651	2.9218113375756936
0.0001135075363691	3.3139850582540182
0.0001135075363691	3.3113553206371162
0.0001171517649784	3.1040218884445787
0.0001210972933225	2.8728063017559964
0.0001255572419097	2.6052497122151870
0.0001305480967078	2.3000504264112349
0.0001344786204759	2.0550134319382689
0.0001381209939069	1.8238385530246606
0.0001415393809262	1.6030586136168536
0.0001447441947535	1.3927595635632468
0.0001477946727561	1.1896693706992276
0.0001515780021773	0.9351904267770788
0.0001550050071180	0.7031467120958667
0.0001582843037495	0.4791474800183126
0.0001615136264247	0.2564540114182561
0.0001645284395322	0.0466195064823620
0.0001651653052127	0.0019589336108914
0.0001651987647996	-0.0004895967429311
0.0001651987647996	0.0000996071420282
0.0001712683267113	0.0000980063074251
0.0001789665906010	-0.0000036936494772
0.0001789665906010	0.0000968563968894
0.0001845759038057	0.0000960143856076
0.0001908777004308	0.0020944645114936
0.0001908797002150	0.0000940321641138
0.0001944101131178	0.0000929035640347
0.0002010029367808	0.0004233712243219
0.0002010089628176	0.0003233690213790
0.0002010089628176	0.0030914754798491
0.0002100692823317	1.5061194679268823
0.0002135032558709	2.0741067061180267
0.0002135032558709	2.0730684738882497
0.0002175580410241	1.7663876126141396
0.0002237853668999	1.2921949886972210
0.0002322703696184	0.6432716717338713
0.0002367965961937	0.2955815052489830
0.0002404144477211	0.0156874776468581
0.0002405904998289	0.0019979740278490
0.0002406215041141	-0.0005132216880550
0.0002406215041141	0.0000844529026800
0.0002480649006792	0.0000832697469219
0.0002555000052451	-0.0000175909264562
0.0002555000052451	0.0000830416308604
0.0002614810037996	0.0000818602985100
0.0002728557998199	0.0000794194371573
0.0002793867152261	0.0000790588267778
0.0002832072272407	0.0000788692807436
0.0002864095629352	0.0020784804111121
0.0002864115628221	0.0000782538623438
0.0002988170786150	0.0000758663676827
0.0003010067673342	0.0003913208605402
0.0003010131032608	0.0002913196682243
0.0003010131032608	0.0030756591438489
0.0003135011501901	1.9741613071951192
0.0003135011501901	1.9740333685023213
0.0003200904852514	1.4265631158962271
0.0003257165595435	0.9560576239392531
0.0003371122206096	0.0022548784366025
0.0003371441881863	-0.0005321894330114
0.0003371441881863	0.0000718828711833
0.0003493134544563	0.0000698315532707
0.0003579415763063	0.0000697570659485
0.0003675932800559	0.0000681950073256
0.0003725337835730	0.0000672956332110
0.0003806251233921	0.0000671432706860
0.0003849791711834	0.0000670728760491
0.0003883406061811	0.0020667780635907
0.0003883426060522	0.0000665197991651
0.0003974800652510	0.0000649062031129
0.0004010063996759	0.0003694533310285
0.0004010129601891	0.0002694527022078
0.0004010129601891	0.0030645984710899
0.0004135019774387	1.9068279215173844
0.0004135019774387	1.9066326494388945
0.0004200906577300	1.3251604737006593
0.0004269512525169	0.7166648265665219
0.0004350118071774	0.0019439503311575
0.0004350387642354	-0.0005457057449280
0.0004350387642354	0.0000627044117091
0.0004427079780677	-0.0004463362789955
0.0004427119068683	0.0000614103021818
0.0004461903210141	0.0000607692092802
0.0004554445221090	0.0000605684800502
0.0004631341878884	0.0000604045370351
0.0004736775800856	0.0000589281737063
0.0004736795800856	0.0000588676154832
0.0004773590749179	0.0000592935258952
0.0004880399714825	0.0000586594398415
0.0004978661325161	0.0000571604578776
0.0005010069153782	0.0003541998499287
0.0005010136445234	0.0002541996485199
0.0005010136445234	0.0010569851628763
0.0005135074075366	1.8578213699631358
0.0005135074075366	1.8595790913331247
0.0005207269354676	1.1964558656215538
0.0005286039627291	0.4682458178313255
0.0005336658792964	0.0043783128764463
0.0005337184361637	-0.0005553307790005
0.0005337184361637	0.0000560592886990
0.0005411253498403	-0.0004554987933278
0.0005411292558075	0.0000552282135669
0.0005495882674889	0.0000541788119841
0.0005582670575097	0.0000548127498093
0.0005637815322159	0.0000540921430141
0.0005718163042796	0.0000528394762584
0.0005795204963344	0.0000529667543853
0.0005913473090033	0.0000520266008714
0.0005986974313098	0.0000516505901938
0.0006010068572052	0.0010513613622488
0.0006079924473024	1.0207524812369118
0.0006135023044268	1.8261347551185316
0.0006135023044268	1.8278607898736590
0.0006176238971717	1.4379885528621663
0.0006327800207571	0.0014919414283005
0.0006328007333274	0.0005378858795238
0.0006328007333274	0.0000513178099497
0.0006381214223842	0.0000507240036169
0.0006480656734358	0.0000494268850932
0.0006542032051788	0.0000497483015920
0.0006653920376944	0.0000494820366331
0.0006788176782939	0.0000491434682145
0.0006880344569947	0.0000488009659416
0.0006979974095428	0.0000475420209938
0.0007010072776188	0.0003351732573199
0.0007010142292901	0.0010474731554263
0.0007087751586755	1.1205801017673278
0.0007135033258926	1.8023192882472778
0.0007135033258926	1.8017803473319252
0.0007213034438252	1.0500029678593825
0.0007321609054743	0.0010344219732226
0.0007321765239313	0.0005327631146357
0.0007321765239313	0.0000477081308745
0.0007373003877749	0.0000472530307184
0.0007443954101557	0.0000459169234704
0.0007503390622153	0.0000460591978502
0.0007659235974689	0.0000459702523510
0.0007711410181332	0.0000451995274195
0.0007800524696507	0.0000460391247489
0.0007890281057549	0.0000451730746167
0.0007977501881962	0.0000445893010068
0.0008010070266913	0.0010436902757046
0.0008049394378160	0.5616829920189336
0.0008135042041122	1.7841143504598784
0.0008135042041122	1.7857983648103470
0.0008212631399032	1.0269609407488209
0.0008315233183131	0.0202484653597723
0.0008317100458120	0.0020006506074754
0.0008317353456788	0.0005283268949528
0.0008317353456788	0.0000445601005006
0.0008403231136956	0.0000442405231157
0.0008478227868957	0.0000433549239736
0.0008538437729452	0.0000437699137438
0.0008654941742144	0.0000436479024774
0.0008721100612926	0.0000428093567753
0.0008797015976156	0.0000432399605323
0.0008906735825117	0.0000426585818821
0.0008980295564455	0.0000423857073473
0.0009010070806051	0.0010421954120667
0.0009052891285056	0.6067999251282605
0.0009135044021752	1.7705881709660816
0.0009135044021752	1.7722586591370271
0.0009209992473193	1.0312715599972520
0.0009313897241668	0.0010570753098530
0.0009314052309203	0.0005253622870711
0.0009314052309203	0.0000424465771397
0.0009411309341733	0.0000420711786605
0.0009452868441630	0.0000414305801932
0.0009510282739687	0.0000415667912192
0.0009551178368063	0.0010411510148989
0.0009551198370600	0.0000424323928782
0.0009627814312776	0.0000421834417687
0.0009727669357739	0.0000410516447349
0.0009804278598149	0.0000416366452807
0.0009905012937680	0.0000414501495768
0.0009967928218196	0.0000406557908624
0.0010010060125616	0.0003214207707194
0.0010010131327296	0.0010405289364888
0.0010092556536532	1.1595110763654666
0.0010135060143305	1.7575896538354923
0.0010135060143305	1.7592471434892283
0.0010185404330287	1.2572051156174127
0.0010310977012688	0.0022888487686760
0.0010311254714532	0.0005230789642865
0.0010311254714532	0.0000408114590941
0.0010432056753940	0.0000406494044663
0.0010534966157955	-0.0000603140305593
0.0010534966157955	0.0000409116731662
0.0010626278106078	0.0000408470951518
0.0010780860593359	-0.0000608039543313
0.0010780860593359	0.0000401693143791
0.0010901634869911	0.0000402756711605
0.0010976218230574	0.0000394466495120
0.0011010036460953	0.0003191222642740
0.0011010107965971	0.0010394224415705
0.0011079874198367	0.9777240046576038
0.0011135060415847	1.7511883122241318
0.0011135060415847	1.7528394005363785
0.0011206224022862	1.0393523473994317
0.0011309527792498	0.0009982656259311
0.0011309675218664	0.0005214691291067
0.0011309675218664	0.0000396567911959
0.0011342391848164	0.0015216409956485
0.0011342405343217	0.0025220654454592
0.0011342423297929	0.0000404577727524
0.0011389106853635	0.0000394603249528
0.0011476637468670	0.0000389939321203
0.0011549437350744	0.0002934260779881
0.0011549515552021	0.0000399973598681
0.0011626222453588	0.0000398217946696
0.0011779751092266	0.0000391689972386
0.0011902678829373	0.0000392943908543
0.0011971788303634	0.0000384986680174
0.0012010119148648	0.0003172110217711
0.0012010190892560	0.0010384424260614
0.0012083135055246	1.0187497518589668
0.0012135062029818	1.7440568268565255
0.0012135062029818	1.7457007836832663
0.0012175802427117	1.3350550122370777
0.0012293109445042	0.1509510951454996
0.0012307954884550	0.0020519255345699
0.0012308207287721	0.0005212145766789
0.0012308207287721	0.0000394729378497
0.0012376925706614	0.0000392222893272
0.0012476572870137	0.0000381490807365
0.0012536170166997	0.0000386441455481
0.0012655419045011	0.0000386780232540
0.0012713869825998	0.0000379404990872
0.0012788122383075	0.0000383693763135
0.0012931689450901	0.0000384169809287
0.0013010069077265	0.0003156789729636
0.0013010141029526	0.0002156785368229
0.0013010141029526	0.0010378478741818
0.0013043448868537	0.4649536225175723
0.0013135065234272	1.7424271916874312
0.0013135065234272	1.7440695188790367
0.0013218643594295	0.8982301660698150
0.0013299337899584	0.0829743987913050
0.0013307369869929	0.0020167900051581
0.0013307617652728	0.0005198008789464
0.0013307617652728	0.0000384557637743
0.0013349796674059	0.0000388947805160
0.0013397520297380	0.0020389589377594
0.0013397540294683	0.0000384191849392
0.0013529806010281	0.0000384359046610
0.0013622344220708	0.0000385171311764
0.0013780167921010	0.0000383065462793
0.0013872565139537	0.0000383844244578
0.0014010066817103	0.0003145041427116
0.0014010138917960	0.0002145036413544
0.0014010138917960	0.0010366808720830
0.0014039537551183	0.4097797881347676
0.0014135072932433	1.7391718343578384
0.0014135072932433	1.7408109061922314
0.0014222093535270	0.8580781428703051
0.0014285737154960	0.2136828546662370
0.0014306708771760	0.0021152817696029
0.0014306966203818	0.0005196498277308
0.0014306966203818	0.0000383468010890
0.0014372678499986	0.0000381475755432
0.0014528756461651	-0.0000632972768140
0.0014528756461651	0.0000379434322145
0.0014621734391273	0.0000380503115040
0.0014781343693889	-0.0000633758911629
0.0014781343693889	0.0000378633011152
0.0014873074071999	0.0000379339673363
0.0015010065391588	-0.0000633488241609
0.0015010065391588	0.0005181376937148
0.0015037344627724	0.3792560711078410
0.0015135077962255	1.7370655178670822
0.0015135077962255	1.7387024833849456
0.0015224222118858	0.8327190302960830
0.0015287636116641	0.1893824817426401
0.0015306164958734	0.0020889106429005
0.0015306419311601	0.0005190769806183
0.0015306419311601	0.0000379340421210
0.0015374092979728	0.0000377403367851
0.0015532239441129	-0.0000637897567757
0.0015532239441129	0.0000371961611025
0.0015600636923126	0.0000379146971286
0.0015649186450734	0.0020379642307885
0.0015649206448043	0.0000374256395523
0.0015782751189564	0.0000371362464163
0.0015849918109886	0.0000378538994223
0.0015875140372375	0.0020378871216219
0.0015875160370903	0.0000375924368885
0.0016010065368275	0.0003129773273660
0.0016010137665774	0.0002129768090874
0.0016010137665774	0.0010364893949695
0.0016037161074248	0.3758170835436751
0.0016135079358137	1.7347122950782285
0.0016135079358137	1.7363469073732427
0.0016224643587130	0.8248124668345469
0.0016287615835262	0.1850708798098742
0.0016305693478425	0.0020855056741767
0.0016305947180206	0.0005186875392899
0.0016305947180206	0.0000376532051671
0.0016374044196634	0.0000374699000659
0.0016532035562745	-0.0000640507106330
0.0016532035562745	0.0000369355872426
0.0016600777768212	0.0000376617786877
0.0016649510809094	0.0020377095437956
0.0016649530806403	0.0000371711977765
0.0016781951971901	0.0000368860144644
0.0016850788583856	0.0000376145794692
0.0016876407780502	0.0020376393079916
0.0016876427779039	0.0000373463415439
0.0017010060344836	0.0003126708380023
0.0017010132648802	0.0010362076822035
0.0017071704464382	0.8536064274144767
0.0017135068258132	1.7321188450567409
0.0017135068258132	1.7337508639018615
0.0017218274535941	0.8856495795481502
0.0017297255984751	0.0821273910606813
0.0017305148532630	0.0020161984239260
0.0017305394720859	0.0005178360364515
0.0017305394720859	0.0000370387586961
0.0017351881925315	0.0000375222059113
0.0017401115034282	0.0020375483415110
0.0017401135031598	0.0000370111689767
0.0017528695859838	0.0000367086935095
0.0017652654752404	0.0000369188955157
0.0017718981971877	0.0000361648298650
0.0017793673120713	0.0000367225189170
0.0017909325848623	0.0000363490369944
0.0017984419012452	0.0000362496297725
0.0018010072361025	0.0010361310670835
0.0018058040026211	0.6649306372464738
0.0018135048691115	1.7329307668456193
0.0018135048691115	1.7345635976124802
0.0018209695523965	0.9746299290618093
0.0018299503109864	0.0580771110490565
0.0018305019012453	0.0020053946702441
0.0018305263787373	0.0005173831080487
0.0018305263787373	0.0000367118482470
0.0018416653685793	0.0000362337222854
0.0018495098184742	-0.0000645900352047
0.0018495098184742	0.0000362642364073
0.0018658705959702	0.0000362718522677
0.0018733665005962	-0.0000646912601649
0.0018733665005962	0.0000361630559164
0.0018814738418293	0.0015180932329203
0.0018814751915962	0.0025185853620694
0.0018814769871951	0.0000373311254914
0.0018880209014823	0.0000370313431416
0.0018967976621924	0.0000360197161340
0.0019010114981182	0.0003122692576598
0.0019010187360892	0.0010359494087607
0.0019083551226422	1.0156178507825473
0.0019135063123636	1.7288128743242328
0.0019135063123636	1.7304415871986363
0.0019184767782396	1.2238368883622550
0.0019292619039482	0.1223407520094859
0.0019304445662897	0.0020224023944575
0.0019304691957628	0.0005171854027507
0.0019304691957628	0.0000365690022110
0.0019338170052225	0.0015173998168587
0.0019338183558122	0.0025178363837304
0.0019338201517180	0.0000374299859718
0.0019387748431168	0.0000368829370545
0.0019455450313124	0.0000359570127263
0.0019538500280908	0.0000370176736659
0.0019627148976486	0.0000369992139763
0.0019724135745651	0.0000359742995401
0.0019799569967009	0.0000366253245818
0.0019907757747214	0.0000365632781360
0.0019956829028690	0.0000359070698713
0.0020010042056744	0.0003118557507369
0.0020010114475662	0.0010356850547817
0.0020052385942856	0.5857436210152858
0.0020135055940823	1.7312602942316020
0.0020135055940823	1.7328914545257330
0.0020213040366082	0.9383663934102956
0.0020297674498987	0.0737927733296580
0.0020304731771625	0.0020105333602807
0.0020304976936376	0.0005172341016095
0.0020304976936376	0.0000366040473032
0.0020403109973353	0.0000361617042933
0.0020476781482379	-0.0000648843595440
0.0020476781482379	0.0000359702441827
0.0020549801037336	0.0015173156375686
0.0020549814538850	0.0025178509017962
0.0020549832496520	0.0000370608916672
0.0020625042787519	0.0000369449021067
0.0020779251555185	0.0000363967905587
0.0020901876040285	0.0000366240171678
0.0020970895372727	0.0000358648441166
0.0021010119251258	0.0003119993283037
0.0021010191670361	0.0010358299326621
0.0021079987845592	0.9658186399214441
0.0021135066070053	1.7280463960902608
0.0021135066070053	1.7296743424862933
0.0021177114984850	1.3006181223844107
0.0021288237700981	0.1650389596659237
0.0021304292266550	0.0020655954183040
0.0021304543345443	0.0005178651781541
0.0021304543345443	0.0000370597458920
0.0021376613322160	0.0000368863613396
0.0021525960658503	-0.0000646683484821
0.0021525960658503	0.0000363066995430
0.0021656349619522	0.0000364852887412
0.0021709775664761	0.0000358005605511
0.0021767104090998	0.0000361212626069
0.0021816956534250	0.0010358813198894
0.0021816976537447	0.0000371245488654
0.0021880800791496	0.0000368051047868
0.0021966732102788	0.0000358045955159
0.0022010059133352	0.0003118305486767
0.0022010131568857	0.0010357235052202
0.0022084459405932	1.0281323208046493
0.0022135062955838	1.7281963614352516
0.0022135062955838	1.7298244577967483
0.0022188942278053	1.1802313219801859
0.0022288555789862	0.1617748977816464
0.0022304245173407	0.0020466148063452
0.0022304493716731	0.0005170181172012
0.0022304493716731	0.0000364479484944
0.0022411429187861	0.0000359964529559
0.0022487350318779	-0.0000649167514853
0.0022487350318779	0.0000359380981331
0.0022580197654723	0.0015174953125990
0.0022580211157234	0.0025179541297364
0.0022580229115028	0.0000371984013899
0.0022634454019236	0.0000367372244824
0.0022710375130966	0.0000357706930720
0.0022797319584890	0.0000369073129517
0.0022881567085804	0.0000367632895760
0.0022965326119963	0.0000357697000217
0.0023010056983712	0.0003117416780601
0.0023010129428925	0.0010356715824846
0.0023086144491051	1.0512611978815551
0.0023135062502332	1.7278905568918668
0.0023135062502332	1.7295183474487528
0.0023230995633081	0.7503239232004929
0.0023295489853550	0.0930574235533357
0.0023304455805543	0.0020196676371981
0.0023304702263532	0.0005177431369487
0.0023304702263532	0.0000369717107761
0.0023378729255037	0.0000367843301751
0.0023470689885063	0.0000357706833194
0.0023529316310129	0.0000362336001803
0.0023655602246364	0.0000360004652289
0.0023729758081854	0.0000358502402978
0.0023805239894594	0.0010361011817946
0.0023805259889040	0.0000369759565146
0.0023876870347586	0.0000367949125922
0.0023974489277127	0.0000357722111901
0.0024010069864627	0.0003118425148430
0.0024010142309367	0.0010357710034374
0.0024076575856996	0.9190612155222885
0.0024135068339977	1.7283319149549619
0.0024135068339977	1.7299601468699239
0.0024205234704004	1.0141758267029706
0.0024290320920153	0.1441296279630172
0.0024304309979411	0.0020477908447221
0.0024304559170677	0.0005176961963557
0.0024304559170677	0.0000369377669895
0.0024378819149188	0.0000367510335374
0.0024470485862278	0.0000357377108376
0.0024529082018878	0.0000361979936582
0.0024656027381484	0.0000359653159514
0.0024730271150241	0.0000358223613799
0.0024806300074110	0.0010360836132872
0.0024806320068623	0.0000369549910414
0.0024877211563952	0.0000367615747891
0.0024973742757468	0.0000357404527635
0.0025010068952516	0.0003117746598824
0.0025010141405110	0.0010357330448528
0.0025077195115770	0.9275213137690290
0.0025135068238521	1.7281211871166577
0.0025135068238521	1.7297492083037371
0.0025204174277344	1.0246586377392750
0.0025287821775135	0.1691767945620318
0.0025304272328013	0.0020684774454588
0.0025304523538367	0.0005176733662531
0.0025304523538367	0.0000369212143825
0.0025377089333607	0.0000367474301003
0.0025474012260400	0.0000357274135501
0.0025533090876190	0.0000362359852073
0.0025657827100604	0.0000363273680432
0.0025706538008315	0.0000356759651977
0.0025779124885117	0.0000366515862797
0.0025877706266893	0.0000367279102632
0.0025972714430633	0.0000357102324391
0.0026010067736116	0.0003117079663022
0.0026010140196019	0.0010356941552419
0.0026078050017716	0.9392428469811130
0.0026135068073655	1.7279145832468181
0.0026135068073655	1.7295423978299849
0.0026202827947809	1.0380719222171764
0.0026285220937382	0.1952861095166663
0.0026304236575848	0.0020947414979089
0.0026304490360131	0.0005176579491363
0.0026304490360131	0.0000369100037162
0.0026375232629762	0.0000367479571303
0.0026528683093831	-0.0000647783168371
0.0026528683093831	0.0000362028709670
0.0026652499511283	0.0000364304130276
0.0026719006234262	0.0000356824132875
0.0026777397549617	0.0000361251030717
0.0026909067004597	0.0000358938705313
0.0026984133621557	0.0000358002442522
0.0027010072477770	0.0010358349636689
0.0027057289064883	0.6534996963357060
0.0027135050079724	1.7302214013050188
0.0027135050079724	1.7318515227063231
0.0027210414711945	0.9630300501950699
0.0027298238732932	0.0648566310990383
0.0027304409155797	0.0020070721203707
0.0027304653669426	0.0005168303944547
0.0027304653669426	0.0000363122668229
0.0027413396685667	0.0000358577406776
0.0027490102112787	-0.0000650179099846
0.0027490102112787	0.0000358371951361
0.0027679614653988	0.0000363502283640
0.0027790522401089	-0.0000645042734523
0.0027790522401089	0.0000367490622671
0.0027877190119412	0.0000367170851912
0.0027973794059030	0.0000356989238056
0.0028010034203753	0.0003116941296891
0.0028010106667024	0.0010356931935098
0.0028076982494065	0.9249301163332376
0.0028135068404124	1.7283597599631717
0.0028135068404124	1.7299880197231543
0.0028204356459813	1.0229086131661671
0.0028288188818714	0.1653763284495723
0.0028304262552544	0.0020650751279326
0.0028304513383289	0.0005176172129060
0.0028304513383289	0.0000368806611790
0.0028377363165619	0.0000367057799048
0.0028473555331640	0.0000356879410136
0.0028532568265632	0.0000361910088513
0.0028658426241577	0.0000362778077345
0.0028705267889328	0.0000356404888255
0.0028777193718351	0.0000365985499109
0.0028876732334608	0.0000367066216187
0.0029010046488262	0.0003113080966406
0.0029010118954803	0.0002113080086296
0.0029010118954803	0.0010349490807143
0.0029076087573760	0.9123680817709467
0.0029135068737304	1.7281660695135486
0.0029135068737304	1.7297941355830808
0.0029205761360845	1.0083754965653435
0.0029291563444908	0.1306887866527099
0.0029304225448284	0.0020384995578938
0.0029304473635890	0.0005175831839458
0.0029304473635890	0.0000368561588810
0.0029379689560907	0.0000366645702985
0.0029468733939396	0.0000356578668249
0.0029527089505173	0.0000360961588836
0.0029659811280951	0.0000358636561790
0.0029735098695157	0.0000357826414002
0.0029819490299815	0.0010361643453381
0.0029819510294940	0.0000369909113314
0.0029881336311359	0.0000366452053509
0.0029965633031116	0.0000356495107864
0.0030010057396503	0.0003115066270072
0.0030010129872964	0.0010355555695143
0.0030085689703343	1.0445343561342368
0.0030135062648235	1.7271694002810911
0.0030135062648235	1.7287964696813325
0.0030232164342929	0.7371763493841953
0.0030297508476391	0.0708800819470192
0.0030304287530830	0.0020110102069772
0.0030304533008411	0.0005175783444032
0.0030304533008411	0.0000368527035972
0.0030379842178142	0.0000366600180743
0.0030468435090380	0.0000356550729140
0.0030526751212596	0.0000360899193170
0.0030660505570954	0.0000358572879601
0.0030736040196673	0.0000357877872412
0.0030823299393887	0.0010362029531192
0.0030823319389143	0.0000370170185794
0.0030882442697806	0.0000366298200754
0.0030963670754159	0.0000356441296548
0.0031010054190014	0.0003114656810035
0.0031010126669153	0.0010355247369795
0.0031088270739300	1.0801150437542315
0.0031135062020735	1.7269960976831327
0.0031135062020735	1.7286229937807851
0.0031225013012851	0.8095913218231872
0.0031286510488342	0.1824735099017035
0.0031304264697383	0.0020857852576467
0.0031304517581364	0.0005176352490585
0.0031304517581364	0.0000368935835041
0.0031373096916342	0.0000367429169442
0.0031533232257988	-0.0000647397894980
0.0031533232257988	0.0000362514419408
0.0031598857508724	0.0000369827118695
0.0031647140995466	0.0020370698299609
0.0031647160992767	0.0000365297999177
0.0031779439516078	0.0000366144865574
0.0031871568511148	0.0000367486855977
0.0032010067543067	0.0003113427288638
0.0032010140057407	0.0002113423038406
0.0032010140057407	0.0010354497789786
0.0032039738778261	0.4102129121150671
0.0032135076604041	1.7293996447680791
0.0032135076604041	1.7310289444128031
0.0032222600903790	0.8365276470572520
0.0032284000716096	0.2102921575127026
0.0032304486455444	0.0021169128133798
0.0032304742386431	0.0005176132143951
0.0032304742386431	0.0000368775885098
0.0032371478852980	0.0000367302255503
0.0032530112591079	-0.0000646536972825
0.0032530112591079	0.0000365923974090
0.0032621968305483	0.0000367149550242
0.0032778739732005	-0.0000646788280573
0.0032778739732005	0.0000365684506426
0.0032871299680649	0.0000367114587846
0.0033010068116242	-0.0000644918442398
0.0033010068116242	0.0005164241245760
0.0033040567295625	0.4220600638505919
0.0033135075051806	1.7296062493549766
0.0033135075051806	1.7312357556042677
0.0033221844741880	0.8442210564883528
0.0033283190554807	0.2184043127141266
0.0033304469218263	0.0021271674806535
0.0033304726118088	0.0005175631938139
0.0033304726118088	0.0000368414261069
0.0033370916610503	0.0000366959630401
0.0033531718850240	-0.0000646781309162
0.0033531718850240	0.0000365673748300
0.0033622792917945	0.0000366662685284
0.0033783922658247	-0.0000648078796282
0.0033783922658247	0.0000361851527681
0.0033847946389902	0.0000369111133602
0.0033895862038067	0.0020370156740594
0.0033895882035365	0.0000364748367840
0.0034010069535388	0.0003112780925446
0.0034010142061324	0.0002112777385684
0.0034010142061324	0.0010357848021677
0.0034042786264862	0.4521396899082389
0.0034135071285213	1.7289057433269732
0.0034135071285213	1.7305345490702222
0.0034220145747211	0.8606365992321123
0.0034296559377955	0.0807495415368756
0.0034304291885703	0.0020165831932541
0.0034304537430220	0.0005169575903632
0.0034304537430220	0.0000364039344822
0.0034349223551315	0.0000368995927620
0.0034397685750896	0.0020369799578944
0.0034397705748199	0.0000364403326383
0.0034528041339855	0.0000365247599723
0.0034620841493018	0.0000366820208725
0.0034781837539182	0.0000365562493553
0.0034872818345782	0.0000366550932889
0.0035010064729333	0.0003113051858252
0.0035010137217763	0.0010349604434300
0.0035069559365665	0.8217829578534057
0.0035135070200782	1.7278313204563596
0.0035135070200782	1.7294590517768424
0.0035224750646977	0.8127602432738231
0.0035286196842983	0.1858786824106512
0.0035304277609934	0.0020892948246496
0.0035304530739049	0.0005175100123473
0.0035304530739049	0.0000368030996766
0.0035372937824626	0.0000366538744443
0.0035533531861129	-0.0000648223716148
0.0035533531861129	0.0000361698118205
0.0035598435586698	0.0000369001823551
0.0035646588998931	0.0020369956273983
0.0035646608996231	0.0000364552041684
0.0035780796693880	0.0000365463289485
0.0035872220818259	0.0000366622040317
0.0036010066120259	0.0003111410300078
0.0036010138659079	0.0002111405627430
0.0036010138659079	0.0010353444039631
0.0036037726414803	0.3823524201959180
0.0036135080666476	1.7289844791384539
0.0036135080666476	1.7306133636175154
0.0036224431554939	0.8172375654696709
0.0036285934258401	0.1897525058029539
0.0036304394964886	0.0020931797473161
0.0036304648469297	0.0005175012174396
0.0036304648469297	0.0000367967377920
0.0036372812762746	0.0000366463973613
0.0036533841017285	-0.0000648263294154
0.0036533841017285	0.0000361665767545
0.0036598003870837	0.0000368938656835
0.0036645984895541	0.0020369971148172
0.0036646004892838	0.0000364562575482
0.0036782416186552	0.0000365508685304
0.0036873058850332	0.0000366421757958
0.0037010063631236	0.0003112738845339
0.0037010136122224	0.0010352995631039
0.0037069932198394	0.8269126257578765
0.0037135070137578	1.7277587693735319
0.0037135070137578	1.7293864281428861
0.0037223055588148	0.8298629699525997
0.0037284271496858	0.2052853018334939
0.0037304258068273	0.0021113898719248
0.0037304513372635	0.0005175108825076
0.0037304513372635	0.0000368036688393
0.0037371623148524	0.0000366599080083
0.0037529554169738	-0.0000647251439693
0.0037529554169738	0.0000365218020573
0.0037621663040475	0.0000366553602335
0.0037779489407816	-0.0000647298089324
0.0037779489407816	0.0000365172083226
0.0037871629422031	0.0000366518403153
0.0038010067382164	-0.0000645616081750
0.0038010067382164	0.0005163274833213
0.0038039458315223	0.4066887268373692
0.0038135077272710	1.7293145935994245
0.0038135077272710	1.7309438081930311
0.0038222860816439	0.8334121660930724
0.0038284198771462	0.2075371003617239
0.0038304404932708	0.0021135976493436
0.0038304660436216	0.0005174884645480
0.0038304660436216	0.0000367874704045
0.0038371633780371	0.0000366410159221
0.0038529574757623	-0.0000647445872443
0.0038529574757623	0.0000365023104886
0.0038621695269678	0.0000366346379572
0.0038779396020200	-0.0000647518960684
0.0038779396020200	0.0000364951724333
0.0038871603452335	0.0000366303361570
0.0039010067434903	-0.0000645828941773
0.0039010067434903	0.0005162993447483
0.0039039526071446	0.4075899436800707
0.0039135077174163	1.7291734297115615
0.0039135077174163	1.7308025031411085
0.0039222779764556	0.8339967791222317
0.0039284078938967	0.2084510193369308
0.0039304372746809	0.0021147969143487
0.0039304628345172	0.0005174598824867
0.0039304628345172	0.0000367668151800
0.0039371549406399	0.0000366213474052
0.0039529782424401	-0.0000647621959080
0.0039529782424401	0.0000364846379871
0.0039621792831377	0.0000366143435982
0.0039779100718384	-0.0000647733886100
0.0039779100718384	0.0000364740218561
0.0039871448667126	0.0000366141157597
0.0040010067739322	-0.0000645933106319
0.0040010067739322	0.0005162805063260
0.0040039957427918	0.4135112059314910
0.0040135076406318	1.7290553342268926
0.0040135076406318	1.7306842895610888
0.0040222415761695	0.8374960103633629
0.0040283664409294	0.2124122123532006
0.0040304345623409	0.0021197979938048
0.0040304601698209	0.0005174405878179
0.0040304601698209	0.0000367528597295
0.0040371256982780	0.0000366089610637
0.0040530592962131	-0.0000647689375673
0.0040530592962131	0.0000364774420810
0.0040622195134620	0.0000365953232098
0.0040777997732705	-0.0000647990545301
0.0040777997732705	0.0000364495322881
0.0040870889949442	0.0000366066488179
0.0041010068858203	-0.0000645803078788
0.0041010068858203	0.0005162860384128
0.0041041648251949	0.4368017096078095
0.0041135073338593	1.7289285098740135
0.0041135073338593	1.7305573383840067
0.0041220998866905	0.8516799227646578
0.0041296609289613	0.0797220705073126
0.0041304238461959	0.0020165639180415
0.0041304483935819	0.0005168688356578
0.0041304483935819	0.0000363397337523
0.0041347847685580	0.0000368332702809
0.0041395772360191	0.0020369399430560
0.0041395792357487	0.0000363989199971
0.0041532964191200	0.0000364974489633
0.0041623310421690	0.0000365820508530
0.0041782652494416	0.0000360902930863
0.0041849509018082	0.0000368293528872
0.0041875019604638	0.0020368687887080
0.0041875039603165	0.0000365739677978
0.0042010065350033	0.0003110015535061
0.0042010137906158	0.0002110010680682
0.0042010137906158	0.0010354997999851
0.0042036689767564	0.3679847116919605
0.0042125103713420	1.5941673135230929
0.0042135065495395	1.7320308403207825
0.0042135065495395	1.7304744365339895
0.0042225501387700	0.8058364653612975
0.0042287161798763	0.1765901805289929
0.0042304324795434	0.0020795941073012
0.0042304576898434	0.0005174205403347
0.0042304576898434	0.0000367384801079
0.0042373630771450	0.0000365861907948
0.0042531987277110	-0.0000649024736077
0.0042531987277110	0.0000360864472224
0.0042600376460236	0.0000368306616900
0.0042649304071374	0.0020368891686355
0.0042649324068683	0.0000363506172821
0.0042781912709903	0.0000360940837226
0.0042850406499342	0.0000368394363471
0.0042876235062632	0.0020368696696096
0.0042876255061166	0.0000365762711328
0.0043010060604693	0.0003111814763546
0.0043010133103750	0.0010354629241114
0.0043070889258684	0.8400635777836936
0.0043135070078803	1.7275418758619228
0.0043135070078803	1.7291693177377399
0.0043218963408738	0.8710995015944438
0.0043296310466552	0.0815075712523458
0.0043304115309406	0.0020162885271656
0.0043304360763995	0.0005168785580093
0.0043304360763995	0.0000363468205372
0.0043351364625159	0.0000368494713192
0.0043400669834456	0.0020368883772008
0.0043400689831770	0.0000363508202110
0.0043529222957327	0.0000360742907516
0.0043651600214664	0.0000363172101310
0.0043721153248077	0.0000355601305106
0.0043796073040096	0.0000361703822872
0.0043904586887741	0.0000358094533278
0.0043978572061199	0.0000356477191507
0.0044010072518657	0.0010355397332809
0.0044048551162774	0.5326394819587026
0.0044135061923996	1.7297035792911299
0.0044135061923996	1.7313331828704541
0.0044215828442865	0.9051723817261252
0.0044296504717363	0.0816289944290203
0.0044304320861240	0.0020146228129986
0.0044304566125832	0.0005168438285109
0.0044304566125832	0.0000363217997437
0.0044404765012568	0.0000362644307466
0.0044463258225144	0.0000355536242455
0.0044520926966984	0.0000359230672697
0.0044587363984253	0.0010358354386496
0.0044587383988142	0.0000370084322704
0.0044637183390073	0.0000364763207009
0.0044706149255245	0.0000355509045784
0.0044778508582263	0.0000365239285053
0.0044877331250064	0.0000366137454465
0.0044973398068632	0.0000355971622110
0.0045010068638966	0.0003114897726651
0.0045010141128457	0.0010355886581716
0.0045077274207293	0.9281449913546650
0.0045135068518661	1.7272466870995280
0.0045135068518661	1.7288738337865117
0.0045203800884225	1.0271247787047360
0.0045286751094525	0.1782093871490150
0.0045304078765417	0.0020772528379316
0.0045304330701398	0.0005174997398989
0.0045304330701398	0.0000367957554710
0.0045376394148995	0.0000366304470128
0.0045526207626921	-0.0000649118707893
0.0045526207626921	0.0000360644586988
0.0045655832541248	0.0000362586655248
0.0045710748055766	0.0000355673551319
0.0045768149550062	0.0000359045341545
0.0045820874753137	0.0010356962606206
0.0045820894756467	0.0000369268162604
0.0045881811308293	0.0000365669334489
0.0045964761472947	0.0000355778598642
0.0046010056029467	0.0003113535271657
0.0046010128524818	0.0010354743478376
0.0046086600048379	1.0568261541938722
0.0046135062441600	1.7266841022552359
0.0046135062441600	1.7283106863573741
0.0046229022340138	0.7682784379476703
0.0046291761941555	0.1283322945989966
0.0046304188804754	0.0020397328022941
0.0046304437062315	0.0005175179207702
0.0046304437062315	0.0000368089496442
0.0046376426218152	0.0000366428321081
0.0046526155155811	-0.0000648988744793
0.0046526155155811	0.0000360773071729
0.0046655878047333	0.0000362710383473
0.0046710625499300	0.0000355804910777
0.0046768016164167	0.0000359158854010
0.0046820447679192	0.0010357041728864
0.0046820467682510	0.0000369360026780
0.0046881694810942	0.0000365800040509
0.0046964975684224	0.0000355888796115
0.0047010056376293	0.0003113776222018
0.0047010128868777	0.0010354875345794
0.0047086397671106	1.0540742180400529
0.0047135062484253	1.7267595896428172
0.0047135062484253	1.7283862492324540
0.0047229731597951	0.7611952302864400
0.0047292894038781	0.1169680978594417
0.0047304204028807	0.0020324753829376
0.0047304451577051	0.0005175242470105
0.0047304451577051	0.0000368135426956
0.0047377115500343	0.0000366427698448
0.0047473870828752	0.0000356258732687
0.0047532923311970	0.0000361350593032
0.0047657943388820	0.0000362293305202
0.0047706212432916	0.0000355819390796
0.0047778605196433	0.0000365551497714
0.0047877394195523	0.0000366426746952
0.0047973428268207	0.0000356261881274
0.0048010068670180	0.0003115473740616
0.0048010141152152	0.0010356176404231
0.0048077284486258	0.9283825700579148
0.0048135068461316	1.7274237886599533
0.0048135068461316	1.7290511124486230
0.0048203827169673	1.0271284775286706
0.0048286866579944	0.1774147845190376
0.0048304118431894	0.0020764250786990
0.0048304370315315	0.0005175359946107
0.0048304370315315	0.0000368219520140
0.0048376462844105	0.0000366553787068
0.0048526092947646	-0.0000648886800991
0.0048526092947646	0.0000360873371149
0.0048656006271798	0.0000362786202513
0.0048710369812420	0.0000355903333353
0.0048767736915854	0.0000359223326423
0.0048819286053102	0.0010357022058991
0.0048819306056380	0.0000369381124840
0.0048881358713081	0.0000365953436321
0.0048965586178210	0.0000356019351491
0.0049010057358505	0.0003114133129802
0.0049010129847145	0.0010355086259954
0.0049085589911603	1.0429843928882518
0.0049135062701985	1.7268867476500234
0.0049135062701985	1.7285135343977982
0.0049232157168222	0.7367534427903029
0.0049297367994875	0.0716787240134782
0.0049304224204451	0.0020113007598019
0.0049304469665731	0.0005175203776515
0.0049304469665731	0.0000368108225087
0.0049379739588891	0.0000366203014234
0.0049468604090722	0.0000356154945759
0.0049526939739770	0.0000360533548890
0.0049660064886776	0.0000358226724784
0.0049735450349148	0.0000357467152847
0.0049820830639426	0.0010361415740608
0.0049820850634594	0.0000369636823280
0.0049881702624521	0.0000366038630016
0.0049964953730263	0.0000356120106405
0.0050010056307812	0.0003114225613709
0.0050010128794368	0.0010355099082085
0.0050086490146014	1.0554356948319763
0.0050135062450650	1.7268957764944766
0.0050135062450650	1.7285225722708590
0.0050229587105428	0.7629010013930682
0.0050292707688806	0.1191661305010749
0.0050304234999276	0.0020337841373680
0.0050304482699709	0.0005175541297456
0.0050304482699709	0.0000368351285643
0.0050377011272149	0.0000366643719460
0.0050474107278016	0.0000356467656829
0.0050533193807191	0.0000361588018442
0.0050657634220826	0.0000362553676968
0.0050706875635424	0.0000356008550805
0.0050779659165784	0.0000365835104839
0.0050877927926404	0.0000366535776885
0.0050972202065919	0.0000356382310216
0.0051010067082802	0.0003115614589317
0.0051010139561210	0.0010356180994748
0.0051078432349801	0.9442873526899105
0.0051135067937361	1.7274605427761531
0.0051135067937361	1.7290879033190261
0.0051174327361171	1.3279909346564163
0.0051287609271684	0.1691863595760579
0.0051304054530347	0.0020715567851476
0.0051304305967347	0.0005175773424218
0.0051304305967347	0.0000368518031470
0.0051374754518896	0.0000366948385627
0.0051529606671781	-0.0000648230965074
0.0051529606671781	0.0000361602516694
0.0051651273782952	0.0000364016811119
0.0051722284661023	0.0000356395168399
0.0051781118202163	0.0000361275461707
0.0051902700184435	0.0000359006719750
0.0051976352291644	0.0000357095623962
0.0052010072503858	0.0010357500101973
0.0052045790255887	0.4946686636669776
0.0052135066121497	1.7302084272692031
0.0052135066121497	1.7318385356964714
0.0052217787598921	0.8861035623263365
0.0052296561652709	0.0822990839352849
0.0052304447358943	0.0020159741097695
0.0052304692867514	0.0005169880713639
0.0052304692867514	0.0000364260405516
0.0052353404238407	0.0000369264688705
0.0052403304727673	0.0020369267587369
0.0052403324724995	0.0000363907631693
0.0052473335420187	0.0000356501568855
0.0052548585315168	0.0000362967515236
0.0052658624840464	0.0000362400694259
0.0052704782311544	0.0000356081370403
0.0052776497560544	0.0000365602992367
0.0052876370174902	0.0000366804521461
0.0053010048221854	0.0003112656708057
0.0053010120695709	0.0002112656047020
0.0053010120695709	0.0010349338635071
0.0053075427433291	0.9031435301919766
0.0053135068945225	1.7280093070696319
0.0053135068945225	1.7296372163765652
0.0053206944675129	0.9960828254897387
0.0053295516873403	0.0899892334796706
0.0053304174595539	0.0020169697761536
0.0053304420623319	0.0005175310817536
0.0053304420623319	0.0000368185935749
0.0053382206766214	0.0000366048252100
0.0053464086784907	0.0000356185528199
0.0053521854802091	0.0000359965413270
0.0053680634748769	0.0000362598200437
0.0053785070211527	0.0000366544705590
0.0053874317120305	0.0000367060812133
0.0054010058037314	0.0003113674489827
0.0054010130508776	0.0010353281326847
0.0054071943247513	0.8549617897533053
0.0054135069592836	1.7281566270403310
0.0054135069592836	1.7297846836673541
0.0054215761949983	0.9046521295669425
0.0054296438006549	0.0813890204654331
0.0054304233196211	0.0020145011716865
0.0054304478521060	0.0005169372483076
0.0054304478521060	0.0000363893549861
0.0054404891071300	0.0000363302518151
0.0054462894048992	0.0000356208789568
0.0054520526995195	0.0000359843904844
0.0054583928673759	0.0010358702325235
0.0054583948677474	0.0000370606072808
0.0054635357890327	0.0000365654457543
0.0054708891864573	0.0000356137569586
0.0054782297128980	0.0000360150309997
0.0054814016022105	0.0010355199596981
0.0054814036028154	0.0000369226831844
0.0054879798196709	0.0000366388207594
0.0054968517351829	0.0000356333139451
0.0055010061879439	0.0003115140783100
0.0055010134358920	0.0010355746454710
0.0055082191519040	0.9962102752555553
0.0055135063919626	1.7272598126056025
0.0055135063919626	1.7288869724182045
0.0055182806685188	1.2413533146099955
0.0055292844842755	0.1155457533481623
0.0055304016356134	0.0020282854660901
0.0055304263505776	0.0005175414065523
0.0055304263505776	0.0000368260369266
0.0055382133288993	0.0000366136511963
0.0055464200149323	0.0000356254075290
0.0055521981620946	0.0000360039351670
0.0055680566125342	0.0000362684106103
0.0055785553342646	0.0000366635685558
0.0055874565009007	0.0000367078201985
0.0056010056900614	0.0003113649188147
0.0056010129371036	0.0010353212117491
0.0056072343128917	0.8605075514112932
0.0056135069517169	1.7281699211946002
0.0056135069517169	1.7297979911157453
0.0056214524871997	0.9192484976610981
0.0056296776863465	0.0778839244525327
0.0056304227285927	0.0020125635588292
0.0056304472395447	0.0005169046233823
0.0056304472395447	0.0000363658070776
0.0056407580346002	0.0000362707704554
0.0056456956031623	0.0000356150509604
0.0056514061651752	0.0000359048438287
0.0056558610685822	0.0010356091579128
0.0056558630688712	0.0000368857618465
0.0056628002494863	0.0000366660943163
0.0056722060108799	0.0000356507856963
0.0056797121215904	0.0000362729602289
0.0056903087324371	0.0000359043442772
0.0056976781605672	0.0000357178620625
0.0057010072501522	0.0010356089582534
0.0057046318168440	0.5019658394708278
0.0057135065239764	1.7302302858567427
0.0057135065239764	1.7318604161426578
0.0057217350729374	0.8905738620052503
0.0057296565169681	0.0822833107486307
0.0057304449267386	0.0020157259309356
0.0057304694748607	0.0005169841587824
0.0057304694748607	0.0000364232247206
0.0057401747552171	0.0000364021278384
0.0057471002232077	0.0000356452424614
0.0057529663894121	0.0000361156701820
0.0057655003884026	0.0000358890777344
0.0057729059017528	0.0000357331586278
0.0057803867773996	0.0010359761060891
0.0057803887768343	0.0000368554989841
0.0057876294907322	0.0000366941468629
0.0058010048521311	0.0003112905377090
0.0058010120992215	0.0002112904731832
0.0058010120992215	0.0010361200733041
0.0058075370696060	0.9023944247134383
0.0058135068902691	1.7280793604758367
0.0058135068902691	1.7297073398363090
0.0058207119887706	0.9944077043537863
0.0058296228237416	0.0828829308615777
0.0058304187362851	0.0020142032089174
0.0058304433128036	0.0005175435750269
0.0058304433128036	0.0000368276301997
0.0058382635193926	0.0000366102821707
0.0058463347125305	0.0000356291224984
0.0058521031158531	0.0000359982815477
0.0058590449551250	0.0010359299643129
0.0058590469555360	0.0000370802550935
0.0058639683153282	0.0000365083189978
0.0058702644576639	0.0000356184822775
0.0058773658765876	0.0000365401936215
0.0058875061399458	0.0000367037603178
0.0059010054625810	0.0003113427367476
0.0059010127096486	0.0010349955453190
0.0059073171522955	0.8719663163276665
0.0059135069344655	1.7281396043243529
0.0059135069344655	1.7297676439286227
0.0059212138174272	0.9434628225188975
0.0059297306306705	0.0722674389775747
0.0059304203891923	0.0020096669649164
0.0059304448660754	0.0005168312767461
0.0059304448660754	0.0000363128459825
0.0059406450761162	0.0000358760200371
0.0059480819573181	-0.0000651136096730
0.0059480819573181	0.0000357415504056
0.0059557485377085	0.0015170530308044
0.0059557498879786	0.0025175656383205
0.0059557516837846	0.0000368835097370
0.0059627559459040	0.0000366771909091
0.0059722951310476	0.0000356588718677
0.0059817882388764	0.0000364681648030
0.0059909276282993	0.0000362319749512
0.0059953563833021	0.0000356149518841
0.0060010035898878	0.0003112066011519
0.0060010108398805	0.0002112065693297
0.0060010108398805	0.0010353443799626
0.0060047554710462	0.5185369943673489
0.0060135063358594	1.7297005340359874
0.0060135063358594	1.7313301345700807
0.0060216440796935	0.8992639331620672
0.0060296538790727	0.0819340162025962
0.0060304388064615	0.0020150841537712
0.0060304633465198	0.0005169612556943
0.0060304633465198	0.0000364066926982
0.0060403493036450	0.0000363637927191
0.0060466405832204	0.0000356309309809
0.0060524458589929	0.0000360399868349
0.0060666993304153	0.0000357973931911
0.0060745774578092	0.0000358453958236
0.0060907173831746	0.0000358789800922
0.0060981759964537	-0.0000651006601979
0.0060981759964537	0.0000357544876107
0.0061010072489924	0.0010362087303574
0.0061053139410221	0.5961459714673438
0.0061135055284897	1.7301355832805050
0.0061135055284897	1.7317656188637671
0.0061212756719413	0.9390820845251795
0.0061297343856925	0.0738767473866775
0.0061304400161142	0.0020104190082438
0.0061304645029984	0.0005168653286259
0.0061304645029984	0.0000363374502683
0.0061404423627439	0.0000359027714161
0.0061478336076559	-0.0000651174652693
0.0061478336076559	0.0000357376595481
0.0061552514075308	0.0015170133483738
0.0061552527577819	0.0025175406012981
0.0061552545535856	0.0000368520549218
0.0061625833870048	0.0000367072843854
0.0061777367929126	0.0000361483478521
0.0061904298619386	0.0000363571344281
0.0061964451251409	0.0000356370129347
0.0062010109594595	0.0003114671237824
0.0062010182074544	0.0010355293069047
0.0062087080407322	1.0629328865460352
0.0062135062310399	1.7262840501622139
0.0062135062310399	1.7279102342124200
0.0062227790023191	0.7806709547489993
0.0062289990341834	0.1464039279930014
0.0062304198036484	0.0020529516213979
0.0062304447668119	0.0005176105422665
0.0062304447668119	0.0000368758245695
0.0062375310886500	0.0000367153548679
0.0062528469585099	-0.0000648100836841
0.0062528469585099	0.0000361707445850
0.0062652733164465	0.0000363973868882
0.0062718329369553	0.0000356531111574
0.0062776628873942	0.0000360872856142
0.0062910620606418	0.0000358545711017
0.0062986210973754	0.0000357863390918
0.0063010072481851	0.0010358185733044
0.0063062031770780	0.7188961034521101
0.0063135044926672	1.7299048913978725
0.0063135044926672	1.7315346962892957
0.0063208064927996	0.9864400018045928
0.0063299542700080	0.0507831996388854
0.0063304329848289	0.0020036991570863
0.0063304573936509	0.0005167073163230
0.0063304573936509	0.0000362233339727
0.0063337858190583	0.0015169221513604
0.0063337871697678	0.0025173609212396
0.0063337889657219	0.0000370879451862
0.0063387592615504	0.0000365480184925
0.0063455579068077	0.0000356261407490
0.0063538647897594	0.0000366994240938
0.0063626999890383	0.0000366880595514
0.0063724169631907	0.0000356690872127
0.0063799568104882	0.0000363282880636
0.0063907594201975	0.0000362766131208
0.0063956998117781	0.0000356208380696
0.0064010042374951	0.0003112961498242
0.0064010114867443	0.0010354057705666
0.0064052532257863	0.5871638854141725
0.0064135056182082	1.7295207988226307
0.0064135056182082	1.7311502196214483
0.0064213145178952	0.9345056314646687
0.0064297172749127	0.0750000234362064
0.0064304339376723	0.0020109448726207
0.0064304584300840	0.0005168701152404
0.0064304584300840	0.0000363408986358
0.0064403217544081	0.0000359081641850
0.0064476932466679	-0.0000651315595982
0.0064476932466679	0.0000357235678177
0.0064550062391449	0.0015169775380268
0.0064550075893879	0.0025175125048610
0.0064550093851912	0.0000368226974355
0.0064625019190752	0.0000367084048484
0.0064779066427738	0.0000361674008886
0.0064901998193633	0.0000364010188326
0.0064970331771475	0.0000356471362709
0.0065010118560291	0.0003115636802715
0.0065010191035726	0.0010356089254246
0.0065080242388327	0.9685901964833027
0.0065135065945111	1.7266999348540844
0.0065135065945111	1.7283265347890140
0.0065178306132645	1.2866996297803925
0.0065288291491615	0.1615820577832896
0.0065303990418641	0.0020621281119529
0.0065304240933789	0.0005175851230161
0.0065304240933789	0.0000368574832825
0.0065377386949619	0.0000366853938578
0.0065473298132785	0.0000356663017447
0.0065532273757300	0.0000361655852675
0.0065658806984285	0.0000362486234346
0.0065704507091642	0.0000356203261719
0.0065776111120959	0.0000365682477708
0.0065876193571920	0.0000366940651831
0.0066010049117265	0.0003112964471304
0.0066010121588011	0.0002112963913536
0.0066010121588011	0.0010349525278609
0.0066075120624321	0.8989363531840814
0.0066135068985954	1.7280896642923318
0.0066135068985954	1.7297176539567771
0.0066207577149195	0.9897729219292155
0.0066298658593335	0.0580975093883431
0.0066304179309800	0.0020065617916337
0.0066304424319023	0.0005175385139771
0.0066304424319023	0.0000368240123404
0.0066384047838062	0.0000365896568853
0.0066460974663163	0.0000356222316429
0.0066518405905043	0.0000359605255792
0.0066571934944673	0.0010357582846260
0.0066571954948038	0.0000369849590967
0.0066632205382365	0.0000366122592821
0.0066714100180334	0.0000356258384598
0.0066788064283182	0.0000361119145623
0.0066930623492783	0.0000362671599403
0.0067010070912521	0.0003114694960598
0.0067010143415789	0.0002114691949500
0.0067010143415789	0.0010357475999777
0.0067045275179195	0.4865900619525815
0.0067135066994767	1.7292735023844432
0.0067135066994767	1.7309026758868316
0.0067218287325437	0.8801272638510145
0.0067296502474738	0.0820685662498243
0.0067304366106890	0.0020161579200353
0.0067304611650382	0.0005170099481438
0.0067304611650382	0.0000364418428076
0.0067352468735188	0.0000369419496493
0.0067402085284073	0.0020369597252817
0.0067402105281391	0.0000364230282136
0.0067526567562448	0.0000361270669040
0.0067655265529645	0.0000363273047783
0.0067712017532018	0.0000356246516619
0.0067785736061164	0.0000360773020348
0.0067827487243663	0.0010356678218308
0.0067827507250156	0.0000370244873509
0.0067883727395581	0.0000365933564589
0.0067961500764581	0.0000356223789627
0.0068010050525225	0.0003113868344330
0.0068010123011763	0.0010354739743315
0.0068062358809153	0.7226637647244540
0.0068135044721970	1.7290776031472661
0.0068135044721970	1.7307065807503306
0.0068207861166472	0.9876149629743569
0.0068299546390897	0.0497555485510090
0.0068304232199881	0.0020721632815820
0.0068304483659006	0.0005175289829281
0.0068304483659006	0.0000368170687911
0.0068385216997996	0.0000365675392083
0.0068459111831958	0.0000356140808584
0.0068516373134597	0.0000359293383235
0.0068564724327531	0.0010356756663704
0.0068564744330652	0.0000369280052788
0.0068630021330427	0.0000366359717529
0.0068718091275633	0.0000356319531200
0.0068792583978120	0.0000361855744655
0.0068911443003525	0.0000358286433408
0.0068987323002564	0.0000357753157625
0.0069010072485068	0.0010356578528571
0.0069065411144269	0.7654858367240082
0.0069135041599036	1.7296795329464016
0.0069135041599036	1.7313091124793520
0.0069206714429154	0.9998471811181450
0.0069294988499017	0.0968278952395607
0.0069304319103100	0.0020198412711198
0.0069304565420458	0.0005175400323698
0.0069304565420458	0.0000368250512177
0.0069381911847466	0.0000366125580471
0.0069464624414862	0.0000356235125790
0.0069522456322118	0.0000360083476151
0.0069680055566597	0.0000362874406593
0.0069788302489503	0.0000366861720105
0.0069875969566324	0.0000366893382188
0.0070010050199609	0.0003112952176516
0.0070010122671651	0.0002112951768057
0.0070010122671651	0.0010352550467770
0.0070074693714972	0.8930150112359989
0.0070135069113147	1.7280714499288228
0.0070135069113147	1.7296994213787462
0.0070208417050508	0.9812002789902385
0.0070299048625439	0.0541133908965108
0.0070304162302677	0.0020043182038970
0.0070304406443422	0.0005166966752173
0.0070304406443422	0.0000362156248693
0.0070430927269252	0.0000362523797102
0.0070533456022824	-0.0000646008884180
0.0070533456022824	0.0000366443743343
0.0070623529974368	0.0000367195404941
0.0070782276879336	-0.0000647715205662
0.0070782276879336	0.0000362176366833
0.0070850067294861	0.0000369570146996
0.0070898802912955	0.0020370209521652
0.0070898822910263	0.0000364823663853
0.0071010062940992	0.0003114260826390
0.0071010135411088	0.0010357199310938
0.0071070182397880	0.8306131091035249
0.0071135069970594	1.7282460852155186
0.0071135069970594	1.7298742313006337
0.0071222091963506	0.8404764314237188
0.0071283357120726	0.2156175266151887
0.0071304366450669	0.0021240216675482
0.0071304623088643	0.0005176219404327
0.0071304623088643	0.0000368838702133
0.0071370978398821	0.0000367399520735
0.0071531516649973	-0.0000646355902886
0.0071531516649973	0.0000366098761153
0.0071622678210711	0.0000367120798723
0.0071776877191189	-0.0000646925608906
0.0071776877191189	0.0000365569963728
0.0071870335235328	0.0000367294458890
0.0072010070012725	-0.0000644375313350
0.0072010070012725	0.0005164769324656
0.0072043632460664	0.4643501122304639
0.0072135069632458	1.7295762376336348
0.0072135069632458	1.7312057138712584
0.0072219365533995	0.8693525423746414
0.0072296561950776	0.0815746000082779
0.0072304376245638	0.0020165277719831
0.0072304621805041	0.0005169837343683
0.0072304621805041	0.0000364228591914
0.0072350471149992	0.0000369191636763
0.0072399378826329	0.0020369752930718
0.0072399398823638	0.0000364367993274
0.0072531811355646	0.0000361751461128
0.0072600618740712	0.0000369192167115
0.0072626463044692	0.0020369472769599
0.0072626483043228	0.0000366541329955
0.0072781328287188	0.0000361700903060
0.0072851231643045	0.0000369180179698
0.0072877256425752	0.0020369397819354
0.0072877276424294	0.0000366477909637
0.0073010056070082	0.0003112976422546
0.0073010128548338	0.0010354991260124
0.0073072540381710	0.8631478292153847
0.0073135069608201	1.7279836250952825
0.0073135069608201	1.7296115087203874
0.0073213663921205	0.9277011915212255
0.0073296878945015	0.0763722049417969
0.0073304179461549	0.0020116275288316
0.0073304424431011	0.0005168420993646
0.0073304424431011	0.0000363206218679
0.0073409486756972	0.0000362007749284
0.0073453052496753	0.0000355896345438
0.0073510008935104	0.0000358333981210
0.0073550592783041	0.0010354837787239
0.0073550612785587	0.0000367961901810
0.0073625243343511	0.0000366759980607
0.0073778590835729	0.0000361326880257
0.0073902585513694	0.0000363616820971
0.0073968714376908	0.0000356159773687
0.0074010062160192	0.0003114839276231
0.0074010134643901	0.0010355606054597
0.0074081851391565	0.9914558782652857
0.0074135064277895	1.7271767536473441
0.0074135064277895	1.7288038304009385
0.0074182150810523	1.2479208353754416
0.0074291732975913	0.1267012167264002
0.0074304000575086	0.0020349064675348
0.0074304248363567	0.0005175250369678
0.0074304248363567	0.0000368141835641
0.0074381220034305	0.0000366112261158
0.0074465823022088	0.0000356152369530
0.0074523800228433	0.0000360150709614
0.0074670935458885	0.0000357595569159
0.0074752769993227	0.0000358935819144
0.0074905222088166	0.0000363192133441
0.0074962061157373	0.0000356152538706
0.0075010051445369	0.0003113828293030
0.0075010123933186	0.0010354748603642
0.0075064216189947	0.7482617452794592
0.0075135042908026	1.7289512831518616
0.0075135042908026	1.7305801344350085
0.0075207061334383	0.9955722292590029
0.0075296278821383	0.0828806682119803
0.0075304237234204	0.0020141634660182
0.0075304482981840	0.0005175259773150
0.0075304482981840	0.0000368149184911
0.0075382672628955	0.0000365956394306
0.0075463281835448	0.0000356138958299
0.0075520956948065	0.0000359816123146
0.0075588622277082	0.0010359001125393
0.0075588642281056	0.0000370641785556
0.0075638209682242	0.0000365150071514
0.0075704690564231	0.0000356025454125
0.0075776368253910	0.0000365523161701
0.0075876358601344	0.0000366735803446
0.0076010048315213	0.0003112529613796
0.0076010120790829	0.0002112528966711
0.0076010120790829	0.0010349276542225
0.0076075386263664	0.9025522629785706
0.0076135068967738	1.7279688161164732
0.0076135068967738	1.7295966849325002
0.0076207013481187	0.9953195185973414
0.0076295787884552	0.0871321334586584
0.0076304164317706	0.0020158216556985
0.0076304410225141	0.0005175216125530
0.0076304410225141	0.0000368117567114
0.0076382368863675	0.0000365965176643
0.0076463800102340	0.0000356118907550
0.0076521534299616	0.0000359863101214
0.0076680945958561	0.0000362412767759
0.0076783493811087	0.0000366348622911
0.0076873516082220	0.0000367102366183
0.0077010061641777	0.0003113945989085
0.0077010134114254	0.0010353595588878
0.0077070687138647	0.8375679649748401
0.0077135069824796	1.7281701230961795
0.0077135069824796	1.7297981932191835
0.0077220192689492	0.8596454353778133
0.0077296550898525	0.0805393924039601
0.0077304264915511	0.0020165240340933
0.0077304510514707	0.0005170357577948
0.0077304510514707	0.0000364604487239
0.0077349118851512	0.0000369558456707
0.0077397557207024	0.0020370374121717
0.0077397577204327	0.0000364977746013
0.0077528372418679	0.0000365808791443
0.0077621024637157	0.0000367317719346
0.0077781367596457	0.0000366011698221
0.0077872600066219	0.0000367058042774
0.0078010065391319	0.0003112091249299
0.0078010137920238	0.0002112086337723
0.0078010137920238	0.0010350176022312
0.0078036794415471	0.3695641452785361
0.0078135082397719	1.7292930477953756
0.0078135082397719	1.7309222408432656
0.0078225271074607	0.8092379028208302
0.0078287011956886	0.1794642530654424
0.0078304465461530	0.0020821513356009
0.0078304717921999	0.0005175530249644
0.0078304717921999	0.0000368341996523
0.0078373538380819	0.0000366786331918
0.0078532285797369	-0.0000648121009587
0.0078532285797369	0.0000361772041907
0.0078600018873565	0.0000369164802888
0.0078648761965240	0.0020369813225021
0.0078648781962547	0.0000364423819078
0.0078783049671704	0.0000361904514399
0.0078849013119611	0.0000369247678185
0.0078874369833046	0.0020369687630939
0.0078874389831568	0.0000366729020717
0.0079010066725283	0.0003112246027841
0.0079010139253958	0.0002112241568983
0.0079010139253958	0.0010356190980837
0.0079038554558250	0.3938158606756813
0.0079135079038481	1.7291598419928578
0.0079135079038481	1.7307889018347493
0.0079223752168679	0.8244358645268366
0.0079285204273115	0.1975534521930628
0.0079304434269891	0.0021018165546482
0.0079304688662108	0.0005175481294860
0.0079304688662108	0.0000368306087443
0.0079372317193835	0.0000366813528522
0.0079527767436488	-0.0000647161677585
0.0079527767436488	0.0000365324172307
0.0079620773541273	0.0000366922446455
0.0079782120549680	-0.0000646777772742
0.0079782120549680	0.0000365676508168
0.0079872965945726	0.0000366611309817
0.0080010064113231	-0.0000646009869453
0.0080010064113231	0.0005163012022683
0.0080069733274557	0.8246878069714549
0.0080135070137430	1.7283385917106262
0.0080135070137430	1.7299668303022275
0.0080223823279649	0.8227053921417632
0.0080285185876196	0.1966767196909202
0.0080304327882411	0.0021010816220613
0.0080304582180607	0.0005175212393935
0.0080304582180607	0.0000368111809081
0.0080372273881431	0.0000366638538072
0.0080527828140434	-0.0000647327244984
0.0080527828140434	0.0000365158701634
0.0080620798488463	0.0000366752266062
0.0080782013030785	-0.0000646947323570
0.0080782013030785	0.0000365509072270
0.0080872904527900	0.0000366472883749
0.0081010064350346	-0.0000646111875621
0.0081010064350346	0.0005162835712683
0.0081069612945553	0.8229867232475002
0.0081135070222408	1.7282656344674365
0.0081135070222408	1.7298938001020645
0.0081224236682759	0.8183816043299311
0.0081285637122721	0.1919358978349100
0.0081304312281420	0.0020957816476708
0.0081304566042757	0.0005175023000497
0.0081304566042757	0.0000367975108796
0.0081372580174184	0.0000366493271691
0.0081527019270885	-0.0000647522242853
0.0081527019270885	0.0000364974260962
0.0081620388364717	0.0000366693075330
0.0081783269227526	-0.0000646929230419
0.0081783269227526	0.0000365526802357
0.0081873535376306	0.0000366304539217
0.0082010061585989	-0.0000646494773055
0.0082010061585989	0.0005162406650664
0.0082070562712291	0.8360982071222618
0.0082135070039953	1.7281760982347267
0.0082135070039953	1.7298041743328816
0.0082220225742276	0.8589970452179292
0.0082296496089687	0.0805046260657390
0.0082304203892554	0.0020165213374315
0.0082304449412386	0.0005169335507182
0.0082304449412386	0.0000363865502945
0.0082349122779833	0.0000368833887146
0.0082397576631173	0.0020369653889791
0.0082397596628476	0.0000364257286554
0.0082528285267105	0.0000365112355925
0.0082620958479716	0.0000366652251591
0.0082781463756475	0.0000365379650205
0.0082872624017989	0.0000366428113982
0.0083010065290044	0.0003110844126634
0.0083010137835208	0.0002110839204967
0.0083010137835208	0.0010349544082504
0.0083036637567918	0.3673208827431266
0.0083127432788645	1.6266490191034957
0.0083135067202361	1.7323346667598780
0.0083135067202361	1.7307136033885757
0.0083225445263048	0.8068428708762500
0.0083287160894503	0.1771519189154298
0.0083304382320710	0.0020799791309579
0.0083304634503747	0.0005174733524966
0.0083304634503747	0.0000367766410388
0.0083373633349255	0.0000366224455439
0.0083532020247756	-0.0000648687584731
0.0083532020247756	0.0000361201268321
0.0083600335959503	0.0000368625443888
0.0083649219472856	0.0020369214883685
0.0083649239470165	0.0000363828533760
0.0083782103309368	0.0000361254207609
0.0083850204394157	0.0000368683789243
0.0083875948242258	0.0020369006954054
0.0083875968240790	0.0000366068807924
0.0084010061878002	0.0003112471609412
0.0084010134370114	0.0010355024107622
0.0084070473984506	0.8343979138737209
0.0084135070099538	1.7277182448406847
0.0084135070099538	1.7293458630854144
0.0084220633934380	0.8544100982203425
0.0084296514980516	0.0799201106773606
0.0084304165779286	0.0020164778483272
0.0084304411306256	0.0005169483637169
0.0084304411306256	0.0000363972499408
0.0084348459203071	0.0000368931515975
0.0084396667934809	0.0020369875175556
0.0084396687932109	0.0000364472530472
0.0084530562275649	0.0000365379347678
0.0084622100877688	0.0000366574945909
0.0084778256425143	0.0000365121154258
0.0084871011225798	0.0000366652012722
0.0085010068644549	0.0003112076841925
0.0085010141178281	0.0002112072981157
0.0085010141178281	0.0010350326720656
0.0085041342273855	0.4321948444957225
0.0085135073859865	1.7288237405151297
0.0085135073859865	1.7304524642555639
0.0085221283664627	0.8489393146450839
0.0085282507318816	0.2242375407583265
0.0085304354668268	0.0021352677026731
0.0085304612323762	0.0005175122331256
0.0085304612323762	0.0000368045845780
0.0085370407081846	0.0000366628202835
0.0085533206716482	-0.0000647011902031
0.0085533206716482	0.0000365443409358
0.0085623530456100	0.0000366218524285
0.0085782257044504	-0.0000648670099283
0.0085782257044504	0.0000361224061004
0.0085850026323482	0.0000368630122969
0.0085898781686741	0.0020369278870505
0.0085898801684048	0.0000363891009689
0.0086010063019496	0.0003112427654650
0.0086010135513721	0.0010356285783762
0.0086070098383165	0.8291768968321875
0.0086135070166089	1.7276793085587614
0.0086135070166089	1.7293068878674196
0.0086222209181320	0.8383325942096104
0.0086283352323458	0.2144545533765186
0.0086304238503048	0.0021228582436790
0.0086304494929346	0.0005175025725084
0.0086304494929346	0.0000367976341065
0.0086370976643062	0.0000366564798128
0.0086531397029657	-0.0000647167111657
0.0086531397029657	0.0000365291943832
0.0086622587245089	0.0000366352549274
0.0086777013249583	-0.0000647657512142
0.0086777013249583	0.0000364839693467
0.0086870381503271	0.0000366562862829
0.0087010069871612	-0.0000645114956798
0.0087010069871612	0.0005163702277033
0.0087043340128490	0.4602012058216481
0.0087135070286069	1.7291536147844331
0.0087135070286069	1.7307826683992191
0.0087219638103112	0.8658825480397490
0.0087296498338123	0.0812890929404860
0.0087304282217614	0.0020165476047120
0.0087304527712838	0.0005168983099324
0.0087304527712838	0.0000363610844134
0.0087350062343581	0.0000368584386096
0.0087398843596615	0.0020369226506203
0.0087398863593922	0.0000363837889314
0.0087532848392933	0.0000361322871869
0.0087599238230732	0.0000368693581600
0.0087624689828386	0.0020369112520175
0.0087624709826910	0.0000366158043448
0.0087777876916939	0.0000364947568757
0.0087870750044757	0.0000366552372068
0.0088010069117513	0.0003111998243108
0.0088010141653033	0.0002111994545780
0.0088010141653033	0.0010352607448140
0.0088042083957067	0.4424030489732777
0.0088135072558846	1.7287280578671853
0.0088135072558846	1.7303566859250199
0.0088220679128638	0.8549208146081160
0.0088296586635186	0.0800980624743465
0.0088304254302608	0.0020165714805105
0.0088304499821924	0.0005169265915319
0.0088304499821924	0.0000363815059033
0.0088348374755862	0.0000368760838813
0.0088396512885961	0.0020369727608517
0.0088396532883260	0.0000364323062885
0.0088530973756988	0.0000365247743484
0.0088622300866047	0.0000366385884938
0.0088777706590891	0.0000364908835210
0.0088870729718335	0.0000366526998523
0.0089010069192389	0.0003111970505677
0.0089010141728395	0.0002111966834536
0.0089010141728395	0.0010350300509902
0.0089042203387272	0.4440453268861446
0.0089135072352929	1.7287078170718420
0.0089135072352929	1.7303364248888575
0.0089220582854642	0.8558653211179161
0.0089296570622974	0.0802110630530164
0.0089304249239133	0.0020165719187475
0.0089304494754230	0.0005169210666238
0.0089304494754230	0.0000363775134704
0.0089348487041817	0.0000368720139618
0.0089396672062235	0.0020369660932074
0.0089396692059535	0.0000364257524971
0.0089530553631628	0.0000365159681749
0.0089622116680615	0.0000366356914250
0.0089778205401443	0.0000364909575854
0.0089870979024404	0.0000366453473963
0.0090010068693960	0.0003111703390170
0.0090010141232673	0.0002111699552384
0.0090010141232673	0.0010350140050605
0.0090041407695361	0.4330664302248809
0.0090135073787261	1.7287021425419542
0.0090135073787261	1.7303307446846214
0.0090221240243718	0.8491770945114356
0.0090282436745189	0.2246959944268057
0.0090304327164730	0.0021359659546558
0.0090304584868814	0.0005174876224729
0.0090304584868814	0.0000367868005742
0.0090370356887366	0.0000366457755981
0.0090533337690506	-0.0000647168276124
0.0090533337690506	0.0000365288023397
0.0090623589722273	0.0000366047821614
0.0090782110382685	-0.0000648848573828
0.0090782110382685	0.0000361042834903
0.0090850208668332	0.0000368463577566
0.0090899038799328	0.0020369077922807
0.0090899058796636	0.0000363691792062
0.0091010061976353	0.0003112024272304
0.0091010134474460	0.0010356029060685
0.0091070446251280	0.8339452052439119
0.0091135070127209	1.7275766769961576
0.0091135070127209	1.7292041536731613
0.0091220741805911	0.8530765281559650
0.0091296501392483	0.0797458673706835
0.0091304134313363	0.0020164555455183
0.0091304379816265	0.0005169201029214
0.0091304379816265	0.0000363768126017
0.0091348305350452	0.0000368729837458
0.0091396462462575	0.0020369703424024
0.0091396482459875	0.0000364299317813
0.0091531086178595	0.0000365227589733
0.0091622356047186	0.0000366349638488
0.0091777558655957	0.0000364865778130
0.0091870654462052	0.0000366507085763
0.0092010069338356	0.0003111968580220
0.0092010141874627	0.0002111964959833
0.0092010141874627	0.0010350306361117
0.0092042439864474	0.4473018263405187
0.0092135071941290	1.7286846679080690
0.0092135071941290	1.7303132525758542
0.0092220392304277	0.8577627265937818
0.0092296543051063	0.0804301758465956
0.0092304242985267	0.0020165701223577
0.0092304488494433	0.0005169135966760
0.0092304488494433	0.0000363721171983
0.0092348801610649	0.0000368674155021
0.0092397113616260	0.0020369554938419
0.0092397133613561	0.0000364154662296
0.0092529423490200	0.0000365029836926
0.0092621549630913	0.0000366397713043
0.0092779751327003	0.0000365036764991
0.0092871755330282	0.0000366347759639
0.0093010067109287	0.0003111113511416
0.0093010139653372	0.0002111109158728
0.0093010139653372	0.0010349766150110
0.0093039063139138	0.4007371396205294
0.0093135078152289	1.7287539930541631
0.0093135078152289	1.7303826470473846
0.0093223248018756	0.8288683394750319
0.0093284556847007	0.2032581587685520
0.0093304341530642	0.0021086103251118
0.0093304596527972	0.0005174694521898
0.0093304596527972	0.0000367737451178
0.0093371864962943	0.0000366275158309
0.0093528902128822	-0.0000647620529326
0.0093528902128822	0.0000364854748435
0.0093621353216734	0.0000366282230283
0.0093780345310103	-0.0000647519568644
0.0093780345310103	0.0000364944730189
0.0093872077632960	0.0000366155816053
0.0094010066439588	-0.0000646144212998
0.0094010066439588	0.0005162640758258
0.0094038135330529	0.3884037792076740
0.0094135079867095	1.7291549985393402
0.0094135079867095	1.7307840535377881
0.0094224015996159	0.8214077831838649
0.0094285437556853	0.1946002535118354
0.0094304370123614	0.0020985009676983
0.0094304624101317	0.0005174385872626
0.0094304624101317	0.0000367514713824
0.0094372489072384	0.0000366026311308
0.0094527243352844	-0.0000647971053771
0.0094527243352844	0.0000364523366020
0.0094620514179407	0.0000366206074758
0.0094782828560591	-0.0000647439838587
0.0094782828560591	0.0000365017326919
0.0094873323142570	0.0000365859261686
0.0095010062467587	-0.0000646871428957
0.0095010062467587	0.0005161847798522
0.0095070242173057	0.8315246149337899
0.0095135070180106	1.7278976687221264
0.0095135070180106	1.7295254663908288
0.0095221424512300	0.8463450033799389
0.0095282527230843	0.2227453558265973
0.0095304223393086	0.0021337643055892
0.0095304480851749	0.0005174524424218
0.0095304480851749	0.0000367613842156
0.0095370403637967	0.0000366226524002
0.0095533111801366	-0.0000647388206202
0.0095533111801366	0.0000365069967469
0.0095623437086833	0.0000365882776657
0.0095782409084870	-0.0000648964061044
0.0095782409084870	0.0000360934515260
0.0095849826835166	0.0000368343390285
0.0095898536460027	0.0020369033539834
0.0095898556457334	0.0000363644310263
0.0096010063956919	0.0003111982484782
0.0096010136458276	0.0010356112884131
0.0096069722118169	0.8238927498850580
0.0096135070338960	1.7275255515161769
0.0096135070338960	1.7291529770677805
0.0096223659023130	0.8233375770019111
0.0096284879259572	0.1986119123385647
0.0096304206823080	0.0021036029579191
0.0096304461317504	0.0005174568719060
0.0096304461317504	0.0000367646648158
0.0096372041215700	0.0000366204954666
0.0096528366534890	-0.0000647709753718
0.0096528366534890	0.0000364772303190
0.0096621054841920	0.0000366295829463
0.0096781182292945	-0.0000647438164211
0.0096781182292945	0.0000365022983282
0.0096872469897053	0.0000366122265585
0.0097010065593821	-0.0000646305825780
0.0097010065593821	0.0005162457322880
0.0097037013367515	0.3729407142522802
0.0097135082109418	1.7292016701070669
0.0097135082109418	1.7308307717769760
0.0097225075966039	0.8107213482712500
0.0097286681770694	0.1820526875786073
0.0097304382036708	0.0020849456076771
0.0097304634676981	0.0005174339824316
0.0097304634676981	0.0000367481808322
0.0097373327295538	0.0000365956672644
0.0097532670829173	-0.0000648882254443
0.0097532670829173	0.0000361021991215
0.0097599477622327	0.0000368400343717
0.0097648048076076	0.0020369155344110
0.0097648068073380	0.0000363760994104
0.0097777156515402	0.0000364595675748
0.0097870408237972	0.0000366311275956
0.0098010069781107	0.0003111699129445
0.0098010142321657	0.0002111695669253
0.0098010142321657	0.0010353697058924
0.0098043166092210	0.4572810866570040
0.0098135070720904	1.7285333331456438
0.0098135070720904	1.7301617664788136
0.0098219822229714	0.8633032714479648
0.0098296451033237	0.0809986613587056
0.0098304205713608	0.0020165206663909
0.0098304451187067	0.0005168736211867
0.0098304451187067	0.0000363432262673
0.0098349828456197	0.0000368417887710
0.0098398546159905	0.0020369107610973
0.0098398566157211	0.0000363717256388
0.0098533433121636	0.0000361267706422
0.0098598459054108	0.0000368594638954
0.0098623685597123	0.0020369088821076
0.0098623705595640	0.0000366121633700
0.0098780497852952	0.0000365054211117
0.0098872056784508	0.0000366267740301
0.0099010066436788	0.0003110796134598
0.0099010138984103	0.0002110791572266
0.0099010138984103	0.0010351926958654
0.0099038133863095	0.3879195751813988
0.0099135079960598	1.7287522475932489
0.0099135079960598	1.7303808998410117
0.0099224079478151	0.8204197477324899
0.0099285475548620	0.1939157257144846
0.0099304342177045	0.0020978953508752
0.0099304596110748	0.0005174579765111
0.0099304596110748	0.0000367654814148
0.0099372498307630	0.0000366175215284
0.0099527220017110	-0.0000647814691412
0.0099527220017110	0.0000364679318302
0.0099620479886947	0.0000366366895097
0.0099782936405703	-0.0000647279240936
0.0099782936405703	0.0000365177166545
0.0099873383675856	0.0000365999072017
