0.0000000000000000	0.0000000000000000
0.0000000083333333	0.0020000000000000
0.0000000093050087	0.0002400000000000
0.0000074221822681	0.0001166010488517
0.0000074379054275	0.0002390279650358
0.0000137558984884	0.0001070584426935
0.0000137708720818	0.0002361418152810
0.0000244158542452	0.0000939441082815
0.0000244304262794	0.0002297934552997
0.0000260042312449	0.0006977626597814
0.0000260084966063	0.0005977576767575
0.0000260084966063	0.0030908218134091
0.0000286022422025	0.6101813450922661
0.0000309360870399	1.1546212737799064
0.0000332932274756	1.7026739051205622
0.0000359761550015	2.3233993541427695
0.0000385026585370	2.9057829449874353
0.0000385026585370	2.9039418292241317
0.0000417123975161	2.8660496695145468
0.0000449026445518	2.8226352622573812
0.0000481229452719	2.7731744389543813
0.0000513505884252	2.7180403653620675
0.0000545517582689	2.6579320133357531
0.0000575283779304	2.5967140417847303
0.0000603585433677	2.5332873555016922
0.0000630599913634	2.4676365585642812
0.0000656008203127	2.4009822135414023
0.0000682090008534	2.3276841614802311
0.0000708259212714	2.2493978103516046
0.0000734537950867	2.1661782672684993
0.0000760941162020	2.0781025072282859
0.0000788546051337	1.9816176685590179
0.0000813425937722	1.8904848251799264
0.0000836938987717	1.8005953456382655
0.0000859788982054	1.7096447268620472
0.0000882027203265	1.6176453036355229
0.0000903336258161	1.5261577014130907
0.0000923890382853	1.4348247979673554
0.0000945320725894	1.3366521456944864
0.0000966703295427	1.2359312966185398
0.0000988018638549	1.1329654464857484
0.0001009242296047	1.0280927301358422
0.0001030934066250	0.9188261030126275
0.0001051377416093	0.8139637984080866
0.0001071820767911	0.7071014833528919
0.0001091486560026	0.6023416944654948
0.0001111588266833	0.4932521689497652
0.0001131689975661	0.3821626321680822
0.0001151791686510	0.2690730839194234
0.0001171672722803	0.1552359990299081
0.0001193583808611	0.0276691024826285
0.0001197962221916	0.0019635783011137
0.0001198356129658	-0.0004523181441934
0.0001198356129658	0.0001223858560629
0.0001257719280638	0.0001187406501561
0.0001260055771113	0.0026430368680121
0.0001260063693695	0.0016850910130589
0.0001260063693695	0.0027850910133041
0.0001293801523798	0.6067135958657311
0.0001320937349046	1.0904586787895376
0.0001348781457889	1.5850126397951232
0.0001380396470224	2.1437204629925639
0.0001385087802503	2.2264052051802432
0.0001385087802503	2.2242440694594396
0.0001422838001953	1.9797633792912503
0.0001458114884353	1.7472422914033738
0.0001497067203628	1.4866129369818974
0.0001544821594747	1.1636828557541066
0.0001580711579378	0.9186175962810172
0.0001613004807482	0.6960559876676610
0.0001643722048887	0.4824047193646387
0.0001676710968737	0.2503849647484565
0.0001711904254588	0.0011881303076577
0.0001712126859650	-0.0004921088760961
0.0001712126859650	0.0000980185942045
0.0001789665905950	0.0000968563968903
0.0001845759038082	0.0000960143856070
0.0001942809333877	0.0000929315027399
0.0002021988314870	0.0000921929378164
0.0002107157690146	0.0000905886452976
0.0002173006807888	-0.0029105388694269
0.0002173023140488	0.0000884807860084
0.0002260010612769	0.0004138738486563
0.0002260071723891	0.0003138720443760
0.0002260071723891	0.0025366687513171
0.0002333655824155	1.2058415026364613
0.0002379325635522	1.9512630717602448
0.0002385080444750	2.0450419732576965
0.0002385080444750	2.0430843890874133
0.0002429249024049	1.6993603163210402
0.0002493955027902	1.1924882781895698
0.0002600741857212	0.3534444256641436
0.0002639430629282	0.0473481433458011
0.0002645146717148	0.0019824731542613
0.0002645449083039	-0.0005181776331451
0.0002645449083039	0.0000812028303602
0.0002728557998075	0.0000794194371588
0.0002826884551444	0.0000789322768606
0.0002910599577394	0.0000773592588275
0.0002988170786104	0.0000758663676831
0.0003053379009184	0.0000759372550639
0.0003116757102489	0.0000749284025455
0.0003238660512873	0.0000727135101481
0.0003260068553947	0.0003850676062828
0.0003260132547063	0.0002850665314172
0.0003260132547063	0.0030725326443372
0.0003385035953034	1.9549944270387902
0.0003385035953034	1.9548473214658115
0.0003453113953040	1.3792830640722591
0.0003510420071819	0.8918737959742391
0.0003614936793793	0.0025411831467476
0.0003615285807954	-0.0005358746965229
0.0003615285807954	0.0000693986009058
0.0003675932800578	-0.0004364807684412
0.0003675972336904	0.0000681942876021
0.0003725337835718	0.0000672956332111
0.0003821519390704	0.0000671185856938
0.0003849791711881	0.0000670728760486
0.0003883396918795	0.0020667781437789
0.0003883416917506	0.0000665199606228
0.0003974800652510	0.0000649062031129
0.0004055199635611	0.0000648145158716
0.0004103328980784	0.0000647723514629
0.0004134720185054	0.0020645210911757
0.0004134740183719	0.0000642537348257
0.0004221422959193	0.0000627322332876
0.0004260061037893	0.0003650784834916
0.0004260127113408	0.0002650778523357
0.0004260127113408	0.0030623938418042
0.0004385026750051	1.8934170180671235
0.0004385026750051	1.8932083350851938
0.0004448115234516	1.3298513594116737
0.0004558009414497	0.3441408848848778
0.0004596143871925	0.0019225553568144
0.0004596408075589	-0.0005489428589562
0.0004596408075589	0.0000604790156044
0.0004631341878968	0.0000604045370339
0.0004742361322101	0.0000588499611294
0.0004820252176083	0.0000593605628901
0.0004880399714810	0.0000586594398417
0.0004978661325161	0.0000571604578776
0.0005058303815064	0.0000573389043051
0.0005156462907324	0.0000566911824926
0.0005233121326368	0.0000555981369141
0.0005260072990347	0.0003511635470799
0.0005260140631942	0.0010554876323575
0.0005352092781543	1.3638210352184676
0.0005385041471887	1.8516030914942918
0.0005385041471887	1.8506269525152621
0.0005462255059086	1.1359745094337497
0.0005528706334578	0.5186865916506608
0.0005566598033445	0.1655746163186851
0.0005584260473926	0.0020174254505016
0.0005584527726230	0.0005428875014589
0.0005584527726230	0.0000548168957706
0.0005637815322142	0.0000540921430144
0.0005718163042806	0.0000528394762584
0.0005777777167548	0.0000529355564770
0.0005913473090000	0.0000520266008720
0.0005986974313098	0.0000516505901938
0.0006082277207157	0.0010515492796321
0.0006082297204257	0.0000523103607847
0.0006142843870190	0.0000512054617011
0.0006229511553514	-0.0000503061604776
0.0006229511553514	0.0000505172585639
0.0006260068846015	0.0030507336198878
0.0006260075512171	0.0020475605676657
0.0006260075512171	0.0031475606638094
0.0006305003947254	0.6547407027919367
0.0006385023942689	1.8199766415371281
0.0006385023942689	1.8216965181787039
0.0006459733910144	1.1119394526141608
0.0006576361741002	-0.0003611616691285
0.0006576384406513	-0.0005765454617970
0.0006576416434787	0.0005267264004543
0.0006576416434787	0.0000499459876213
0.0006653920376902	0.0000494820366335
0.0006788176782947	-0.0000520409540952
0.0006788176782947	0.0000491434682146
0.0006880344569944	0.0000488009659417
0.0006979974095421	0.0000475420209938
0.0007045360421354	0.0000479221164047
0.0007153893121226	0.0000476709546123
0.0007234428130602	0.0000467177618575
0.0007260075740565	0.0003333835414501
0.0007260145501904	0.0002333834000037
0.0007260145501904	0.0030466916195889
0.0007290454758490	0.4365172602433541
0.0007385044164559	1.7962520269307676
0.0007385044164559	1.7979481789576912
0.0007443003345376	1.2366734508318815
0.0007570193190414	0.0012568013631176
0.0007570371517714	0.0005309782544430
0.0007570371517714	0.0000464441074788
0.0007659235974724	0.0000459702523505
0.0007711410181335	0.0000451995274195
0.0007769640782644	0.0000453653876514
0.0007833045176046	0.0010450463493608
0.0007833065179820	0.0000461797093053
0.0007890281057542	0.0000451730746168
0.0007977501881964	0.0000445893010068
0.0008050634916353	0.0010445927662137
0.0008050654910445	0.0000454415577759
0.0008128365931944	0.0000451309337216
0.0008229912614626	0.0000439360947025
0.0008260073398733	0.0003280300196644
0.0008260143788308	0.0010438977332502
0.0008333339800779	1.0439582968189118
0.0008385031345851	1.7803366239545872
0.0008385031345851	1.7799289439849235
0.0008462084322382	1.0240288293956272
0.0008564144888566	0.0196612915810343
0.0008565946679718	0.0020005951365456
0.0008566198999649	0.0005275029885959
0.0008566198999649	0.0000439734200032
0.0008654941742129	0.0000436479024776
0.0008721100612921	0.0000428093567753
0.0008780297167920	0.0000431415790315
0.0008906735825122	0.0000426585818820
0.0008980295564455	0.0000423857073473
0.0009056076221667	0.0010424603276277
0.0009056096216620	0.0000433231008098
0.0009130178213209	0.0000429975273683
0.0009222990114888	0.0000418644492764
0.0009260066587061	0.0003238714116995
0.0009260137486302	0.0010417814880086
0.0009337994879343	1.1000832627316248
0.0009385059305011	1.7652142985535131
0.0009385059305011	1.7668794128521261
0.0009450608516362	1.1170852122799568
0.0009545453351068	0.1744894245472036
0.0009562910448336	0.0020633594750913
0.0009563167487457	0.0005254828880392
0.0009563167487457	0.0000425319071105
0.0009627814312784	0.0000421834417686
0.0009727669357729	0.0000410516447349
0.0009787619633123	0.0000415037735586
0.0009905012937739	0.0000414501495760
0.0009967928218196	0.0000406557908624
0.0010043092932729	0.0000410865562082
0.0010163758581981	0.0000405636994589
0.0010239928271297	0.0000404419197949
0.0010260071289543	0.0010402771565419
0.0010347961958720	1.2346748354118986
0.0010385060968091	1.7560186894324248
0.0010385060968091	1.7576746081218824
0.0010471686213216	0.8936263681984669
0.0010560060913610	0.0101078969086915
0.0010560876342345	0.0020001497240714
0.0010561125428784	0.0005235475443383
0.0010561125428784	0.0000411472245752
0.0010626278106056	0.0000408470951521
0.0010780860593368	-0.0000608039543313
0.0010780860593368	0.0000401693143792
0.0010901634869922	0.0000402756711603
0.0010976218230563	0.0000394466495120
0.0011035853513853	0.0000399125820402
0.0011156181449504	0.0000398968758573
0.0011212989169530	0.0000391545899523
0.0011260052692804	0.0003183754994370
0.0011260124275693	0.0010389794194962
0.0011324747789885	0.9048184731894361
0.0011385033477090	1.7499721188090944
0.0011385033477090	1.7516219909278841
0.0011424299976871	1.3570474877831806
0.0011544846324739	0.1441420312728989
0.0011559057250155	0.0020472053740650
0.0011559309873052	0.0005220720413270
0.0011559309873052	0.0000400889158684
0.0011626222453605	0.0000398217946694
0.0011779751092231	-0.0000618050492942
0.0011779751092231	0.0000391689972383
0.0011902678829370	0.0000392943908543
0.0011971788303656	0.0000384986680173
0.0012030752085268	0.0000389241672628
0.0012154505319782	0.0000385991021435
0.0012228164308823	0.0000383791344718
0.0012260071815370	0.0010383856102053
0.0012298649018391	0.5392108021424044
0.0012385056648251	1.7463517584045021
0.0012385056648251	1.7479980101627905
0.0012464264450711	0.9499983931359168
0.0012551288926168	0.0707140612147020
0.0012558118544705	0.0020101816986278
0.0012558366088917	0.0005203314744522
0.0012558366088917	0.0000388379025970
0.0012655419044974	0.0000386780232544
0.0012713869826000	0.0000379404990872
0.0012771785327930	0.0000382734958614
0.0012931689450914	0.0000384169809285
0.0013032973777409	0.0000387469605003
0.0013124070738388	0.0000387748765211
0.0013260062983429	0.0003154064800962
0.0013260134935875	0.0010373806148952
0.0013322135522585	0.8637269660613960
0.0013385065075337	1.7404573697336212
0.0013385065075337	1.7420977271033800
0.0013471372659491	0.8682139539288574
0.0013535406585420	0.2210684170699724
0.0013557149763502	0.0021234900186652
0.0013557408441831	0.0005201740105106
0.0013557408441831	0.0000387242481455
0.0013622344220700	0.0000385171311765
0.0013780167921025	-0.0000629312933230
0.0013780167921025	0.0000383065462795
0.0013872565139562	0.0000383844244576
0.0014029402003298	-0.0000630634935581
0.0014029402003298	0.0000381756126811
0.0014122117399779	0.0000382682766238
0.0014260067648083	-0.0000629835015899
0.0014260067648083	0.0005186467059834
0.0014290716522216	0.4264370205920909
0.0014385071091946	1.7388986187797628
0.0014385071091946	1.7405374173984385
0.0014471049882275	0.8678129854706345
0.0014534467917999	0.2253385073748795
0.0014556581137455	0.0021304390197818
0.0014556839953808	0.0005195058407437
0.0014556839953808	0.0000382430262675
0.0014621734391227	0.0000380503115044
0.0014781343693907	-0.0000633758911628
0.0014781343693907	0.0000378633011154
0.0014873074071996	0.0000379339673363
0.0015027428893754	-0.0000635114166012
0.0015027428893754	0.0000377318209036
0.0015120976887357	0.0000378639610303
0.0015260069623399	-0.0000633418479509
0.0015260069623399	0.0005180970480803
0.0015293711771661	0.4672944137699960
0.0015385067039462	1.7363307047027998
0.0015385067039462	1.7379669354074549
0.0015468677874217	0.8874933769006069
0.0015547953383149	0.0825780633679707
0.0015555906268446	0.0020166142050050
0.0015556152938444	0.0005184021000307
0.0015556152938444	0.0000374473795514
0.0015600636923105	0.0000379146971286
0.0015649182852439	0.0020379642271172
0.0015649202849748	0.0000374256739517
0.0015782751189790	0.0000371362464187
0.0015849918109815	0.0000378538994222
0.0015875140371008	0.0020378871216201
0.0015875160369536	0.0000375924369012
0.0016027307962952	0.0000374278893144
0.0016120741364429	0.0000375725523779
0.0016260069807782	0.0003129994598002
0.0016260142109016	0.0002129990848631
0.0016260142109016	0.0010361655360749
0.0016293832725367	0.4680118765637453
0.0016385067577649	1.7341166033223823
0.0016385067577649	1.7357506199257045
0.0016468782392749	0.8830977452188946
0.0016547546083483	0.0823467909870616
0.0016555465910640	0.0020165683939874
0.0016555712293608	0.0005180395690808
0.0016555712293608	0.0000371857078095
0.0016600777768196	0.0000376617786877
0.0016649507464347	0.0020377095405173
0.0016649527461657	0.0000371712298915
0.0016781951971904	0.0000368860144645
0.0016850788583887	0.0000376145794692
0.0016876407779330	0.0020376393079905
0.0016876427777866	0.0000373463415552
0.0017031765493521	0.0000368384961042
0.0017101009851585	0.0000375692893079
0.0017126706842020	0.0020375918581025
0.0017126726840559	0.0000372993702372
0.0017260058964253	0.0003125730126054
0.0017260131279237	0.0010361517350662
0.0017322158173054	0.8597696130550051
0.0017385068280019	1.7318449887743088
0.0017385068280019	1.7334767337630945
0.0017466599415046	0.9021738175442632
0.0017547247540133	0.0814933941465454
0.0017555075189339	0.0020150212832558
0.0017555321187506	0.0005177403960135
0.0017555321187506	0.0000369697362265
0.0017652654752435	0.0000369188955153
0.0017718981971867	0.0000361648298650
0.0017777407941310	0.0000365979812202
0.0017909325848577	0.0000363490369950
0.0017984419012453	0.0000362496297725
0.0018067118924184	0.0010365960397181
0.0018067138919246	0.0000374292011738
0.0018130948404549	0.0000371016770739
0.0018216619779404	0.0000360941551881
0.0018260058882461	0.0003123977574124
0.0018260131243553	0.0010360067507369
0.0018335256056274	1.0401895928693214
0.0018385062587485	1.7299218697016687
0.0018385062587485	1.7315516915713165
0.0018439876148313	1.1731982499207125
0.0018538851669195	0.1625955523402651
0.0018554643053599	0.0020483466880796
0.0018554892071366	0.0005174053521939
0.0018554892071366	0.0000367278196768
0.0018658705959657	0.0000362718522683
0.0018733665005969	-0.0000646912601648
0.0018733665005969	0.0000361630559165
0.0018814738418293	0.0015176858668701
0.0018814751919673	0.0025181781314281
0.0018814769877136	0.0000373311255401
0.0018880209015055	0.0000370313431390
0.0018967976621950	0.0000360197161339
0.0019062231746318	0.0000367076989161
0.0019162171314715	0.0000361918052312
0.0019238280839962	0.0000361436649646
0.0019260072389553	0.0010358415259425
0.0019320061430656	0.8307345315544656
0.0019385038167364	1.7317151134960624
0.0019385038167364	1.7333467286095794
0.0019453853088818	1.0321658015585731
0.0019538133176553	0.1713569104792927
0.0019554819750436	0.0020697808590072
0.0019555071378677	0.0005180369159952
0.0019555071378677	0.0000371837563072
0.0019627148976493	0.0000369992139762
0.0019724135745644	0.0000359742995401
0.0019783248333099	0.0000364796950609
0.0019907757747185	0.0000365632781364
0.0019956829028692	0.0000359070698713
0.0020029615877850	0.0000368810918689
0.0020128088096330	0.0000369426306512
0.0020222102229117	0.0000359220706578
0.0020260066886222	0.0003121213906984
0.0020260139291086	0.0010358977252137
0.0020328921822012	0.9520086234179428
0.0020385067167251	1.7291785661917618
0.0020385067167251	1.7308076447579572
0.0020424600280139	1.3274551380279813
0.0020538122674167	0.1677094313271010
0.0020554443794637	0.0020696287676374
0.0020554695328258	0.0005179372050787
0.0020554695328258	0.0000371117254735
0.0020625042787683	0.0000369449021050
0.0020779251555172	-0.0000645850213558
0.0020779251555172	0.0000363967905586
0.0020901876040296	0.0000366240171677
0.0020970895372744	0.0000358648441166
0.0021029554174336	0.0000363295411930
0.0021155288666079	0.0000360953272325
0.0021229379459433	0.0000359394321910
0.0021260072442350	0.0010359763625005
0.0021299684573380	0.5488456003615314
0.0021385059758731	1.7314362648258543
0.0021385059758731	1.7330676010906845
0.0021464912299115	0.9172946509526944
0.0021547026138711	0.0801598801995650
0.0021554707732059	0.0020135881161823
0.0021554953164475	0.0005171922018232
0.0021554953164475	0.0000365736980737
0.0021656349619518	0.0000364852887413
0.0021709775664754	0.0000358005605511
0.0021767108648990	0.0000361212882990
0.0021816956534255	0.0010358812782767
0.0021816976537454	0.0000371245488654
0.0021880800791507	0.0000368051047867
0.0021966732102788	0.0000358045955159
0.0022041062539509	0.0000363319542276
0.0022165760956342	0.0000359678234713
0.0022243736905195	0.0000359878520909
0.0022260072434573	0.0010358569084307
0.0022332763730314	1.0055751679567932
0.0022385063543936	1.7291436696889422
0.0022385063543936	1.7307727133586102
0.0022434046421701	1.2310151021784923
0.0022543135819210	0.1157973678858583
0.0022554308144258	0.0021769677465019
0.0022554570108698	0.0005177565069118
0.0022554570108698	0.0000369812681710
0.0022634454019396	0.0000367372244804
0.0022710375130946	0.0000357706930721
0.0022767759572438	0.0000360979111183
0.0022819250784265	0.0010358733955230
0.0022819270787541	0.0000371086087369
0.0022881567085814	0.0000367632895759
0.0022965326119963	0.0000357697000217
0.0023039465761732	0.0000362740563463
0.0023179312294598	0.0000364564909874
0.0023260074309321	0.0003118714517663
0.0023260146767615	0.0002118712880877
0.0023260146767615	0.0010359691146818
0.0023303950973547	0.6065799898496054
0.0023385054135580	1.7298145599959245
0.0023385054135580	1.7314442745559782
0.0023462304726538	0.9437868455696230
0.0023547564859901	0.0721885678477374
0.0023554459038256	0.0020097261156616
0.0023554703949941	0.0005170090042001
0.0023554703949941	0.0000364413523617
0.0023655602246370	0.0000360004652289
0.0023729758081858	-0.0000650046715989
0.0023729758081858	0.0000358502402978
0.0023805239894576	0.0015171867715497
0.0023805253396789	0.0025177055828785
0.0023805271354678	0.0000369760728561
0.0023876870347631	0.0000367949125918
0.0023974489277106	0.0000357722111901
0.0024069675437555	0.0000366125498897
0.0024157246710190	0.0000363806727541
0.0024207834312488	0.0000357158865317
0.0024260043935130	0.0003115010215127
0.0024260116401830	0.0010355124735195
0.0024304009664379	0.6077385067881721
0.0024385054106961	1.7300304070203587
0.0024385054106961	1.7316603374273902
0.0024462185046001	0.9450932995289408
0.0024547590638010	0.0718702722581777
0.0024554452395349	0.0020095808219231
0.0024554697255513	0.0005169607012258
0.0024554697255513	0.0000364064324917
0.0024656027381476	0.0000359653159515
0.0024730271150243	-0.0000650326184593
0.0024730271150243	0.0000358223613800
0.0024806300074084	0.0015171559439597
0.0024806313576442	0.0025176717381769
0.0024806331534377	0.0000369551067172
0.0024877211563755	0.0000367615747912
0.0024973742757465	0.0000357404527635
0.0025068809311663	0.0000365649796429
0.0025158234504874	0.0000363306500859
0.0025205720191156	0.0000356881464280
0.0025260039994089	0.0003114004368872
0.0025260112471269	0.0010354517136299
0.0025300563264113	0.5601534657104154
0.0025385058787675	1.7300146860253089
0.0025385058787675	1.7316446007113797
0.0025464349102504	0.9230520465414794
0.0025547046479828	0.0774165689901011
0.0025554453385079	0.0020123182962084
0.0025554698539095	0.0005169934010596
0.0025554698539095	0.0000364300039822
0.0025657827100596	0.0000363273680433
0.0025706538008323	0.0000356759651976
0.0025763623508000	0.0000359595877380
0.0025807613285221	0.0010356562262746
0.0025807633288071	0.0000369367122412
0.0025877706266896	0.0000367279102632
0.0025972714430633	0.0000357102324391
0.0026047878612627	0.0000363424559585
0.0026159577522103	0.0000362754626981
0.0026202969209892	0.0000356652812984
0.0026260034751073	0.0003112913224126
0.0026260107239160	0.0002112912705712
0.0026260107239160	0.0010353840168247
0.0026296819464178	0.5084943776843708
0.0026385064406815	1.7300355745834075
0.0026385064406815	1.7316655101579328
0.0026466932514956	0.8948101014541365
0.0026546595305718	0.0821191972155756
0.0026554464847782	0.0020154315125593
0.0026554710341864	0.0005170380992827
0.0026554710341864	0.0000364622359253
0.0026652499511287	0.0000364304130275
0.0026719006234266	0.0000356824132875
0.0026777401181040	0.0000361251314935
0.0026909067004612	0.0000358938705311
0.0026984133621558	0.0000358002442523
0.0027066184699467	0.0010361522315689
0.0027066204694459	0.0000369894687360
0.0027130356917112	0.0000366804285425
0.0027217453428941	0.0000356766300847
0.0027260060233195	0.0003115852292617
0.0027260132701863	0.0010356045721533
0.0027333530387523	1.0148407427711557
0.0027385063288286	1.7274518958683895
0.0027385063288286	1.7290792477641890
0.0027436234649495	1.2067248923098932
0.0027540171591332	0.1434714588109831
0.0027554053697677	0.0020331358041359
0.0027554300734341	0.0005167838237204
0.0027554300734341	0.0000362786048996
0.0027679614653888	0.0000363502283648
0.0027790522401091	-0.0000645042734523
0.0027790522401091	0.0000367490622671
0.0027877190119436	0.0000367170851909
0.0027973794059051	0.0000356989238056
0.0028032867979833	0.0000362058520083
0.0028158025557537	0.0000362957934810
0.0028206076873910	0.0000356488627213
0.0028260040640768	0.0003113300614224
0.0028260113127632	0.0010354182197190
0.0028301092824515	0.5673754341935325
0.0028385058106142	1.7297492884736052
0.0028385058106142	1.7313789377621362
0.0028464091193413	0.9252471903987071
0.0028547025880180	0.0770279395343603
0.0028554393103055	0.0020120577835183
0.0028554638185663	0.0005169340265697
0.0028554638185663	0.0000363870821282
0.0028658426241560	0.0000362778077347
0.0028705267889330	0.0000356404888255
0.0028762287916469	0.0000359094940864
0.0028804790242790	0.0010355873664806
0.0028804810245523	0.0000368802848654
0.0028876732334611	0.0000367066216187
0.0029025602504162	0.0000361319256699
0.0029156723377574	0.0000363127835967
0.0029208800859688	0.0000356382172128
0.0029260045689967	0.0003113674042164
0.0029260118175456	0.0010354504399052
0.0029305788697898	0.6321003323925127
0.0029385051988855	1.7294771571009662
0.0029385051988855	1.7311065342579650
0.0029461197052811	0.9542653201301656
0.0029547787216917	0.0686084262587208
0.0029554325682258	0.0020082848219044
0.0029554570311518	0.0005168260826004
0.0029554570311518	0.0000363091215102
0.0029659811280930	0.0000358636561793
0.0029735098695157	-0.0000650725029332
0.0029735098695157	0.0000357826414002
0.0029819490299815	0.0015172000669816
0.0029819503802711	0.0025176819122406
0.0029819521760740	0.0000369910172828
0.0029881336311247	0.0000366452053522
0.0029965633031097	0.0000356495107864
0.0030059489330894	0.0000362978321599
0.0030179048508961	0.0000363520364086
0.0030260074946680	0.0003116730822634
0.0030260147432810	0.0002116729539654
0.0030260147432810	0.0010356945321477
0.0030306266100938	0.6382773588069066
0.0030385051414907	1.7290393833264397
0.0030385051414907	1.7306683227097757
0.0030461040554256	0.9554022454554144
0.0030547793334141	0.0680729742003250
0.0030554279083264	0.0020080872708509
0.0030554523687092	0.0005168182176263
0.0030554523687092	0.0000363034388946
0.0030660505570949	0.0000358572879602
0.0030736040196669	-0.0000650673610537
0.0030736040196669	0.0000357877872411
0.0030823299393919	0.0015172365911720
0.0030823312896875	0.0025177098803987
0.0030823330854897	0.0000370171216153
0.0030882442697834	0.0000366298200750
0.0030963670754153	0.0000356441296548
0.0031057266763443	0.0000362505721548
0.0031181153927199	0.0000362629987779
0.0031260069443421	0.0003114492304883
0.0031260141946753	0.0002114488764288
0.0031260141946753	0.0010355510956364
0.0031292673643795	0.4507280417174905
0.0031385071369650	1.7294499540432111
0.0031385071369650	1.7310793039972718
0.0031470316536662	0.8598115740857226
0.0031546686905132	0.0806892991424286
0.0031554416758581	0.0020166481735808
0.0031554662401868	0.0005170769713895
0.0031554662401868	0.0000364902405681
0.0031598857508775	0.0000369827118696
0.0031647138744247	0.0020370698258991
0.0031647158741549	0.0000365298196923
0.0031779439516254	0.0000366144865594
0.0031871568511193	0.0000367486855973
0.0032029829450813	0.0000366085159648
0.0032121831255936	0.0000367357446886
0.0032260067030581	0.0003113056261057
0.0032260139549052	0.0002113051850327
0.0032260139549052	0.0010350740969697
0.0032289003220914	0.4000532513601042
0.0032385078018821	1.7293594888896140
0.0032385078018821	1.7309887483785162
0.0032473250436709	0.8298655250295599
0.0032534700364768	0.2030979137622790
0.0032554478212808	0.0021080968455468
0.0032554733261155	0.0005175950656693
0.0032554733261155	0.0000368645018938
0.0032621968305478	0.0000367149550243
0.0032778739731994	-0.0000646788280573
0.0032778739731994	0.0000365684506425
0.0032871299680665	0.0000367114587845
0.0033030618250964	-0.0000646700406658
0.0033030618250964	0.0000365758429184
0.0033122244054038	0.0000366908020017
0.0033260066149400	-0.0000645461271437
0.0033260066149400	0.0005163675653994
0.0033287781168716	0.3836247377276762
0.0033385080366139	1.7296219336621428
0.0033385080366139	1.7312514555958018
0.0033474300618062	0.8193083081854005
0.0033535875157111	0.1911567023791894
0.0033554475818631	0.0020944460033749
0.0033554729471966	0.0005175314555185
0.0033554729471966	0.0000368185837768
0.0033622792917934	0.0000366662685285
0.0033783922658271	-0.0000648078796281
0.0033783922658271	0.0000361851527684
0.0033847946389919	0.0000369111133602
0.0033895874892300	0.0020370157021098
0.0033895894889596	0.0000364747287118
0.0034032744145455	0.0000365696899375
0.0034123230460256	0.0000366556721168
0.0034260062913956	0.0003112961274805
0.0034260135401043	0.0010353075843379
0.0034320194561665	0.8305864100559341
0.0034385070048004	1.7278419176090778
0.0034385070048004	1.7294696595266845
0.0034471993088004	0.8408010569221768
0.0034533163360196	0.2167201557361780
0.0034554274658625	0.0021256869495196
0.0034554531392503	0.0005175384139000
0.0034554531392503	0.0000368235220802
0.0034620841493029	0.0000366820208724
0.0034781837539197	-0.0000646893992651
0.0034781837539197	0.0000365562493555
0.0034872818345777	0.0000366550932890
0.0035033838114903	-0.0000648179914894
0.0035033838114903	0.0000361748811160
0.0035098058117851	0.0000369025596594
0.0035146044326204	0.0020370051828897
0.0035146064323502	0.0000364645145764
0.0035260069206465	0.0003112547896778
0.0035260141734914	0.0002112544260196
0.0035260141734914	0.0010357709581129
0.0035292235771519	0.4445385344762739
0.0035385072286832	1.7288874650735380
0.0035385072286832	1.7305162525385305
0.0035470626543566	0.8557229234215803
0.0035546611683260	0.0802027532242238
0.0035554290560133	0.0020165914989766
0.0035554536107819	0.0005169607078777
0.0035554536107819	0.0000364061754922
0.0035598435586717	0.0000369001823552
0.0035646586901233	0.0020369956232405
0.0035646606898533	0.0000364552222237
0.0035780796693972	0.0000365463289496
0.0035872220818235	0.0000366622040320
0.0036027946122220	0.0000365148928664
0.0036120857014178	0.0000366725220607
0.0036260068956228	0.0003112296450361
0.0036260141487573	0.0002112292692369
0.0036260141487573	0.0010350452774501
0.0036291836349347	0.4390166509366243
0.0036385072958993	1.7288436273303527
0.0036385072958993	1.7304723709577319
0.0036470871602218	0.8531584304963561
0.0036546634116917	0.0798838344326836
0.0036554281475351	0.0020165753321029
0.0036554527015944	0.0005169536332067
0.0036554527015944	0.0000364010535114
0.0036598003870830	0.0000368938656835
0.0036645982873420	0.0020369971104659
0.0036646002870717	0.0000364562746106
0.0036782416186364	0.0000365508685284
0.0036873058850332	0.0000366421757958
0.0037033268057087	0.0000361554254110
0.0037098759211937	0.0000368882576196
0.0037124009161607	0.0020369349502130
0.0037124029160127	0.0000366388001408
0.0037260067401612	0.0003111736939317
0.0037260139937930	0.0002111732708054
0.0037260139937930	0.0010355974233338
0.0037289484609736	0.4065870159579205
0.0037385077351268	1.7289077056229349
0.0037385077351268	1.7305365133285522
0.0037472950340275	0.8321531045284665
0.0037534263859589	0.2065699015008795
0.0037554376364416	0.0021126061234034
0.0037554631785490	0.0005175071756847
0.0037554631785490	0.0000368009904427
0.0037621663040454	0.0000366553602337
0.0037779489407805	-0.0000647298089325
0.0037779489407805	0.0000365172083225
0.0037871629422017	0.0000366518403154
0.0038029581246620	-0.0000647326528027
0.0038029581246620	0.0000365141860657
0.0038121674637948	0.0000366466474428
0.0038260067285676	-0.0000645696884928
0.0038260067285676	0.0005163182753246
0.0038289321692069	0.4047963840590166
0.0038385077519799	1.7292805674607807
0.0038385077519799	1.7309097480282587
0.0038472949613559	0.8324519255391756
0.0038534286563011	0.2065699784643542
0.0038554397144023	0.0021124380566086
0.0038554652526315	0.0005174796949363
0.0038554652526315	0.0000367811371479
0.0038621695269688	0.0000366346379571
0.0038779396020215	-0.0000647518960682
0.0038779396020215	0.0000364951724334
0.0038871603452337	0.0000366303361570
0.0039029644308859	-0.0000647544280080
0.0039029644308859	0.0000364924662156
0.0039121726584090	0.0000366240171592
0.0039260067176396	-0.0000645935577919
0.0039260067176396	0.0005162866410583
0.0039289155738801	0.4024772932049412
0.0039385077888455	1.7291541199886100
0.0039385077888455	1.7307831741085111
0.0039473105985833	0.8306503442774796
0.0039534427050736	0.2048710839858311
0.0039554368808909	0.0021104530174290
0.0039554623972833	0.0005174512309499
0.0039554623972833	0.0000367605754010
0.0039621792831397	0.0000366143435980
0.0039779100718380	-0.0000647733886100
0.0039779100718380	0.0000364740218561
0.0039871448667121	0.0000366141157597
0.0040030054963151	-0.0000647674071772
0.0040030054963151	0.0000364792715703
0.0040121927057055	0.0000366050759691
0.0040260066745852	-0.0000646194212957
0.0040260066745852	0.0005162534849577
0.0040288547474040	0.3940686598245774
0.0040385079096786	1.7290715168110031
0.0040385079096786	1.7307004883278465
0.0040473652477126	0.8249592955878557
0.0040535009377134	0.1987740120132065
0.0040554350855319	0.0021033044857357
0.0040554605295803	0.0005174263706573
0.0040554605295803	0.0000367426307856
0.0040622195134646	0.0000365953232095
0.0040777997732709	-0.0000647990545301
0.0040777997732709	0.0000364495322881
0.0040870889949458	0.0000366066488178
0.0041031663237111	-0.0000647644707874
0.0041031663237111	0.0000364814776405
0.0041122731600823	0.0000365834157091
0.0041260065001749	-0.0000646691721352
0.0041260065001749	0.0005161986238687
0.0041319355686718	0.8192367700667655
0.0041385070401499	1.7278724633766682
0.0041385070401499	1.7295002358400045
0.0041475261198527	0.8072996257207676
0.0041536740180188	0.1798751270871765
0.0041554225089466	0.0020831248626145
0.0041554477531997	0.0005174107337858
0.0041554477531997	0.0000367313820667
0.0041623310421685	0.0000365820508530
0.0041782652494407	-0.0000649001303081
0.0041782652494407	0.0000360902930862
0.0041849509018090	0.0000368293528872
0.0041898113887800	0.0020369044892597
0.0041898133885104	0.0000363651312880
0.0042026990385950	0.0000364498404873
0.0042120295397810	0.0000366246650891
0.0042260070000182	0.0003111620423930
0.0042260142542139	0.0002111617044119
0.0042260142542139	0.0010353667045031
0.0042293565345584	0.4627729860897665
0.0042385070050658	1.7284727801740827
0.0042385070050658	1.7301011529542003
0.0042469511111485	0.8663642338185927
0.0042546409577819	0.0812691807628623
0.0042554190357030	0.0020164731306201
0.0042554435812491	0.0005168563330260
0.0042554435812491	0.0000363307332928
0.0042600376460264	0.0000368306616900
0.0042649301618917	0.0020368891657030
0.0042649321616226	0.0000363506403155
0.0042781912709680	0.0000360940837201
0.0042850406499314	0.0000368394363471
0.0042876235061715	0.0020368696696085
0.0042876255060249	0.0000365762711414
0.0043031757632952	0.0000361002521098
0.0043100616313972	0.0000368466129888
0.0043126494313039	0.0020368747227855
0.0043126514311575	0.0000365817534566
0.0043260059440110	0.0003111861823030
0.0043260131937067	0.0010354594035613
0.0043321299292457	0.8457597906194692
0.0043385069985612	1.7275789119205422
0.0043385069985612	1.7292063908324757
0.0043467515070479	0.8858863604855823
0.0043546255681671	0.0820610283455954
0.0043554114354741	0.0020157298804946
0.0043554359736987	0.0005168556998011
0.0043554359736987	0.0000363303331665
0.0043651600214706	0.0000363172101305
0.0043721153248082	0.0000355601305106
0.0043779829562354	0.0000360342646312
0.0043904586887734	0.0000358094533279
0.0043978572061199	0.0000356477191507
0.0044052951426651	0.0010358834941385
0.0044052971420929	0.0000367660202029
0.0044125984736285	0.0000366171564989
0.0044260049932016	0.0003111482653730
0.0044260122423040	0.0002111482213252
0.0044260122423040	0.0010360549506015
0.0044324774852762	0.8939052131459772
0.0044385069188012	1.7276203913937225
0.0044385069188012	1.7292479117850965
0.0044458194242583	0.9827570854482871
0.0044549037904909	0.0531833618479651
0.0044554058499693	0.0020041079892450
0.0044554302540135	0.0005165929072702
0.0044554302540135	0.0000361405709035
0.0044587363984266	0.0015168083637720
0.0044587377491641	0.0025172489776167
0.0044587395451300	0.0000370085216928
0.0044637183390030	0.0000364763207015
0.0044706149255253	0.0000355509045783
0.0044789504759647	0.0000366350851606
0.0044877331250094	0.0000366137454462
0.0044973398068632	0.0000355971622110
0.0045048674272688	0.0000362444814110
0.0045158604131794	0.0000361880015629
0.0045204856117706	0.0000355559453273
0.0045260038345330	0.0003111207607892
0.0045260110858124	0.0010353075409509
0.0045299265004852	0.5419975559786989
0.0045385060885850	1.7292711536069212
0.0045385060885850	1.7309003247605224
0.0045465299756537	0.9101746467642651
0.0045546525146385	0.0810873257945988
0.0045554288515098	0.0020141307731054
0.0045554533740248	0.0005168552199273
0.0045554533740248	0.0000363300540703
0.0045655832541306	0.0000362586655241
0.0045710748055776	0.0000355673551319
0.0045768153743607	0.0000359045590398
0.0045820874753140	0.0010356962222947
0.0045820894756471	0.0000369268162605
0.0045881811308284	0.0000365669334490
0.0045964761472950	0.0000355778598642
0.0046038802072972	0.0000360761677420
0.0046179888982923	0.0000362508001213
0.0046260072874982	0.0003114544846258
0.0046260145384265	0.0002114542619337
0.0046260145384265	0.0010357504281528
0.0046299503521975	0.5448373312533477
0.0046385060518801	1.7288677043728942
0.0046385060518801	1.7304964720773384
0.0046465276940598	0.9100509267612962
0.0046546501098117	0.0810299100522671
0.0046554259323689	0.0020140994580311
0.0046554504559472	0.0005168729603475
0.0046554504559472	0.0000363428835751
0.0046655878047330	0.0000362710383473
0.0046710625499293	0.0000355804910777
0.0046768020367595	0.0000359159102093
0.0046820447679204	0.0010357041344728
0.0046820467682522	0.0000369360026781
0.0046881694810945	0.0000365800040509
0.0046964975684221	0.0000355888796115
0.0047039044882430	0.0000360897965943
0.0047179702062001	0.0000362683078023
0.0047260073392820	0.0003114938003329
0.0047260145898170	0.0002114935995490
0.0047260145898170	0.0010357731883899
0.0047300878557499	0.5638243442505461
0.0047385058526489	1.7288798041702946
0.0047385058526489	1.7305085839743810
0.0047464352645462	0.9214662223760105
0.0047546828410116	0.0776751329841626
0.0047554257017181	0.0020124059794186
0.0047554502072011	0.0005168537979548
0.0047554502072011	0.0000363290593119
0.0047657943388852	0.0000362293305198
0.0047706212432914	0.0000355819390796
0.0047763272837560	0.0000358633334828
0.0047806837409395	0.0010355558936604
0.0047806857412214	0.0000368401708748
0.0047877394195509	0.0000366426746953
0.0047973428268207	0.0000356261881274
0.0048048685328015	0.0000362730933911
0.0048158573871593	0.0000362161871751
0.0048204932626424	0.0000355830649117
0.0048260038491017	0.0003111758577741
0.0048260110996673	0.0010353354891999
0.0048299382703515	0.5436721302766833
0.0048385060665809	1.7294301668243977
0.0048385060665809	1.7310594969911497
0.0048465202239665	0.9114252069329970
0.0048546574443912	0.0809388783539619
0.0048554324139489	0.0020140234079123
0.0048554569378886	0.0005168872910450
0.0048554569378886	0.0000363532488452
0.0048656006271751	0.0000362786202519
0.0048710369812424	0.0000355903333352
0.0048767741169412	0.0000359223574852
0.0048819286053106	0.0010357021670282
0.0048819306056385	0.0000369381124841
0.0048881358713073	0.0000365953436322
0.0048965586178213	0.0000356019351491
0.0049039736420693	0.0000361135692335
0.0049179026958808	0.0000363082461799
0.0049260074925581	0.0003115865149431
0.0049260147422976	0.0002115863867465
0.0049260147422976	0.0010358309721623
0.0049306101748551	0.6359117578672416
0.0049385051668061	1.7287835637067868
0.0049385051668061	1.7304122472704633
0.0049461163782140	0.9537411806254025
0.0049547666711946	0.0687919996330755
0.0049554221822242	0.0020083185996410
0.0049554466409383	0.0005167670868740
0.0049554466409383	0.0000362664562143
0.0049660064886763	0.0000358226724786
0.0049735450349147	-0.0000651085105292
0.0049735450349147	0.0000357467152847
0.0049820830639426	0.0015171610819594
0.0049820844142483	0.0025176399636034
0.0049820862100564	0.0000369637874326
0.0049881702624510	0.0000366038630017
0.0049964953730247	0.0000356120106405
0.0050058711211078	0.0000362468389954
0.0050179749052627	0.0000362882096509
0.0050260073302222	0.0003115321698361
0.0050260145802326	0.0002115319644503
0.0050260145802326	0.0010356119616071
0.0050300652706889	0.5607509780201633
0.0050385058811060	1.7290157472100258
0.0050385058811060	1.7306446629571728
0.0050464486609200	0.9203246117983680
0.0050546841516690	0.0778526206881189
0.0050554288354499	0.0020125350339749
0.0050554533446158	0.0005168851130300
0.0050554533446158	0.0000363517001178
0.0050657634220831	0.0000362553676967
0.0050706875635420	0.0000356008550806
0.0050763975253142	0.0000358899283508
0.0050808409627561	0.0010355930451012
0.0050808429630443	0.0000368705620387
0.0050877927926390	0.0000366535776886
0.0050972202065922	0.0000356382310216
0.0051047282106037	0.0000362632082591
0.0051152838119101	0.0000358942839931
0.0051226493993017	0.0000357042534167
0.0051260072505267	0.0010355955250427
0.0051295968827732	0.4971217999311350
0.0051385065823581	1.7301624959480459
0.0051385065823581	1.7317925584440079
0.0051467613165165	0.8877979867149369
0.0051546549804262	0.0823035273929184
0.0051554435589436	0.0020158791931499
0.0051554681078292	0.0005169746107633
0.0051554681078292	0.0000364163134453
0.0051651273782965	0.0000364016811118
0.0051722284661021	0.0000356395168399
0.0051781121535386	0.0000361275749119
0.0051902700184475	0.0000359006719745
0.0051976352291644	0.0000357095623962
0.0052049109209269	0.0010359097543315
0.0052049129203257	0.0000368043472192
0.0052124629479733	0.0000367031201955
0.0052260056505994	0.0003113480899822
0.0052260128978153	0.0010361848648478
0.0052322535886801	0.8631530026129767
0.0052385069437951	1.7281213460276992
0.0052385069437951	1.7297493673736375
0.0052464047505542	0.9240205059964388
0.0052546842053716	0.0770768643999110
0.0052554212699596	0.0020120498678171
0.0052554457740604	0.0005168811388047
0.0052554457740604	0.0000363488405577
0.0052658624840469	0.0000362400694258
0.0052704782311550	0.0000356081370403
0.0052761781152410	0.0000358720074376
0.0052803796018476	0.0010355436218160
0.0052803816021166	0.0000368411487721
0.0052876370174894	0.0000366804521462
0.0053026299815857	0.0000361135050616
0.0053155729769749	0.0000363071961296
0.0053211016935715	0.0000356132122075
0.0053260049662163	0.0003113612133067
0.0053260122151409	0.0010354586433963
0.0053310908650796	0.7026435077923202
0.0053385046210198	1.7290941508435651
0.0053385046210198	1.7307231449943612
0.0053458569115375	0.9804270607681299
0.0053549046953964	0.0548878256451600
0.0053554236565473	0.0020044937820975
0.0053554480721944	0.0005166947488769
0.0053554480721944	0.0000362142257770
0.0053680634748874	0.0000362598200429
0.0053785070211527	-0.0000645914023146
0.0053785070211527	0.0000366544705590
0.0053874317120311	0.0000367060812133
0.0054030560057572	-0.0000648005726122
0.0054030560057572	0.0000361848191327
0.0054102360615225	0.0000369366956120
0.0054151919566933	0.0020369565704409
0.0054151939564252	0.0000364200267984
0.0054260049522442	0.0003112845615264
0.0054260121995168	0.0002112845151179
0.0054260121995168	0.0010355871640054
0.0054324871019242	0.8954627513908172
0.0054385069136718	1.7280545213698462
0.0054385069136718	1.7296824758912384
0.0054457958113984	0.9858439248720001
0.0054549363958547	0.0508319378868848
0.0054554155381123	0.0020480684258095
0.0054554404467560	0.0005175276545352
0.0054554404467560	0.0000368161426422
0.0054635357890325	0.0000365654457543
0.0054708891864581	0.0000356137569586
0.0054766135115080	0.0000359263175753
0.0054814016022101	0.0010356676585956
0.0054814036025196	0.0000369226831561
0.0054879798196691	0.0000366388207596
0.0054968517351832	0.0000356333139451
0.0055043069616603	0.0000361942364904
0.0055160335249676	0.0000358369879847
0.0055235804172870	0.0000357651108724
0.0055260072487203	0.0010356497788298
0.0055310952343189	0.7039516231131397
0.0055385046054639	1.7298297948335759
0.0055385046054639	1.7314595246284683
0.0055458602882151	0.9808461766823112
0.0055549137477478	0.0547586249648169
0.0055554314599935	0.0020044790658773
0.0055554558762824	0.0005167049851977
0.0055554558762824	0.0000362216289801
0.0055680566125336	0.0000362684106103
0.0055785553342645	-0.0000645825949749
0.0055785553342645	0.0000366635685558
0.0055874565008966	0.0000367078201989
0.0056030037690126	-0.0000648036076172
0.0056030037690126	0.0000361806343811
0.0056103087367405	0.0000369357641286
0.0056152887702437	0.0020369416351801
0.0056152907699759	0.0000364056957693
0.0056224108115931	0.0000356604704626
0.0056260069464762	0.0003116217721442
0.0056260141937922	0.0010356585182722
0.0056326629595704	0.9194481184662920
0.0056385068648181	1.7276619070289028
0.0056385068648181	1.7292894689360352
0.0056454832023311	1.0172493365921054
0.0056539077310496	0.1553610546304863
0.0056554163825077	0.0020566768860939
0.0056554413788577	0.0005175661108069
0.0056554413788577	0.0000368437674209
0.0056628002494889	0.0000366660943160
0.0056722060108792	0.0000356507856963
0.0056780864840919	0.0000361341117188
0.0056903087324350	0.0000359043442775
0.0056976781605672	0.0000357178620625
0.0057049811397428	0.0010359227616689
0.0057049831391481	0.0000368155266309
0.0057124927973821	0.0000367046444652
0.0057260055159520	0.0003113442846328
0.0057260127630605	0.0010361760121646
0.0057323012442680	0.8697601308041587
0.0057385069345580	1.7281337466614120
0.0057385069345580	1.7297617804079501
0.0057462616590137	0.9385875777397655
0.0057547165502862	0.0737168880632016
0.0057554205589211	0.0020103049151764
0.0057554450430132	0.0005168436241767
0.0057554450430132	0.0000363217592257
0.0057655003884009	0.0000358890777346
0.0057729059017526	-0.0000651219888849
0.0057729059017526	0.0000357331586277
0.0057803867773996	0.0015170160604695
0.0057803881276589	0.0025175392147139
0.0057803899234644	0.0000368556170324
0.0057876294907394	0.0000366941468622
0.0058026423638275	0.0000361261694437
0.0058155600466782	0.0000363203925794
0.0058211353460999	0.0000356236979939
0.0058260104341599	0.0003113882218925
0.0058260176827689	0.0010354736500801
0.0058311782843455	0.7139799022953173
0.0058385045373545	1.7283760660722329
0.0058385045373545	1.7300043421383826
0.0058458182535901	0.9836711543618855
0.0058549220987664	0.0524512420105491
0.0058554171604240	0.0020039915681455
0.0058554415713030	0.0005166967637513
0.0058554415713030	0.0000362156964244
0.0058590449551248	0.0015169314319268
0.0058590463058430	0.0025173568341050
0.0058590481017959	0.0000370803362740
0.0058639683153268	0.0000365083189980
0.0058702644576651	0.0000356184822775
0.0058784619703050	0.0000366554580638
0.0058875061399501	0.0000367037603173
0.0059029016763692	0.0000361640161518
0.0059152030262615	0.0000363978887964
0.0059220207444206	0.0000356444712668
0.0059260064371703	0.0003115567460269
0.0059260136847939	0.0010356050357441
0.0059330311758269	0.9702843084674628
0.0059385065830943	1.7274222269890180
0.0059385065830943	1.7290495492160782
0.0059428468320056	1.2857594403765171
0.0059538453810382	0.1606115334036682
0.0059554056906557	0.0020611374501567
0.0059554307317380	0.0005175765253227
0.0059554307317380	0.0000368512770231
0.0059627559459208	0.0000366771909073
0.0059722951310486	0.0000356588718677
0.0059781878656344	0.0000361535348017
0.0059909276283021	0.0000362319749508
0.0059953563833021	0.0000356149518841
0.0060024836482877	0.0000365501415142
0.0060125574998954	0.0000366962627816
0.0060260052119067	0.0003113154762960
0.0060260124590516	0.0002113154577084
0.0060260124590516	0.0010349728773643
0.0060324050125474	0.8841149674324305
0.0060385069199020	1.7280990628289632
0.0060385069199020	1.7297270618917431
0.0060459919390980	0.9659616426966261
0.0060548181957689	0.0631081763390501
0.0060554179175936	0.0020065012984572
0.0060554423574319	0.0005167533740669
0.0060554423574319	0.0000362565816289
0.0060666993304173	0.0000357973931909
0.0060745774578089	-0.0000650097717867
0.0060745774578089	0.0000358453958236
0.0060907173831738	0.0000358789800923
0.0060981759964535	-0.0000651006601979
0.0060981759964535	0.0000357544876107
0.0061059650170919	0.0015174809987273
0.0061059663670043	0.0025179874442534
0.0061059681626661	0.0000369070134246
0.0061128331562133	0.0000366739452624
0.0061221394558987	0.0000356587263257
0.0061260120007047	0.0003115942486838
0.0061260192479958	0.0010356299214226
0.0061329342158855	0.9561823903496421
0.0061385066902706	1.7267998271195875
0.0061385066902706	1.7284265269467987
0.0061426134167694	1.3089524566808990
0.0061537646994688	0.1683056149746053
0.0061554007410706	0.0020694768019588
0.0061554258662843	0.0005176022782885
0.0061554258662843	0.0000368698383143
0.0061625833870057	0.0000367072843853
0.0061777367929156	-0.0000648301716973
0.0061777367929156	0.0000361483478524
0.0061904298619377	0.0000363571344282
0.0061964451251404	0.0000356370129347
0.0062022260381824	0.0000360203144062
0.0062180248738296	0.0000362959065201
0.0062260071903426	0.0003115366478164
0.0062260144399836	0.0002115363861553
0.0062260144399836	0.0010359342723594
0.0062297290247852	0.5144179891247059
0.0062385063768462	1.7293072206640716
0.0062385063768462	1.7309364278846919
0.0062466833196172	0.8949551873806252
0.0062546505067422	0.0820501375680145
0.0062554366610845	0.0020153503877960
0.0062554612062917	0.0005169940830878
0.0062554612062917	0.0000364304157031
0.0062652733164477	0.0000363973868880
0.0062718329369551	0.0000356531111574
0.0062776632499678	0.0000360873134449
0.0062910620606447	0.0000358545711014
0.0062986210973754	0.0000357863390918
0.0063074071685692	0.0010362076119651
0.0063074091680968	0.0000370190178227
0.0063132693902575	0.0000366233519772
0.0063213239631607	0.0000356401760405
0.0063260053466782	0.0003114507709741
0.0063260125947288	0.0010355150169492
0.0063319845671409	0.8259783096905630
0.0063385038647166	1.7288372381794965
0.0063385038647166	1.7304659754177227
0.0063454083181835	1.0257883196973352
0.0063537676620916	0.1705988070141043
0.0063554261991909	0.0020697960111955
0.0063554513265172	0.0005175892061402
0.0063554513265172	0.0000368604153594
0.0063626999890381	0.0000366880595514
0.0063724169631903	0.0000356690872127
0.0063783265914857	0.0000361809684621
0.0063907594201949	0.0000362766131211
0.0063956998117783	0.0000356208380696
0.0064029861360356	0.0000366048458104
0.0064128040801583	0.0000366710879487
0.0064221986217986	0.0000356558310516
0.0064260066792970	0.0003115943749163
0.0064260139266756	0.0010356334101584
0.0064328661774132	0.9475171203691458
0.0064385067652790	1.7275583084416326
0.0064385067652790	1.7291857667500314
0.0064424763846568	1.3236720030187290
0.0064537630905666	0.1691916170316362
0.0064554078004713	0.0020712114801450
0.0064554329424789	0.0005175987721983
0.0064554329424789	0.0000368672896135
0.0064625019190952	0.0000367084048464
0.0064779066427699	-0.0000648147359949
0.0064779066427699	0.0000361674008882
0.0064901998193671	0.0000364010188322
0.0064970331771492	0.0000356471362709
0.0065028898940218	0.0000361083923881
0.0065156310647711	0.0000358814823377
0.0065230644065816	0.0000357458389966
0.0065260072492183	0.0010357844478034
0.0065301415436956	0.5723454439033091
0.0065385057637832	1.7301751436903723
0.0065385057637832	1.7318052188341204
0.0065463919982493	0.9273281595992851
0.0065547080367989	0.0767158031438432
0.0065554416102439	0.0020118672181152
0.0065554661140658	0.0005169007409456
0.0065554661140658	0.0000363630193200
0.0065658806984290	0.0000362486234345
0.0065704507091635	0.0000356203261719
0.0065761497568623	0.0000358806440341
0.0065803256767966	0.0010355484305241
0.0065803276770632	0.0000368483378139
0.0065876193571950	0.0000366940651828
0.0066026668505459	0.0000361302716093
0.0066155223142302	0.0000363294245943
0.0066212201006284	0.0000356257604084
0.0066260051723219	0.0003114073180495
0.0066260124208012	0.0010354878460990
0.0066314724888602	0.7553071203940063
0.0066385042401643	1.7289978030020094
0.0066385042401643	1.7306267008049199
0.0066456873703468	0.9975603508679493
0.0066545497525328	0.0909800510879724
0.0066554253064801	0.0020173466825354
0.0066554499138715	0.0005175427147217
0.0066554499138715	0.0000368269977372
0.0066632205382409	0.0000366122592816
0.0066714100180340	0.0000356258384598
0.0066771870273837	0.0000360038568812
0.0066930623492713	0.0000362671599409
0.0067035140586407	0.0000366616757977
0.0067124355872692	0.0000367120631766
0.0067260057870978	0.0003113781836427
0.0067260130340830	0.0010353327197436
0.0067322007329461	0.8558673032888531
0.0067385069568333	1.7281926876217439
0.0067385069568333	1.7298207803093009
0.0067465573526759	0.9066260469989446
0.0067546461344042	0.0812205313974333
0.0067554240101076	0.0020143340267949
0.0067554485411874	0.0005169402765206
0.0067554485411874	0.0000363915505023
0.0067655265529682	0.0000363273047778
0.0067712017532020	0.0000356246516619
0.0067769555929941	0.0000359768835638
0.0067827487243665	0.0010358156380315
0.0067827507247201	0.0000370244873253
0.0067883727395583	0.0000365933564589
0.0067961500764581	0.0000356223789627
0.0068035161628810	0.0000360655657137
0.0068074540383938	0.0010356361079042
0.0068074560390341	0.0000370020193921
0.0068132953988950	0.0000366013915105
0.0068212804082231	0.0000356222875639
0.0068260052771558	0.0003114094946675
0.0068260125256887	0.0010354920861612
0.0068317300646354	0.7908220328118561
0.0068385040049435	1.7288539867308954
0.0068385040049435	1.7304827407176038
0.0068455894507735	1.0073326681300769
0.0068542061342770	0.1258170084091875
0.0068554242773217	0.0020353818338473
0.0068554490625801	0.0005175472784407
0.0068554490625801	0.0000368302296785
0.0068630021330411	0.0000366359717531
0.0068718091275630	0.0000356319531200
0.0068776360251756	0.0000360621709323
0.0068911443003522	0.0000358286433408
0.0068987323002564	0.0000357753157625
0.0069079974860484	0.0010362479806256
0.0069079994855942	0.0000370421056859
0.0069134198751271	0.0000365861080123
0.0069210718487719	0.0000356193454306
0.0069260049110358	0.0003113650747079
0.0069260121598701	0.0010354590482927
0.0069310147043602	0.6921532204481909
0.0069385047033232	1.7291535709457388
0.0069385047033232	1.7307826245167433
0.0069458865228926	0.9774992889872214
0.0069548873028150	0.0567849067725670
0.0069554249051344	0.0020049114253232
0.0069554493261333	0.0005167111092003
0.0069554493261333	0.0000362260490507
0.0069680055566589	0.0000362874406594
0.0069788302489505	-0.0000645631246219
0.0069788302489505	0.0000366861720105
0.0069875969566360	0.0000366893382184
0.0070027116750027	-0.0000648463225676
0.0070027116750027	0.0000361317182020
0.0070154565105820	0.0000363390822574
0.0070213729996098	0.0000356238309063
0.0070260019484688	0.0003114292491194
0.0070260091968726	0.0010355069667396
0.0070337939027177	1.0759487120289679
0.0070385062116952	1.7273769096412452
0.0070385062116952	1.7290041865509651
0.0070475514660044	0.8047990863886891
0.0070537136013649	0.1763658786684610
0.0070554288245750	0.0020795083782090
0.0070554540488106	0.0005176057038159
0.0070554540488106	0.0000368722581255
0.0070623529974358	0.0000367195404942
0.0070782276879341	-0.0000647715205662
0.0070782276879341	0.0000362176366834
0.0070850067294850	0.0000369570146996
0.0070898828860637	0.0020370209862066
0.0070898848857944	0.0000364821257126
0.0071032932463673	0.0000362290878672
0.0071099151910453	0.0000369638915345
0.0071124549466290	0.0020370063054830
0.0071124569464813	0.0000367107524782
0.0071260066361950	0.0003112896720227
0.0071260138881584	0.0002112892134417
0.0071260138881584	0.0010356496169021
0.0071288078129895	0.3873002134185193
0.0071385079864692	1.7294099983834981
0.0071385079864692	1.7310393083819631
0.0071474161479406	0.8207035530301242
0.0071535727334600	0.1927761215941148
0.0071554491225307	0.0020962993106704
0.0071554745111576	0.0005175942733885
0.0071554745111576	0.0000368639604836
0.0071622678210708	0.0000367120798724
0.0071776877191182	-0.0000646925608906
0.0071776877191182	0.0000365569963727
0.0071870335235311	0.0000367294458892
0.0072033543417769	-0.0000646335664924
0.0072033543417769	0.0000366116818950
0.0072123699301867	0.0000366830084352
0.0072260060955739	-0.0000646045623243
0.0072260060955739	0.0005163110819216
0.0072320857361095	0.8403265005570359
0.0072385069838595	1.7284807379704998
0.0072385069838595	1.7301091187085329
0.0072469329055172	0.8686161485752028
0.0072546470266254	0.0813958837014588
0.0072554266936403	0.0020164367953819
0.0072554512484488	0.0005169806524738
0.0072554512484488	0.0000364206320080
0.0072600618740762	0.0000369192167115
0.0072649616597478	0.0020369724157467
0.0072649636594788	0.0000364341470337
0.0072781328287335	0.0000361700903076
0.0072851231643078	0.0000369180179698
0.0072877264819849	0.0020369397889552
0.0072877284818389	0.0000366477091210
0.0073029656420240	0.0000361455915960
0.0073151061966417	0.0000363916720884
0.0073222692964314	0.0000356274622038
0.0073260067688641	0.0003115460824980
0.0073260140169752	0.0010356130422900
0.0073327862320320	0.9363793049875136
0.0073385068348786	1.7274244163616257
0.0073385068348786	1.7290517407779302
0.0073452899656685	1.0365938799033285
0.0073535176442531	0.1946843042505736
0.0073554125982306	0.0020942560042246
0.0073554379636139	0.0005175551381013
0.0073554379636139	0.0000368357327675
0.0073625243343541	0.0000366759980604
0.0073778590835746	-0.0000648485219968
0.0073778590835746	0.0000361326880259
0.0073902585513691	0.0000363616820971
0.0073968714376918	0.0000356159773687
0.0074027062221000	0.0000360560197435
0.0074159731389595	0.0000358265193323
0.0074235016841780	0.0000357450869982
0.0074260072492243	0.0010357794276099
0.0074309100785941	0.6783613666927669
0.0074385048077943	1.7297968572521623
0.0074385048077943	1.7314265541095069
0.0074459518436620	0.9714754457716619
0.0074548564812761	0.0605463158829262
0.0074554310003099	0.0020058316128313
0.0074554554310021	0.0005167198485867
0.0074554554310021	0.0000362323476073
0.0074670935458829	0.0000357595569164
0.0074752769993230	-0.0000649615755721
0.0074752769993230	0.0000358935819145
0.0074905222088133	0.0000363192133445
0.0074962061157373	0.0000356152538706
0.0075019588446719	0.0000359673310261
0.0075077749075340	0.0010358076004435
0.0075077769078881	0.0000370155684331
0.0075133839333664	0.0000365815537417
0.0075211315880674	0.0000356119873448
0.0075260050192229	0.0003113629960943
0.0075260122681647	0.0010354610877167
0.0075311789681490	0.7147884852516018
0.0075385045308603	1.7290404755444488
0.0075385045308603	1.7306694160199896
0.0075458127253346	0.9848444771826506
0.0075549334923169	0.0518265680930007
0.0075554223854745	0.0020038775157697
0.0075554467934615	0.0005166736749712
0.0075554467934615	0.0000361989979994
0.0075588622277103	0.0015168952341046
0.0075588635784301	0.0025173299101327
0.0075588653743869	0.0000370642644359
0.0075638209682235	0.0000365150071515
0.0075704690564229	0.0000356025454125
0.0075787354236912	0.0000366652214880
0.0075876358601340	0.0000366735803447
0.0076026337087599	0.0000361073391880
0.0076155674603159	0.0000363019080556
0.0076211139314508	0.0000356069660557
0.0076260049944431	0.0003113511715803
0.0076260122435159	0.0010354542477352
0.0076311248092852	0.7073078340168450
0.0076385045860656	1.7290399895512512
0.0076385045860656	1.7306689295408924
0.0076458414063500	0.9819227539196017
0.0076549133239297	0.0538873253670122
0.0076554224444715	0.0020042833077862
0.0076554468569615	0.0005166805129670
0.0076554468569615	0.0000362039342089
0.0076680945958704	0.0000362412767747
0.0076783493811084	-0.0000646104606743
0.0076783493811084	0.0000366348622911
0.0076873516082240	0.0000367102366181
0.0077032282591665	-0.0000647804782971
0.0077032282591665	0.0000362087207679
0.0077100054696114	0.0000369482397470
0.0077148789335449	0.0020370124491361
0.0077148809332757	0.0000364738540740
0.0077260062988420	0.0003114095809399
0.0077260135460742	0.0010357119139109
0.0077320158144495	0.8302523047356903
0.0077385069994778	1.7281944509866478
0.0077385069994778	1.7298225454377401
0.0077472164686755	0.8396508679908871
0.0077533421629105	0.2148521626749398
0.0077554354932782	0.0021230678797833
0.0077554611467518	0.0005176104781970
0.0077554611467518	0.0000368755921919
0.0077621024637155	0.0000367317719346
0.0077781367596446	-0.0000646443881942
0.0077781367596446	0.0000366011698220
0.0077872600066211	0.0000367058042775
0.0078027068232619	-0.0000646973144865
0.0078027068232619	0.0000365520193748
0.0078120429490742	0.0000367217507634
0.0078260069826479	-0.0000644486468936
0.0078260069826479	0.0005164631210315
0.0078293305372467	0.4598277147654027
0.0078385070205679	1.7295457397087541
0.0078385070205679	1.7311751854484732
0.0078469627891138	0.8666369875955444
0.0078546577086724	0.0813654504049343
0.0078554370750123	0.0020165770845196
0.0078554616312282	0.0005169810787603
0.0078554616312282	0.0000364209317291
0.0078600018873585	0.0000369164802888
0.0078648759472189	0.0020369813191854
0.0078648779469495	0.0000364424049867
0.0078783049671704	0.0000361904514399
0.0078849013119560	0.0000369247678184
0.0078874369832101	0.0020369687630924
0.0078874389830623	0.0000366729020801
0.0079028728460318	0.0000365539936473
0.0079121193262151	0.0000367002997527
0.0079260068268510	0.0003112663332835
0.0079260140793961	0.0002112659335657
0.0079260140793961	0.0010352916189948
0.0079290785473329	0.4245721942564525
0.0079385074788492	1.7290595074853965
0.0079385074788492	1.7306884669930143
0.0079471731227899	0.8447878265773933
0.0079533012880271	0.2196023561877499
0.0079554408505693	0.0021290358433728
0.0079554665582900	0.0005175551979912
0.0079554665582900	0.0000368356422984
0.0079620773541288	0.0000366922446454
0.0079782120549695	-0.0000646777772741
0.0079782120549695	0.0000365676508170
0.0079872965945753	0.0000366611309814
0.0080033519051412	-0.0000648169117713
0.0080033519051412	0.0000361752223599
0.0080098441272384	0.0000369047811394
0.0080146562093391	0.0020369999002440
0.0080146582090691	0.0000364595681939
0.0080260068282386	0.0003112282043646
0.0080260140812863	0.0002112278080816
0.0080260140812863	0.0010357518641840
0.0080290792430925	0.4246390523806068
0.0080385074859419	1.7289440198216814
0.0080385074859419	1.7305728638416722
0.0080471788517291	0.8440135554037814
0.0080533046593009	0.2190160017135527
0.0080554382798506	0.0021283330177269
0.0080554639786785	0.0005175309847256
0.0080554639786785	0.0000368181504858
0.0080620798488433	0.0000366752266065
0.0080782013030788	-0.0000646947323570
0.0080782013030788	0.0000365509072270
0.0080872904527930	0.0000366472883746
0.0081033639266769	-0.0000648274933616
0.0081033639266769	0.0000361649528299
0.0081098253079177	0.0000368939883300
0.0081146322634882	0.0020369924523265
0.0081146342632181	0.0000364519841478
0.0081260068707852	0.0003112201293274
0.0081260141240050	0.0002112197476009
0.0081260141240050	0.0010357504231041
0.0081291440807114	0.4335622931477857
0.0081385073706704	1.7288556930213479
0.0081385073706704	1.7304844487142268
0.0081471252448494	0.8493108612619163
0.0081532480232348	0.2245832530913694
0.0081554362140967	0.0021358280053959
0.0081554619858362	0.0005175204968233
0.0081554619858362	0.0000368105527728
0.0081620388364738	0.0000366693075328
0.0081783269227534	-0.0000646929230418
0.0081783269227534	0.0000365526802358
0.0081873535376277	0.0000366304539219
0.0082032240893034	-0.0000648574079856
0.0082032240893034	0.0000361319427419
0.0082100019969493	0.0000368728067592
0.0082148786276935	0.0020369375014372
0.0082148806274243	0.0000363987513873
0.0082260062997225	0.0003112614705573
0.0082260135488967	0.0010356378176095
0.0082320114696550	0.8294306080774847
0.0082385070141388	1.7277371939729071
0.0082385070141388	1.7293648311670442
0.0082472172506344	0.8388025855327195
0.0082533326958306	0.2148358546960703
0.0082554251500232	0.0021233138875347
0.0082554507981472	0.0005175149851915
0.0082554507981472	0.0000368066012605
0.0082620958479755	0.0000366652251588
0.0082781463756471	-0.0000647078754659
0.0082781463756471	0.0000365379650205
0.0082872624018004	0.0000366428113980
0.0083026929120822	-0.0000647590363348
0.0083026929120822	0.0000364907608553
0.0083120341491827	0.0000366641555989
0.0083260069971065	-0.0000645022334058
0.0083260069971065	0.0005163827183932
0.0083293538104534	0.4629425573564228
0.0083385069931802	1.7291890077883461
0.0083385069931802	1.7308180967960660
0.0083469477562715	0.8675723583606000
0.0083546491592932	0.0814287259564347
0.0083554289333770	0.0020165228361175
0.0083554534830555	0.0005169034462807
0.0083554534830555	0.0000363648029267
0.0083600335959558	0.0000368625443889
0.0083649216965621	0.0020369214853451
0.0083649236962929	0.0000363828768983
0.0083782103309251	0.0000361254207596
0.0083850204394216	0.0000368683789243
0.0083875948241421	0.0020369006954044
0.0083875968239953	0.0000366068808002
0.0084032385164904	0.0000361368170029
0.0084099808199398	0.0000368777389546
0.0084125435785385	0.0020369138325047
0.0084125455783915	0.0000366195197637
0.0084260063982313	0.0003112820326649
0.0084260136472721	0.0010355310926331
0.0084319750453032	0.8244074637243723
0.0084385070239063	1.7277821317804218
0.0084385070239063	1.7294098139120728
0.0084473679656244	0.8235619348323447
0.0084534962553741	0.1983167457928755
0.0084554264818552	0.0021031294785892
0.0084554519309326	0.0005175101185313
0.0084554519309326	0.0000368031389297
0.0084622100877709	0.0000366574945908
0.0084778256425132	-0.0000647360368936
0.0084778256425132	0.0000365121154256
0.0084871011225808	0.0000366652012721
0.0085031363306447	-0.0000647083853961
0.0085031363306447	0.0000365374899401
0.0085122573885186	0.0000366438291833
0.0085260065397862	-0.0000646030659516
0.0085260065397862	0.0005162882047268
0.0085286774994504	0.3696971348240516
0.0085385082503184	1.7294026171749961
0.0085385082503184	1.7310319197920003
0.0085475283301257	0.8089576616467221
0.0085536981292128	0.1794414847842153
0.0085554427570026	0.0020821868283797
0.0085554679969863	0.0005174727856054
0.0085554679969863	0.0000367762264458
0.0085623530456098	0.0000366218524285
0.0085782257044490	-0.0000648670099283
0.0085782257044490	0.0000361224061003
0.0085850026323497	0.0000368630122969
0.0085898794564041	0.0020369279041853
0.0085898814561348	0.0000363889817602
0.0086032954396686	0.0000361381830205
0.0086099105585335	0.0000368742896086
0.0086124513865021	0.0020369174794246
0.0086124533863544	0.0000366218006961
0.0086260066424898	0.0003111186943034
0.0086260138967064	0.0002111182406077
0.0086260138967064	0.0010355643686881
0.0086288121210081	0.3877731544660813
0.0086385080004144	1.7288780381254480
0.0086385080004144	1.7305068161633774
0.0086474165497591	0.8197613274652094
0.0086535604081144	0.1928840514329640
0.0086554371152789	0.0020966797531381
0.0086554624987696	0.0005174838650467
0.0086554624987696	0.0000367841907001
0.0086622587245082	0.0000366352549274
0.0086777013249580	-0.0000647657512142
0.0086777013249580	0.0000364839693467
0.0086870381503301	0.0000366562862827
0.0087033277008179	-0.0000647055052155
0.0087033277008179	0.0000365400613197
0.0087123535095103	0.0000366171711436
0.0087260061563628	-0.0000646638731810
0.0087260061563628	0.0005162210307094
0.0087320584911195	0.8363620202599168
0.0087385070038019	1.7280866525142624
0.0087385070038019	1.7297146391668428
0.0087470164961687	0.8594652397254405
0.0087546471275435	0.0805517928748081
0.0087554183157802	0.0020165099651926
0.0087554428660821	0.0005169132529589
0.0087554428660821	0.0000363718748946
0.0087599238230687	0.0000368693581599
0.0087647742694325	0.0020369491975126
0.0087647762691629	0.0000364096517369
0.0087777876917066	0.0000364947568772
0.0087870750044738	0.0000366552372070
0.0088032071967927	0.0000365319718064
0.0088122926209496	0.0000366279768069
0.0088260064223830	0.0003112498064401
0.0088260136718802	0.0010349297912066
0.0088319713096035	0.8238363935846535
0.0088385070220666	1.7276720262191267
0.0088385070220666	1.7292995982455874
0.0088473965837791	0.8204655698419159
0.0088535256920522	0.1950869491165868
0.0088554240264287	0.0020994871914496
0.0088554494375770	0.0005174842555714
0.0088554494375770	0.0000367844619993
0.0088622300866029	0.0000366385884940
0.0088777706590880	-0.0000647579661316
0.0088777706590880	0.0000364908835209
0.0088870729718337	0.0000366526998523
0.0089032186343958	-0.0000647153649612
0.0089032186343958	0.0000365303503838
0.0089122983185402	0.0000366247003645
0.0089260063975152	-0.0000646361851824
0.0089260063975152	0.0005162485696751
0.0089319724666412	0.8244707790183949
0.0089385070243306	1.7281327155060942
0.0089385070243306	1.7297607482215378
0.0089473664286875	0.8239737377328791
0.0089534959585223	0.1985348679349987
0.0089554281215109	0.0021033240602870
0.0089554535700791	0.0005174800546131
0.0089554535700791	0.0000367814174772
0.0089622116680642	0.0000366356914248
0.0089778205401446	-0.0000647573476019
0.0089778205401446	0.0000364909575855
0.0089870979024432	0.0000366453473960
0.0090031428838669	-0.0000647270972068
0.0090031428838669	0.0000365188491128
0.0090122599519260	0.0000366247003778
0.0090260065328024	-0.0000646228281378
0.0090260065328024	0.0005162600149549
0.0090286677329421	0.3683265026247061
0.0090385082749041	1.7292934820713259
0.0090385082749041	1.7309226755532852
0.0090475383102580	0.8077581845720805
0.0090537074650295	0.1782563539160809
0.0090554403044526	0.0020810382029260
0.0090554655312168	0.0005174487867481
0.0090554655312168	0.0000367588887585
0.0090623589722243	0.0000366047821616
0.0090782110382680	-0.0000648848573828
0.0090782110382680	0.0000361042834902
0.0090850208668402	0.0000368463577567
0.0090899051694150	0.0020369078085041
0.0090899071691458	0.0000363690589015
0.0091032429619105	0.0000361147154710
0.0091099770532052	0.0000368554180763
0.0091125390523660	0.0020368920781475
0.0091125410522188	0.0000365975421046
0.0091260064211237	0.0003112409010753
0.0091260136707358	0.0010355118194108
0.0091319651634208	0.8229763188199735
0.0091385070310562	1.7276510396416771
0.0091385070310562	1.7292785906811536
0.0091474042341318	0.8196540441046012
0.0091535338434405	0.1942155582982487
0.0091554235885081	0.0020985125527785
0.0091554489896743	0.0005174793994375
0.0091554489896743	0.0000367809557055
0.0091622356047197	0.0000366349638487
0.0091777558655946	-0.0000647624630755
0.0091777558655946	0.0000364865778129
0.0091870654462069	0.0000366507085761
0.0092032412575815	-0.0000647159125691
0.0092032412575815	0.0000365297813345
0.0092123096276865	0.0000366208020139
0.0092260063482897	-0.0000646439370489
0.0092260063482897	0.0005162396109463
0.0092319893124251	0.8267937234621703
0.0092385070210968	1.7281114995670308
0.0092385070210968	1.7297395110665272
0.0092472921033186	0.8314922654829066
0.0092534140527025	0.2068118036202753
0.0092554274975432	0.0021131808406190
0.0092554530433247	0.0005174827148087
0.0092554530433247	0.0000367833132675
0.0092621549630904	0.0000366397713044
0.0092779751327014	-0.0000647432128617
0.0092779751327014	0.0000365036764992
0.0092871755330251	0.0000366347759642
0.0093029207564783	-0.0000647514923021
0.0093029207564783	0.0000364958527513
0.0093121481261100	0.0000366352210591
0.0093260067672995	-0.0000645726614894
0.0093260067672995	0.0005163080053941
0.0093289868484674	0.4123179261138829
0.0093385076544030	1.7291951426483900
0.0093385076544030	1.7308242377909613
0.0093472514166517	0.8367323433514011
0.0093533800611689	0.2113285058456461
0.0093554377524639	0.0021183558383133
0.0093554633480306	0.0005174686365560
0.0093554633480306	0.0000367731309216
0.0093621353216757	0.0000366282230281
0.0093780345310107	-0.0000647519568644
0.0093780345310107	0.0000364944730189
0.0093872077632996	0.0000366155816050
0.0094028334953968	-0.0000647772629559
0.0094028334953968	0.0000364708718381
0.0094121065215379	0.0000366224213820
0.0094260068520748	-0.0000645711651576
0.0094260068520748	0.0005163036511574
0.0094291131942671	0.4297100635341428
0.0094385074231378	1.7290475348291876
0.0094385074231378	1.7306764823640131
0.0094471417768378	0.8476224708107606
0.0094532628333155	0.2229272411556661
0.0094554342524180	0.0021335017803379
0.0094554599957844	0.0005174534409475
0.0094554599957844	0.0000367621103495
0.0094620514179397	0.0000366206074759
0.0094782828560572	-0.0000647439838589
0.0094782828560572	0.0000365017326917
0.0094873323142585	0.0000365859261685
0.0095032669462993	-0.0000648976183130
0.0095032669462993	0.0000360928333192
0.0095099474168584	0.0000368308658966
0.0095148034376674	0.0020369064430986
0.0095148054373979	0.0000363671439030
0.0095260065485725	0.0003110051439035
0.0095260138041554	0.0002110046611575
0.0095260138041554	0.0010356245210619
0.0095286866948972	0.3704264664386464
0.0095385082572583	1.7286587940302172
0.0095385082572583	1.7302873528243810
0.0095475300022126	0.8078645838018271
0.0095536877666430	0.1794610388914851
0.0095554322669759	0.0020824930092266
0.0095554575059297	0.0005174222008725
0.0095554575059297	0.0000367396719428
0.0095623437086814	0.0000365882776659
0.0095782409084874	-0.0000648964061044
0.0095782409084874	0.0000360934515260
0.0095849826835174	0.0000368343390285
0.0095898549422991	0.0020369033723500
0.0095898569420297	0.0000363643121375
0.0096033427094413	0.0000361195944604
0.0096098462589534	0.0000368524754370
0.0096123693501846	0.0020369018732982
0.0096123713500363	0.0000366051642869
0.0096260068033622	0.0003111233608056
0.0096260140577484	0.0002111229593946
0.0096260140577484	0.0010355760685913
0.0096290387110701	0.4189768961603251
0.0096385075746408	1.7286618975558194
0.0096385075746408	1.7302904594533117
0.0096472192119133	0.8394414478061055
0.0096533402767137	0.2147962450104494
0.0096554319902407	0.0021230221816636
0.0096554576315948	0.0005174670369966
0.0096554576315948	0.0000367719604681
0.0096621054841941	0.0000366295829461
0.0096781182292934	-0.0000647438164212
0.0096781182292934	0.0000365022983280
0.0096872469897038	0.0000366122265587
0.0097027286305348	-0.0000647861256517
0.0097027286305348	0.0000364632161202
0.0097120511549104	0.0000366311087411
0.0097260069603058	-0.0000645425321655
0.0097260069603058	0.0005163297758257
0.0097292872883363	0.4537181297691037
0.0097385071128739	1.7290156142323598
0.0097385071128739	1.7306445298466175
0.0097469992804004	0.8620482325722005
0.0097546504599564	0.0809319638048368
0.0097554252719701	0.0020165786649593
0.0097554498198883	0.0005168736847766
0.0097554498198883	0.0000363432674625
0.0097599477622291	0.0000368400343716
0.0097648045765329	0.0020369155308190
0.0097648065762634	0.0000363761202860
0.0097777156515490	0.0000364595675758
0.0097870408237972	0.0000366311275956
0.0098033110973073	0.0000365151060081
0.0098123440061516	0.0000365961897873
0.0098260061943598	0.0003111757034451
0.0098260134445166	0.0010348800753878
0.0098320479819971	0.8343681813226077
0.0098385070113980	1.7274916057606362
0.0098385070113980	1.7291189973663459
0.0098470654652330	0.8538200931184801
0.0098546473165824	0.0798366614596038
0.0098554114471079	0.0020164508070243
0.0098554359958286	0.0005169004006210
0.0098554359958286	0.0000363625681377
0.0098598459054152	0.0000368594638955
0.0098646683495571	0.0020369539344567
0.0098646703492871	0.0000364136803257
0.0098780497853053	0.0000365054211128
0.0098872056784466	0.0000366267740305
0.0099028333354382	0.0000364830678710
0.0099121040190812	0.0000366357625974
0.0099260068564662	0.0003111485241742
0.0099260141106036	0.0002111481363720
0.0099260141106036	0.0010350025379499
0.0099291201783355	0.4302138033412587
0.0099385074180641	1.7286549089578014
0.0099385074180641	1.7302834638669817
0.0099471416668132	0.8473057221659495
0.0099532605108240	0.2228842887709535
0.0099554316745394	0.0021335451096342
0.0099554574201116	0.0005174752282524
0.0099554574201116	0.0000367778516270
0.0099620479886942	0.0000366366895098
0.0099782936405695	-0.0000647279240937
0.0099782936405695	0.0000365177166544
0.0099873383675855	0.0000365999072017
