0.0000000000000000	0.0000000000000000
0.0000000083333333	0.0020000000000000
0.0000000093050087	0.0002400000000000
0.0000074221822681	0.0001166010488517
0.0000074379054275	0.0002390279650358
0.0000137558984884	0.0001070584426935
0.0000137708720818	0.0002361418152810
0.0000244158542452	0.0000939441082815
0.0000244304262794	0.0002297934552997
0.0000331325627126	0.0000866349577948
0.0000331466879622	0.0002236586850587
0.0000392008600046	0.0000742206905983
0.0000392144420788	0.0002174216068494
0.0000433572452183	0.0002127553394906
0.0000510035670657	0.0006488210304746
0.0000510080660314	0.0005488113182732
0.0000510080660314	0.0032042623426799
0.0000529656373406	0.4373135757805047
0.0000548487948998	0.8529646678799735
0.0000566751602521	1.2543383519842639
0.0000586601544427	1.6883800722252351
0.0000609157225899	2.1784363036417176
0.0000634059996388	2.7153904016155970
0.0000635112864244	2.7352834433371331
0.0000635112864244	2.7352834433371331
0.0000661606674656	2.6647692088298141
0.0000689335625760	2.5855929185249580
0.0000716842790822	2.5018340241968571
0.0000744467392094	2.4126945638398110
0.0000772669526339	2.3167999465752174
0.0000799782874422	2.2200684194652704
0.0000825864546224	2.1225143077930557
0.0000851036779717	2.0240350395870390
0.0000875271327902	1.9250777806378470
0.0000898271651329	1.8273142157313889
0.0000920767919498	1.7280061075768318
0.0000944061130625	1.6216206850757244
0.0000967514694538	1.5111758667613924
0.0000991169698275	1.3966550469573689
0.0001015084916947	1.2779497829754007
0.0001040357983662	1.1497239940801782
0.0001062267452621	1.0361629231488609
0.0001082850146560	0.9274360878458211
0.0001102951852642	0.8192057820048568
0.0001123053560602	0.7089754657414815
0.0001143155270582	0.5967451380974912
0.0001163256982583	0.4825147988718627
0.0001183287920042	0.3666901649131718
0.0001206798807322	0.2287019105881928
0.0001232166730467	0.0777047750352848
0.0001244797671724	0.0017951276769069
0.0001245154845761	-0.0004572330463900
0.0001245154845761	0.0001194590432670
0.0001306875897976	0.0001165397406398
0.0001375571617721	0.0001123763324470
0.0001459548097629	0.0001071386808314
0.0001510064502272	0.0004495310142667
0.0001510122479847	0.0003495256077026
0.0001510122479847	0.0031045634226750
0.0001557848620733	0.8252799413422715
0.0001589471222901	1.3681286318677486
0.0001627222415753	2.0137928000561733
0.0001635081356204	2.1478865999400250
0.0001635081356204	2.1459068009398505
0.0001673737221985	1.8742451046758997
0.0001728190316615	1.4879217300168150
0.0001798804738801	0.9833970884787061
0.0001851594587489	0.6042072261864265
0.0001887844644459	0.3419716478869820
0.0001923218520955	0.0839826633509585
0.0001934416080610	0.0018719526851205
0.0001934725404427	-0.0004998359185341
0.0001934725404427	0.0000931063401706
0.0002021988314933	0.0000921929378157
0.0002107157690146	0.0000905886452976
0.0002173006807911	-0.0024041771402350
0.0002173024722779	0.0000884807518141
0.0002264923843524	0.0000872335995549
0.0002327108935002	0.0000867414684129
0.0002414363989736	0.0000842398229278
0.0002480649006634	0.0000832697469237
0.0002510061933008	0.0004058587685624
0.0002510123866099	0.0003058573347114
0.0002510123866099	0.0030833339369846
0.0002617022506857	1.7288403707202635
0.0002635064685746	2.0192498969343688
0.0002635064685746	2.0177113660898942
0.0002696364460589	1.5291765159866786
0.0002750462333306	1.0947281297287657
0.0002863277738082	0.1862345775358277
0.0002886060658089	0.0017502822608778
0.0002886328720487	-0.0005232864698801
0.0002886328720487	0.0000778263618667
0.0002988170786292	0.0000758663676814
0.0003068497043888	0.0000756754242327
0.0003165894482943	0.0000740356136559
0.0003238660512881	0.0000727135101481
0.0003302914038177	0.0000728699259032
0.0003368545245906	0.0000719316984592
0.0003493134544901	0.0000698315532685
0.0003510069131862	0.0003794383642703
0.0003510133706518	0.0002794375067811
0.0003510133706518	0.0030697182582837
0.0003635041210074	1.9374782883410557
0.0003635041210074	1.9373136666293742
0.0003700256399572	1.3770286463079207
0.0003761297926635	0.8495620052865860
0.0003859404321227	0.0016992529290766
0.0003859651551453	-0.0005394320048346
0.0003859651551453	0.0000669864009704
0.0003924197431978	-0.0004399981002519
0.0003924236877353	0.0000657991155323
0.0003974800652596	0.0000649062031122
0.0004070381265625	0.0000648012157851
0.0004103328980807	0.0000647723514627
0.0004134711282724	0.0020645211624314
0.0004134731281390	0.0000642538910840
0.0004221422959197	0.0000627322332876
0.0004300932147378	0.0000626507157738
0.0004363040470383	0.0000626003848905
0.0004388844865381	0.0020623882308082
0.0004388864864019	0.0000621153504607
0.0004461903210186	0.0000607692092797
0.0004510049159192	0.0003609430894472
0.0004510115678792	0.0002609422713849
0.0004510115678792	0.0030602789362440
0.0004635009637326	1.8807095639139020
0.0004635009637326	1.8804881734778396
0.0004708270106527	1.2198967067824673
0.0004770582488386	0.6555505007576610
0.0004809398600371	0.3027993716955823
0.0004842699562795	0.0038829568036686
0.0004843178766370	-0.0005509174563762
0.0004843178766370	0.0000591194656992
0.0004918829250876	-0.0004513003215771
0.0004918868413850	0.0000580725994079
0.0004978661325145	0.0000571604578777
0.0005073246582585	0.0000573774828832
0.0005156462907373	0.0000566911824919
0.0005233121326371	0.0000555981369141
0.0005313131936849	0.0000558946128177
0.0005400706793885	0.0000553595376283
0.0005495882674903	0.0000541788119841
0.0005510073072891	0.0003483313012019
0.0005510141061800	0.0002483311749958
0.0005510141061800	0.0030541655153393
0.0005567934675384	0.8520986995335263
0.0005635015228619	1.8408980577300249
0.0005635015228619	1.8426388557877911
0.0005702907631392	1.2092246051819813
0.0005831936230769	0.0000160155177149
0.0005831987114833	0.0005403323147937
0.0005831987114833	0.0000530325989823
0.0005913473090031	0.0000520266008715
0.0005986974313090	-0.0000491703671801
0.0005986974313090	0.0000516505901938
0.0006082277207192	0.0015393368838606
0.0006082290649555	0.0025397429127749
0.0006082308583232	0.0000523103806685
0.0006142843870118	0.0000512054617024
0.0006229511553523	0.0000505172585639
0.0006304370268894	-0.0000495166778391
0.0006304370268894	0.0000512083012581
0.0006381214223837	0.0000507240036170
0.0006480656734358	0.0000494268850932
0.0006510055062123	0.0003389105792100
0.0006510124131313	0.0010493462750987
0.0006589860709366	1.1586528266325575
0.0006635033749588	1.8140750740957874
0.0006635033749588	1.8134717435166376
0.0006714966309443	1.0503221834605010
0.0006824606883323	0.0003584555689553
0.0006824693256441	0.0005350816531916
0.0006824693256441	0.0000493452324751
0.0006880344569947	0.0000488009659416
0.0006979974095432	0.0000475420209938
0.0007041095001084	0.0000478953082003
0.0007153893121198	0.0000476709546126
0.0007234428130602	0.0000467177618575
0.0007291962390805	0.0000474922673243
0.0007373003877756	0.0000472530307184
0.0007443954101562	0.0000459169234703
0.0007503390622154	0.0000460591978502
0.0007510069906278	0.0003321950465047
0.0007510139812475	0.0010458962051289
0.0007593283184483	1.1935963267915555
0.0007635039127281	1.7923957561184944
0.0007635039127281	1.7917008592210659
0.0007702904520264	1.1320673893119131
0.0007818929874024	0.0011326868889167
0.0007819095146980	0.0005305203303157
0.0007819095146980	0.0000461193546126
0.0007890281057549	0.0000451730746167
0.0007977501881967	-0.0000562469128162
0.0007977501881967	0.0000445893010068
0.0008050634916341	0.0015294971815663
0.0008050648383671	0.0025300109349148
0.0008050666327677	0.0000454416400410
0.0008128365931661	0.0000451309337249
0.0008229912614651	0.0000439360947025
0.0008327449395438	0.0000446354331032
0.0008403231136974	0.0000442405231155
0.0008478227868949	0.0000433549239736
0.0008510072026760	0.0003268709121552
0.0008510142558007	0.0010433093217675
0.0008584025623186	1.0495165934854782
0.0008635054197533	1.7744877906066292
0.0008635054197533	1.7761621783972432
0.0008708586150408	1.0526818944541785
0.0008815160384926	0.0009858533332467
0.0008815308791307	0.0005266242027268
0.0008815308791307	0.0000433476042461
0.0008906735825117	0.0000426585818821
0.0008980295564451	-0.0000584552975963
0.0008980295564451	0.0000423857073473
0.0009056076221699	0.0015262421546444
0.0009056089699577	0.0025267432370386
0.0009056107647735	0.0000433231878907
0.0009130178213160	0.0000429975273690
0.0009222990114868	0.0000418644492765
0.0009319095575127	0.0000424798705287
0.0009411309341707	0.0000420711786609
0.0009452868441630	0.0000414305801932
0.0009510034873864	0.0003226230838802
0.0009510105905061	0.0002226227859302
0.0009510105905061	0.0010410564452434
0.0009548871366454	0.5477936722052679
0.0009635049866265	1.7647905470571852
0.0009635049866265	1.7664552376041935
0.0009713087595520	0.9917458480408528
0.0009807462311339	0.0520222578534811
0.0009812506458718	0.0020050747235664
0.0009812756663434	0.0005243253612018
0.0009812756663434	0.0000417042662364
0.0009905012937703	0.0000414501495765
0.0009967928218201	0.0000406557908624
0.0010026545613533	0.0000409890853198
0.0010163758581979	0.0000405636994589
0.0010239928271297	0.0000404419197949
0.0010432056753946	0.0000406494044663
0.0010510069323950	0.0003200703897127
0.0010510140713913	0.0002200698980337
0.0010510140713913	0.0010405847359507
0.0010546403754355	0.5099976180456194
0.0010635055889858	1.7557254645093046
0.0010635055889858	1.7573810899739029
0.0010715315123787	0.9532983672202570
0.0010803314133333	0.0731592340898732
0.0010810443305520	0.0020114446725858
0.0010810692737786	0.0005225582770662
0.0010810692737786	0.0000404379577133
0.0010901634869896	0.0000402756711606
0.0010976218230566	0.0000394466495120
0.0011035861106531	0.0000399126444586
0.0011156181449472	0.0000398968758577
0.0011212989169530	0.0000391545899523
0.0011287309048186	0.0000395392975413
0.0011342391848149	0.0010391671588843
0.0011342411855090	0.0000404577028106
0.0011389106853687	0.0000394603249521
0.0011476637468673	0.0000389939321204
0.0011510071660550	0.0010388670526914
0.0011546843388948	0.5151769235705916
0.0011635057691960	1.7501557163487860
0.0011635057691960	1.7518057720651679
0.0011715280175501	0.9439882408724950
0.0011801702497117	0.0752894464433267
0.0011809008379135	0.0020121294517569
0.0011809256773980	0.0005211646606695
0.0011809256773980	0.0000394371413443
0.0011902678829370	0.0000392943908543
0.0011971788303649	0.0000384986680173
0.0012030758876960	0.0000389242183390
0.0012154505319773	0.0000385991021436
0.0012228164308824	0.0000383791344718
0.0012302091785797	0.0010385342937720
0.0012302111780186	0.0000394155035941
0.0012376925706595	0.0000392222893274
0.0012476572870147	0.0000381490807365
0.0012510071655859	0.0003165560004811
0.0012510143490645	0.0010381402805616
0.0012577846380822	0.9445203346719767
0.0012635063272110	1.7428186822806622
0.0012635063272110	1.7444614009629709
0.0012707288050415	1.0158944501714289
0.0012806463801460	0.0130261895193347
0.0012807558088156	0.0020001757659192
0.0012807804255166	0.0005198407838733
0.0012807804255166	0.0000384848871432
0.0012931689451040	0.0000384169809274
0.0013032973777410	-0.0000624875541946
0.0013032973777410	0.0000387469605003
0.0013124070738413	0.0000387748765209
0.0013283342339321	-0.0000627820768620
0.0013283342339321	0.0000382030962479
0.0013349796674105	0.0000388947805161
0.0013397500908573	0.0020389589116941
0.0013397520905877	0.0000384193638973
0.0013510067044088	0.0003150317610386
0.0013510139076892	0.0002150312619533
0.0013510139076892	0.0010376497674095
0.0013540005328311	0.4166577092524185
0.0013635071517170	1.7407567642081996
0.0013635071517170	1.7423974209723976
0.0013721655432490	0.8651493533740580
0.0013785623479076	0.2182445486669365
0.0013807072444023	0.0021200638838410
0.0013807330628301	0.0005199875855529
0.0013807330628301	0.0000385900440414
0.0013872565139544	0.0000383844244577
0.0014029402003294	-0.0000630634935582
0.0014029402003294	0.0000381756126811
0.0014122117399804	0.0000382682766235
0.0014280518285825	-0.0000631690732950
0.0014280518285825	0.0000380695549861
0.0014372678500001	0.0000381475755430
0.0014510066388236	-0.0000631242581744
0.0014510066388236	0.0005184555529790
0.0014538808090416	0.3998141075543526
0.0014635074713955	1.7382646741965873
0.0014635074713955	1.7399028388708595
0.0014722780468753	0.8492939663383523
0.0014786224922027	0.2062345482021457
0.0014806437619674	0.0021070221720028
0.0014806693985519	0.0005193473427673
0.0014806693985519	0.0000381288749015
0.0014873074072027	0.0000379339673361
0.0015027428893751	-0.0000635114166012
0.0015027428893751	0.0000377318209035
0.0015120976887380	0.0000378639610301
0.0015283396953900	-0.0000635440749359
0.0015283396953900	0.0000376955999434
0.0015374092979707	0.0000377403367853
0.0015510061180264	-0.0000635751783788
0.0015510061180264	0.0005178284818823
0.0015571775097422	0.8561425888005757
0.0015635067367933	1.7347758042690815
0.0015635067367933	1.7364104800733349
0.0015719172164360	0.8806335141898087
0.0015797769573058	0.0823366937543319
0.0015805696111681	0.0020167859751254
0.0015805942730137	0.0005183143480133
0.0015805942730137	0.0000373840392097
0.0015849918109895	0.0000378538994223
0.0015898244068758	0.0020379175532937
0.0015898264066063	0.0000373784010294
0.0016027307963141	0.0000374278893165
0.0016120741364440	0.0000375725523778
0.0016283569844050	0.0000374190538756
0.0016374044196617	0.0000374699000661
0.0016510060863240	0.0003128644273756
0.0016510133142638	0.0010357245254518
0.0016571675360596	0.8534859158326049
0.0016635067984881	1.7326970227484753
0.0016635067984881	1.7343296197711293
0.0016718822792611	0.8810493422446563
0.0016797387166303	0.0821279924230334
0.0016805283478192	0.0020165013169999
0.0016805529800487	0.0005179701160911
0.0016805529800487	0.0000371355616212
0.0016850788583839	0.0000376145794692
0.0016899581634520	0.0020376616761859
0.0016899601631831	0.0000371234829224
0.0017031765493517	0.0000368384961042
0.0017101009851583	0.0000375692893079
0.0017126715225284	0.0020375918654652
0.0017126735223822	0.0000372992888871
0.0017281095926789	0.0000367860615408
0.0017351881925356	0.0000375222059113
0.0017377853984208	0.0020375359932863
0.0017377873982754	0.0000372449600851
0.0017510053709244	0.0003124425752267
0.0017510126035049	0.0002124425574017
0.0017510126035049	0.0010360618576176
0.0017574008704293	0.8852996479413763
0.0017635068085890	1.7315391062233654
0.0017635068085890	1.7331705453296160
0.0017711090351865	0.9595311963804803
0.0017798709787666	0.0655841897948505
0.0017804966880013	0.0020074962834141
0.0017805211967428	0.0005175202169619
0.0017805211967428	0.0000368108684739
0.0017909325848625	0.0000363490369944
0.0017984419012450	-0.0000646045165049
0.0017984419012450	0.0000362496297725
0.0018067118924176	0.0015178231937317
0.0018067132425308	0.0025183093766506
0.0018067150382652	0.0000374293067578
0.0018130948404421	0.0000371016770754
0.0018216619779400	0.0000360941551881
0.0018310695414751	0.0000367503599497
0.0018416653685816	0.0000362337222851
0.0018495098184746	0.0000362642364073
0.0018510072364133	0.0010359476799077
0.0018581913317833	0.9948078345460090
0.0018635063898829	1.7308766804468247
0.0018635063898829	1.7325074571273127
0.0018680953748201	1.2648236497408456
0.0018791203758736	0.1391935608376045
0.0018804727701047	0.0020429237316722
0.0018804976741642	0.0005181136013244
0.0018804976741642	0.0000372392124504
0.0018880209015005	0.0000370313431395
0.0018967976621934	0.0000360197161340
0.0019026257794710	0.0000364402471935
0.0019162171314731	0.0000361918052310
0.0019238280839961	0.0000361436649646
0.0019338170052203	0.0010366695403842
0.0019338190048019	0.0000374298995405
0.0019387748431187	0.0000368829370542
0.0019455450313108	0.0000359570127263
0.0019510039444564	0.0003119198557899
0.0019510111853341	0.0010357104222522
0.0019550303105226	0.5570965438731228
0.0019635058681655	1.7316378518447515
0.0019635058681655	1.7332693896965821
0.0019714255639669	0.9266208802072776
0.0019797480018716	0.0766321735655009
0.0019804818728983	0.0020120161937487
0.0019805064114653	0.0005173314262613
0.0019805064114653	0.0000366743460274
0.0019907757747238	0.0000365632781356
0.0019956829028686	0.0000359070698713
0.0020013949211951	0.0000361900244625
0.0020058363435661	0.0010358887153444
0.0020058383438541	0.0000371648477550
0.0020128088096364	0.0000369426306508
0.0020222102229121	0.0000359220706578
0.0020297205812813	0.0000365383224565
0.0020403109973359	0.0000361617042932
0.0020476781482376	0.0000359702441827
0.0020510072436013	0.0010358581162092
0.0020546369267678	0.5031245477521337
0.0020635064663290	1.7317657471294394
0.0020635064663290	1.7333974128765584
0.0020717153528242	0.8950956226575308
0.0020796913604033	0.0821712894340174
0.0020804795716189	0.0020155790483195
0.0020805041431701	0.0005173053692398
0.0020805041431701	0.0000366554206582
0.0020901876040300	0.0000366240171677
0.0020970895372735	0.0000358648441166
0.0021029557878631	0.0000363295716192
0.0021155288666095	0.0000360953272322
0.0021229379459433	0.0000359394321910
0.0021304482164465	0.0010361823344801
0.0021304502158865	0.0000370593267083
0.0021376613322162	0.0000368863613396
0.0021510047326654	0.0003116576679581
0.0021510119748257	0.0002116575809941
0.0021510119748257	0.0010362984156810
0.0021576034661116	0.9121927146018133
0.0021635068369678	1.7292243273923773
0.0021635068369678	1.7308534517198124
0.0021706192542088	1.0056268638771024
0.0021793305203245	0.1152623662752989
0.0021804458763213	0.0020290506931273
0.0021804706187010	0.0005177960614225
0.0021804706187010	0.0000370099579106
0.0021880800791543	0.0000368051047862
0.0021966732102782	0.0000358045955159
0.0022024838083944	0.0000362144393228
0.0022165760956335	0.0000359678234714
0.0022243736905195	0.0000359878520909
0.0022411429187887	0.0000359964529555
0.0022487350318779	-0.0000649167514853
0.0022487350318779	0.0000359380981331
0.0022510072442791	0.0010363800058835
0.0022565647495353	0.7691952719436381
0.0022635041300215	1.7306597774882189
0.0022635041300215	1.7322903372657315
0.0022706456766798	1.0039980732633580
0.0022794478850932	0.1042206283293570
0.0022804543969647	0.0020232301621866
0.0022804790783183	0.0005177487702589
0.0022804790783183	0.0000369758249485
0.0022881567085818	0.0000367632895758
0.0022965326119963	0.0000357697000217
0.0023023253874015	0.0000361617853254
0.0023179312294590	0.0000364564909875
0.0023293451465014	0.0000368616292249
0.0023378729255015	0.0000367843301754
0.0023470689885073	0.0000357706833194
0.0023510064988467	0.0003118098111237
0.0023510137432187	0.0010357342544625
0.0023580063924698	0.9672899154326158
0.0023635065999856	1.7282029533420284
0.0023635065999856	1.7298310562953396
0.0023677478283702	1.2968802274610640
0.0023788269565381	0.1641662200305069
0.0023804231100194	0.0020646418861019
0.0023804481984297	0.0005177382225511
0.0023804481984297	0.0000369680631330
0.0023876870347598	0.0000367949125921
0.0023974489277120	0.0000357722111901
0.0024033636386768	0.0000362858184528
0.0024157246710191	0.0000363806727541
0.0024207834312488	0.0000357158865317
0.0024281163585478	0.0000360991698442
0.0024310923021705	0.0010355859023252
0.0024310943027638	0.0000370001145126
0.0024378819149156	0.0000367510335378
0.0024470485862271	0.0000357377108376
0.0024510064688018	0.0003117419475023
0.0024510137140351	0.0010356992020201
0.0024580260651103	0.9698944058176163
0.0024635065805478	1.7279892009561022
0.0024635065805478	1.7296170901568815
0.0024677957401753	1.2917172110604773
0.0024788387067682	0.1625126391470309
0.0024804183553051	0.0020629490775061
0.0024804434235170	0.0005176937723134
0.0024804434235170	0.0000369359652298
0.0024877211563945	0.0000367615747892
0.0024973742757468	0.0000357404527635
0.0025032784764319	0.0000362443912185
0.0025158234504886	0.0000363306500857
0.0025205720191156	0.0000356881464280
0.0025277865806906	0.0000366514519482
0.0025377089333618	0.0000367474301002
0.0025474012260407	0.0000357274135501
0.0025510069375938	0.0003117515824332
0.0025510141831936	0.0010357229485827
0.0025576896076197	0.9233447636289346
0.0025635068375470	1.7280529268857008
0.0025635068375470	1.7296808798125480
0.0025704591799555	1.0202991525367262
0.0025788690394682	0.1601638713986211
0.0025804253677958	0.0020605753165950
0.0025804504092808	0.0005176514633384
0.0025804504092808	0.0000369054156859
0.0025877706266929	0.0000367279102628
0.0025972714430633	0.0000357102324391
0.0026031613110334	0.0000362013320207
0.0026159577522122	0.0000362754626978
0.0026202969209892	0.0000356652812984
0.0026274071034694	0.0000365912590894
0.0026375232629734	0.0000367479571305
0.0026510053851445	0.0003114244033465
0.0026510126310543	0.0010350339274545
0.0026573491206372	0.8765280980066104
0.0026635069194170	1.7284038095717980
0.0026635069194170	1.7300321133813199
0.0026711399744481	0.9513925841575833
0.0026797633748443	0.0694781225383703
0.0026804258461170	0.0020085894445254
0.0026804503150287	0.0005168649864547
0.0026804503150287	0.0000363372484766
0.0026909067004608	0.0000358938705311
0.0026984133621561	-0.0000650548474103
0.0026984133621561	0.0000358002442523
0.0027066184699441	0.0015171986296579
0.0027066198202197	0.0025176882701951
0.0027066216160197	0.0000369895771048
0.0027130356917106	0.0000366804285426
0.0027217453428937	0.0000356766300847
0.0027311569779886	0.0000363636379158
0.0027413396685676	0.0000358577406775
0.0027490102112791	0.0000358371951361
0.0027510072470538	0.0010355345441336
0.0027586360996009	1.0546647415184958
0.0027635062508264	1.7280606354762127
0.0027635062508264	1.7296885961115862
0.0027729560485737	0.7646275932315734
0.0027792899773568	0.1188437371505247
0.0027804398629248	0.0020334290818992
0.0027804646356198	0.0005176326646862
0.0027804646356198	0.0000368918680298
0.0027877190119398	0.0000367170851913
0.0027973794059047	0.0000356989238056
0.0028032840961443	0.0000362056102867
0.0028158025557518	0.0000362957934812
0.0028206076873910	0.0000356488627213
0.0028278402468642	0.0000366176496101
0.0028377363165586	0.0000367057799051
0.0028473555331640	0.0000356879410136
0.0028510068815464	0.0003116703485631
0.0028510141281478	0.0010356798507766
0.0028577251514347	0.9281298511230148
0.0028635068353665	1.7278019775465840
0.0028635068353665	1.7294296795240687
0.0028703969171144	1.0262609491093355
0.0028787285517473	0.1739593382828310
0.0028804202463148	0.0020730034072255
0.0028804454070066	0.0005176116948612
0.0028804454070066	0.0000368766512776
0.0028876732334591	0.0000367066216189
0.0029025602504174	-0.0000648429300107
0.0029025602504174	0.0000361319256700
0.0029156723377590	0.0000363127835965
0.0029208800859690	0.0000356382172128
0.0029266034816157	0.0000359497869252
0.0029313730890788	0.0010356892819576
0.0029313750893873	0.0000369452505661
0.0029379689560922	0.0000366645702983
0.0029468733939409	0.0000356578668249
0.0029510062183677	0.0003115651109951
0.0029510134656763	0.0010356013396929
0.0029581991889539	0.9935393835884688
0.0029635064097237	1.7274199241139778
0.0029635064097237	1.7290472440381417
0.0029682215356359	1.2475940285084055
0.0029791905377189	0.1254774159239058
0.0029804054838582	0.0020341077693374
0.0029804302587663	0.0005175751369447
0.0029804302587663	0.0000368503823380
0.0029881336311335	0.0000366452053512
0.0029965633031106	0.0000356495107864
0.0030023589149058	0.0000360462117002
0.0030179048508865	0.0000363520364093
0.0030295685659036	0.0000367679338316
0.0030379842178169	0.0000366600180740
0.0030468435090371	0.0000356550729140
0.0030510061778301	0.0003115567403949
0.0030510134252070	0.0010355955564005
0.0030582277635169	0.9974783602524860
0.0030635063828604	1.7273917469232032
0.0030635063828604	1.7290190386701774
0.0030682999378329	1.2395729019699309
0.0030793255904273	0.1116488848737689
0.0030804045303892	0.0020261589542654
0.0030804292265813	0.0005175690725128
0.0030804292265813	0.0000368460332153
0.0030882442697833	0.0000366298200750
0.0030963670754150	0.0000356441296548
0.0031021392052101	0.0000360154792572
0.0031181153927295	0.0000362629987771
0.0031282640472908	0.0000366554723732
0.0031373096916313	0.0000367429169445
0.0031510063523664	0.0003114681868605
0.0031510135989045	0.0010354059528088
0.0031570057190183	0.8289309048337803
0.0031635069891835	1.7283576001197722
0.0031635069891835	1.7299858577199041
0.0031722852875419	0.8329321555483058
0.0031784190180026	0.2073942315277574
0.0031804392980230	0.0021136290575475
0.0031804648607621	0.0005176375333692
0.0031804648607621	0.0000368951623257
0.0031871568511170	0.0000367486855975
0.0032029829450805	-0.0000646378101830
0.0032029829450805	0.0000366085159647
0.0032121831255974	0.0000367357446883
0.0032279136982153	-0.0000646546328242
0.0032279136982153	0.0000365923080962
0.0032371478852992	0.0000367302255502
0.0032510067750765	-0.0000644788258299
0.0032510067750765	0.0005164448082350
0.0032540032151375	0.4147118571620955
0.0032635076013580	1.7297539809964919
0.0032635076013580	1.7313836349774172
0.0032722324233435	0.8396007555079168
0.0032783726066827	0.2132806413239288
0.0032804503439205	0.0021204930909579
0.0032804759701668	0.0005175873548024
0.0032804759701668	0.0000368588992546
0.0032871299680658	0.0000367114587846
0.0033030618250975	-0.0000646700406658
0.0033030618250975	0.0000365758429185
0.0033122244054032	0.0000366908020017
0.0033277992564621	-0.0000647070135775
0.0033277992564621	0.0000365411462871
0.0033370916610508	0.0000366959630400
0.0033510068871846	-0.0000644931266245
0.0033510068871846	0.0005164138925774
0.0033541722329927	0.4379598798606762
0.0033635073005118	1.7294577856617759
0.0033635073005118	1.7310871434474304
0.0033720888735429	0.8536824626885966
0.0033796696762781	0.0800122464141399
0.0033804357422305	0.0020166387383872
0.0033804602989024	0.0005169793477572
0.0033804602989024	0.0000364196455848
0.0033847946389943	0.0000369111133603
0.0033895872840320	0.0020370156976319
0.0033895892837617	0.0000364747459639
0.0034032744145362	0.0000365696899365
0.0034123230460237	0.0000366556721170
0.0034282906542199	0.0000361640047573
0.0034349223551351	0.0000368995927620
0.0034374614912692	0.0020369416993964
0.0034374634911217	0.0000366463588591
0.0034510066192124	0.0003111607671749
0.0034510138728449	0.0002111603053859
0.0034510138728449	0.0010355840608498
0.0034537820383661	0.3836602664442736
0.0034635080529807	1.7290392640736880
0.0034635080529807	1.7306682033378356
0.0034724425709607	0.8173921015732720
0.0034785941484728	0.1898015267829889
0.0034804407828739	0.0020932061288721
0.0034804661345749	0.0005175136742441
0.0034804661345749	0.0000368057379827
0.0034872818345813	0.0000366550932887
0.0035033838114894	-0.0000648179914894
0.0035033838114894	0.0000361748811159
0.0035098058117833	0.0000369025596594
0.0035146057245628	0.0020370052105192
0.0035146077242926	0.0000364644053938
0.0035282224334171	0.0000365594296074
0.0035372937824611	0.0000366538744445
0.0035510064140386	0.0003112992634016
0.0035510136628759	0.0010353147179107
0.0035569764118702	0.8246167134779615
0.0035635070152948	1.7278260200420692
0.0035635070152948	1.7294537460621309
0.0035723826669398	0.8221403960788938
0.0035785136962885	0.1966364985103278
0.0035804274740446	0.0021011744655809
0.0035804529044803	0.0005175175517597
0.0035804529044803	0.0000368085149708
0.0035872220818250	0.0000366622040318
0.0036027946122210	-0.0000647335759974
0.0036027946122210	0.0000365148928663
0.0036120857014182	0.0000366725220607
0.0036281832762054	-0.0000646984384327
0.0036281832762054	0.0000365472559736
0.0036372812762721	0.0000366463973615
0.0036510064738172	-0.0000646088771242
0.0036510064738172	0.0005162848650821
0.0036569476342204	0.8210913365433602
0.0036635070259285	1.7282586799669146
0.0036635070259285	1.7298868386467712
0.0036724851292943	0.8121240144734418
0.0036786349021494	0.1846865018573461
0.0036804311759118	0.0020879466939416
0.0036804564743581	0.0005174950630427
0.0036804564743581	0.0000367923032643
0.0036873058850338	0.0000366421757957
0.0037033268057096	-0.0000648361978406
0.0037033268057096	0.0000361554254111
0.0037098759211990	0.0000368882576197
0.0037147047062894	0.0020369775522527
0.0037147067060194	0.0000364374535544
0.0037279611177319	0.0000365259608981
0.0037371623148509	0.0000366599080084
0.0037510067362560	0.0003111659357356
0.0037510139899842	0.0002111655077816
0.0037510139899842	0.0010353605565620
0.0037539433877688	0.4058825360091442
0.0037635077389660	1.7288850215380482
0.0037635077389660	1.7305138065595465
0.0037722911134366	0.8325108483346971
0.0037784215682088	0.2070063943625219
0.0037804370667521	0.0021131515488834
0.0037804626138057	0.0005175019678829
0.0037804626138057	0.0000367972262093
0.0037871629422022	0.0000366518403154
0.0038029581246609	-0.0000647326528028
0.0038029581246609	0.0000365141860656
0.0038121674637957	0.0000366466474427
0.0038279448826902	-0.0000647400332726
0.0038279448826902	0.0000365069376006
0.0038371633780409	0.0000366410159217
0.0038510067380734	-0.0000645734506360
0.0038510067380734	0.0005163129041074
0.0038539454136023	0.4066138067776481
0.0038635077283627	1.7292407241652483
0.0038635077283627	1.7308698648893581
0.0038722836835171	0.8335303690120324
0.0038784155701849	0.2078147798126179
0.0038804388006252	0.0021139786549477
0.0038804643534751	0.0005174730326185
0.0038804643534751	0.0000367763190620
0.0038871603452345	0.0000366303361569
0.0039029644308885	-0.0000647544280079
0.0039029644308885	0.0000364924662159
0.0039121726584095	0.0000366240171592
0.0039279295290024	-0.0000647627898955
0.0039279295290024	0.0000364844103004
0.0039371549406391	0.0000366213474053
0.0039510067538868	-0.0000645898147048
0.0039510067538868	0.0005162879782645
0.0039539670702568	0.4095702654601799
0.0039635076924439	1.7291126323927650
0.0039635076924439	1.7307416450251698
0.0039722659057264	0.8351206708653272
0.0039783935836611	0.2097755840236060
0.0039804358871375	0.0021164671488000
0.0039804614625256	0.0005174489911628
0.0039804614625256	0.0000367589409052
0.0039871448667118	0.0000366141157598
0.0040030054963169	-0.0000647674071770
0.0040030054963169	0.0000364792715706
0.0040121927057055	0.0000366050759691
0.0040278724244422	-0.0000647848050183
0.0040278724244422	0.0000364629913239
0.0040371256982779	0.0000366089610637
0.0040510068124751	-0.0000645914437871
0.0040510068124751	0.0005162786777821
0.0040540523842346	0.4213094174838042
0.0040635075371142	1.7289968032251870
0.0040635075371142	1.7306257000284211
0.0040721935743319	0.8422746959523731
0.0040783148883781	0.2175277399623461
0.0040804331776947	0.0021263879948295
0.0040804588495907	0.0005174353645795
0.0040804588495907	0.0000367490678197
0.0040870889949474	0.0000366066488176
0.0041031663237104	-0.0000647644707874
0.0041031663237104	0.0000364814776404
0.0041122731600857	0.0000365834157088
0.0041283966407742	-0.0000648871716197
0.0041283966407742	0.0000361062172865
0.0041347847685520	0.0000368332702807
0.0041395761369188	0.0020369399185918
0.0041395781366485	0.0000363990119311
0.0041510069692855	0.0003111328782490
0.0041510142238116	0.0002111325322311
0.0041510142238116	0.0010357130921260
0.0041543001567256	0.4549851248329730
0.0041635071077377	1.7284373880991892
0.0041635071077377	1.7300657254873084
0.0041720018345087	0.8611521977732304
0.0041796452270900	0.0807842751331736
0.0041804185432774	0.0020165298156817
0.0041804430894081	0.0005168567772965
0.0041804430894081	0.0000363310405681
0.0041849509018066	0.0000368293528871
0.0041898111625839	0.0020369044857630
0.0041898131623144	0.0000363651517424
0.0042026990385868	0.0000364498404863
0.0042120295397807	0.0000366246650891
0.0042283485465257	0.0000365105614171
0.0042373630771458	0.0000365861907947
0.0042510061083821	0.0003111516815535
0.0042510133587406	0.0010348635602637
0.0042570769483002	0.8383519725289146
0.0042635070075167	1.7274350744903275
0.0042635070075167	1.7290624095649321
0.0042719508399165	0.8653800616747399
0.0042796333065495	0.0810685657354927
0.0042804094443131	0.0020163910765733
0.0042804339898452	0.0005168665716965
0.0042804339898452	0.0000363381374388
0.0042850406499329	0.0000368394363471
0.0042899376084469	0.0020368967570081
0.0042899396081779	0.0000363583497606
0.0043031757632925	0.0000361002521095
0.0043100616314010	0.0000368466129889
0.0043126502675018	0.0020368747318687
0.0043126522673554	0.0000365816740082
0.0043281201481292	0.0000360991593607
0.0043351364625202	0.0000368494713193
0.0043377453263768	0.0020368700574095
0.0043377473262310	0.0000365782859487
0.0043510055123686	0.0003111585508976
0.0043510127619075	0.0010354251283080
0.0043572801671549	0.8665612732015517
0.0043635069708289	1.7275735844928930
0.0043635069708289	1.7292010580774178
0.0043712763879744	0.9361946318299753
0.0043796971997321	0.0744454728965301
0.0043804080699723	0.0020105892367173
0.0043804325480894	0.0005167299408565
0.0043804325480894	0.0000362395363757
0.0043904586887757	0.0000358094533275
0.0043978572061195	-0.0000652075989428
0.0043978572061195	0.0000356477191507
0.0044052951426682	0.0015168920913010
0.0044052964929536	0.0025174182113805
0.0044052982887705	0.0000367661391252
0.0044125984736201	0.0000366171564998
0.0044276995799795	0.0000360578886688
0.0044404765012552	0.0000362644307468
0.0044463258225144	0.0000355536242455
0.0044510107636343	0.0003112834468904
0.0044510180138766	0.0010354311177733
0.0044569486521248	0.8200280878943479
0.0044635038918599	1.7275987967361395
0.0044635038918599	1.7292262955329396
0.0044704425998771	1.0207930814495703
0.0044788087902628	0.1645922837141204
0.0044804076989912	0.0020646203835572
0.0044804327670768	0.0005174846999134
0.0044804327670768	0.0000367849249790
0.0044877331250086	0.0000366137454463
0.0044973398068632	0.0000355971622110
0.0045032383059437	0.0000360998457163
0.0045158604131802	0.0000361880015628
0.0045204856117706	0.0000355559453273
0.0045276594920340	0.0000365103596261
0.0045376394148998	0.0000366304470128
0.0045510048010292	0.0003111676375988
0.0045510120496782	0.0002111675710144
0.0045510120496782	0.0010348838900454
0.0045575445172714	0.9032338874670004
0.0045635069040797	1.7277117738616927
0.0045635069040797	1.7293393856354677
0.0045706824038002	0.9968468544955468
0.0045794860759740	0.0960220601116167
0.0045804109830303	0.0020195842963057
0.0045804356068945	0.0005174713135381
0.0045804356068945	0.0000367753993657
0.0045881811308279	0.0000365669334491
0.0045964761472953	0.0000355778598642
0.0046022606538944	0.0000359653444243
0.0046179888983000	0.0000362508001207
0.0046289232878886	0.0000366525035215
0.0046376426218122	0.0000366428321085
0.0046510047877219	0.0003111935970698
0.0046510120360169	0.0002111935297564
0.0046510120360169	0.0010351933464050
0.0046575474229231	0.9036809627852266
0.0046635069035581	1.7277963645401395
0.0046635069035581	1.7294240609047595
0.0046706751974946	0.9977127192330661
0.0046794671433040	0.0981440499503109
0.0046804129758446	0.0020205114882508
0.0046804376102378	0.0005174893881626
0.0046804376102378	0.0000367884561249
0.0046881694810970	0.0000365800040506
0.0046964975684230	0.0000355888796115
0.0047022847093150	0.0000359783680823
0.0047179702062064	0.0000362683078019
0.0047290557266687	0.0000366724705135
0.0047377115500340	0.0000366427698448
0.0047473870828759	0.0000356258732687
0.0047510069204618	0.0003115505793522
0.0047510141686789	0.0010356216248759
0.0047576854480150	0.9224400923612754
0.0047635068608715	1.7274377704630992
0.0047635068608715	1.7290651082335167
0.0047704469538787	1.0205987930758873
0.0047788183702032	0.1639940003337002
0.0047804116385038	0.0020640369962505
0.0047804367041536	0.0005175263877829
0.0047804367041536	0.0000368150468915
0.0047877394195505	0.0000366426746954
0.0047973428268194	0.0000356261881274
0.0048032419452873	0.0000361287267438
0.0048158573871572	0.0000362161871754
0.0048204932626423	0.0000355830649117
0.0048276706032699	0.0000365378614036
0.0048376462844108	0.0000366553787068
0.0048510047720531	0.0003112146071425
0.0048510120200567	0.0002112145360240
0.0048510120200567	0.0010349064598077
0.0048575579043179	0.9051652261472810
0.0048635068960158	1.7278603936873094
0.0048635068960158	1.7294881540809623
0.0048706610782283	0.9992487837238645
0.0048794115507796	0.1039612720915302
0.0048804146386787	0.0020232786796199
0.0048804393015617	0.0005175055667448
0.0048804393015617	0.0000368001346668
0.0048881358713072	0.0000365953436322
0.0048965586178213	0.0000356019351491
0.0049023533427610	0.0000359997038601
0.0049179026958796	0.0000363082461800
0.0049295545907902	0.0000367250282805
0.0049379739588907	0.0000366203014232
0.0049468604090715	0.0000356154945759
0.0049510062035632	0.0003114806391629
0.0049510134519621	0.0010355583780926
0.0049582028292747	0.9938943095688039
0.0049635064095857	1.7271606852241850
0.0049635064095857	1.7287877459095959
0.0049682514256057	1.2441964583802152
0.0049792300449405	0.1208789647455213
0.0049803995502155	0.0020313511342767
0.0049804242937756	0.0005175212274114
0.0049804242937756	0.0000368114452775
0.0049881702624535	0.0000366038630014
0.0049964953730276	0.0000356120106405
0.0050022824089695	0.0000360005606165
0.0050179749052554	0.0000362882096515
0.0050290333534073	0.0000366912611831
0.0050377011272149	0.0000366643719460
0.0050474107278012	0.0000356467656829
0.0050510069492454	0.0003115934873669
0.0050510141969325	0.0010356443635118
0.0050576673231587	0.9200027544384154
0.0050635068617460	1.7275702905209736
0.0050635068617460	1.7291977608113751
0.0050704797482092	1.0174587609318799
0.0050788961222352	0.1563433885138580
0.0050804143272574	0.0020575047241717
0.0050804393302814	0.0005175474598436
0.0050804393302814	0.0000368302903874
0.0050877927926370	0.0000366535776889
0.0050972202065919	0.0000356382310216
0.0051031025393084	0.0000361237375657
0.0051152838119085	0.0000358942839934
0.0051226493993017	0.0000357042534167
0.0051299339004272	0.0010359052215467
0.0051299358998285	0.0000367994570690
0.0051374754518885	0.0000366948385628
0.0051510055953698	0.0003113293432285
0.0051510128427664	0.0010361724253570
0.0051572722288000	0.8657110847970129
0.0051635069418343	1.7280737146225653
0.0051635069418343	1.7297016883371816
0.0051713403509917	0.9304902818126433
0.0051796956505617	0.0757616140364468
0.0051804197416634	0.0020113050591591
0.0051804442363039	0.0005168532060400
0.0051804442363039	0.0000363286623697
0.0051902700184422	0.0000359006719752
0.0051976352291645	-0.0000651455843560
0.0051976352291645	0.0000357095623962
0.0052049109209293	0.0015169519821873
0.0052049122711734	0.0025174900515582
0.0052049140669782	0.0000368044688732
0.0052124629479677	0.0000367031201961
0.0052279857210304	0.0000361708954806
0.0052353404238425	0.0000369264688705
0.0052426720682984	0.0000361432696474
0.0052473335420066	0.0000356501568856
0.0052506269640604	-0.0019643582312888
0.0052506289639206	0.0000359215844086
0.0052510072475643	0.0003119100996775
0.0052510144951153	0.0010358166003530
0.0052577308443634	0.9287441145340037
0.0052635068480169	1.7275254109738263
0.0052635068480169	1.7291528363847284
0.0052703743317740	1.0281713964098009
0.0052786753507987	0.1788593319509053
0.0052804149442772	0.0020777928882884
0.0052804401488671	0.0005175709021944
0.0052804401488671	0.0000368471677158
0.0052876370174894	0.0000366804521462
0.0053026299815853	-0.0000648628632016
0.0053026299815853	0.0000361135050616
0.0053155729769770	0.0000363071961293
0.0053211016935719	0.0000356132122075
0.0053268448060684	0.0000359529379935
0.0053322117756720	0.0010357528983986
0.0053322137760090	0.0000369790003287
0.0053382206766216	0.0000366048252100
0.0053464086784907	0.0000356185528199
0.0053510054915108	0.0003114232369623
0.0053510127400384	0.0010355056820154
0.0053587571371405	1.0703749958997628
0.0053635062192221	1.7268810834073436
0.0053635062192221	1.7285078644908187
0.0053726551917917	0.7937445033723503
0.0053788378493114	0.1632128606290167
0.0053804237312584	0.0020671189441985
0.0053804488323561	0.0005175910680429
0.0053804488323561	0.0000368617177744
0.0053874317120327	0.0000367060812131
0.0054030560057572	-0.0000648005726122
0.0054030560057572	0.0000361848191327
0.0054102360615233	0.0000369366956120
0.0054151945599794	0.0020369565808810
0.0054151965597111	0.0000364197616767
0.0054276834999507	0.0000361255319371
0.0054404891071312	0.0000363302518149
0.0054462894048997	0.0000356208789567
0.0054510052917621	0.0003114096739028
0.0054510125403046	0.0010354926352906
0.0054567702976734	0.7963694924366077
0.0054635039677157	1.7288342804983525
0.0054635039677157	1.7304630147788664
0.0054705780174760	1.0084723596727814
0.0054791727203199	0.1292004682181751
0.0054804241333617	0.0020375273506731
0.0054804489398434	0.0005175486249212
0.0054804489398434	0.0000368311954116
0.0054879798196699	0.0000366388207595
0.0054968517351832	0.0000356333139451
0.0055026842505274	0.0000360691810239
0.0055160335249716	0.0000358369879842
0.0055235804172870	0.0000357651108724
0.0055322274843309	0.0010361719285737
0.0055322294838531	0.0000369894655156
0.0055382133288991	0.0000366136511963
0.0055464200149323	0.0000356254075290
0.0055510055071819	0.0003114372856171
0.0055510127555407	0.0010355133062375
0.0055587511924277	1.0695784021694146
0.0055635062197151	1.7269224472688633
0.0055635062197151	1.7285492697161844
0.0055726839659754	0.7908874665781956
0.0055788762620615	0.1593903570571247
0.0055804246014061	0.0020636997450030
0.0055804496691879	0.0005175954138839
0.0055804496691879	0.0000368648668647
0.0055874565008997	0.0000367078201986
0.0056030037690126	-0.0000648036076172
0.0056030037690126	0.0000361806343811
0.0056103087367410	0.0000369357641286
0.0056152913747196	0.0020369416382507
0.0056152933744516	0.0000364054231696
0.0056224108116015	0.0000356604704626
0.0056299472314326	0.0000363205498845
0.0056407580346032	0.0000362707704550
0.0056456956031629	0.0000356150509604
0.0056510042296603	0.0003112838558158
0.0056510114790655	0.0010353994087545
0.0056552460420526	0.5861614112052818
0.0056635056287332	1.7294889611218587
0.0056635056287332	1.7311183500828156
0.0056713193680070	0.9339608366556263
0.0056797152126231	0.0751396388867070
0.0056804332301197	0.0020110111831540
0.0056804577227281	0.0005168642330700
0.0056804577227281	0.0000363366433115
0.0056903087324404	0.0000359043442768
0.0056976781605674	-0.0000651372745232
0.0056976781605674	0.0000357178620625
0.0057049811397427	0.0015169680602736
0.0057049824899865	0.0025175038440882
0.0057049842857903	0.0000368156475581
0.0057124927973585	0.0000367046444675
0.0057279253103050	0.0000361658106240
0.0057401747552146	0.0000364021278387
0.0057471002232062	0.0000356452424615
0.0057510119491493	0.0003115666436273
0.0057510191967475	0.0010356140040668
0.0057579563717865	0.9592059921436136
0.0057635066687049	1.7267192932252968
0.0057635066687049	1.7283459125184983
0.0057676826385535	1.3017977210600280
0.0057787767837218	0.1669239629820934
0.0057803991705207	0.0020677597763953
0.0057804242776567	0.0005175874739359
0.0057804242776567	0.0000368591538779
0.0057876294907292	0.0000366941468632
0.0058026423638275	-0.0000648504173254
0.0058026423638275	0.0000361261694437
0.0058155600466809	0.0000363203925790
0.0058211353460986	0.0000356236979939
0.0058268818972720	0.0000359674839497
0.0058323577375367	0.0010357780804064
0.0058323597378782	0.0000369994632684
0.0058382635193939	0.0000366102821705
0.0058463347125299	0.0000356291224984
0.0058510053679486	0.0003114335067795
0.0058510126162404	0.0010355069449603
0.0058571078387649	0.8429549391326672
0.0058635038602117	1.7287212901587492
0.0058635038602117	1.7303499114488929
0.0058702644258889	1.0402922481216483
0.0058784977595661	0.1979203684094519
0.0058804247762161	0.0020976435214989
0.0058804501781543	0.0005175950192506
0.0058804501781543	0.0000368645365990
0.0058875061399496	0.0000367037603174
0.0059029016763679	-0.0000648180242665
0.0059029016763679	0.0000361640161517
0.0059152030262656	0.0000363978887959
0.0059220207444216	0.0000356444712668
0.0059278757590561	0.0000361040961218
0.0059406450761179	0.0000358760200369
0.0059480819573180	0.0000357415504056
0.0059510072493367	0.0010357796861891
0.0059551685365811	0.5760596131994095
0.0059635057264751	1.7301310384961606
0.0059635057264751	1.7317610695346650
0.0059713709981950	0.9293894690990069
0.0059797111332248	0.0762872316485512
0.0059804404648066	0.0020116237592904
0.0059804649651198	0.0005168862204129
0.0059804649651198	0.0000363525263412
0.0059909276282966	0.0000362319749516
0.0059953563833024	0.0000356149518841
0.0060010529942315	0.0000358642435133
0.0060051495232261	0.0010355203161731
0.0060051515234848	0.0000368283647594
0.0060125574998931	0.0000366962627819
0.0060277927635417	0.0000361452117924
0.0060403493036451	0.0000363637927191
0.0060466405832197	0.0000356309309809
0.0060510058648397	0.0003114837808218
0.0060510131128920	0.0010355482285091
0.0060584535087907	1.0285446307954123
0.0060635063010024	1.7271279088146094
0.0060635063010024	1.7287549367234352
0.0060690449630018	1.1633702023194565
0.0060787282663833	0.1725266143043365
0.0060804015683593	0.0020563375589969
0.0060804265038395	0.0005168357475921
0.0060804265038395	0.0000363160296324
0.0060907173831708	0.0000358789800926
0.0060981759964537	-0.0000651006601979
0.0060981759964537	0.0000357544876107
0.0061059650170935	0.0015170862197848
0.0061059663673656	0.0025175928005682
0.0061059681631703	0.0000369070134744
0.0061128331561941	0.0000366739452645
0.0061221394559004	0.0000356587263257
0.0061316089577610	0.0000364332185624
0.0061404423627438	0.0000359027714161
0.0061478336076561	0.0000357376595481
0.0061510072495272	0.0010354484887829
0.0061548253950331	0.5287111108226434
0.0061635062224212	1.7302706407947184
0.0061635062224212	1.7319008114355920
0.0061716016664607	0.9041868571197669
0.0061796625990690	0.0816793792377322
0.0061804450507705	0.0020147491691186
0.0061804695880711	0.0005169680732484
0.0061804695880711	0.0000364116352379
0.0061904298619387	0.0000363571344281
0.0061964451251400	0.0000356370129347
0.0062022264342585	0.0000360203412092
0.0062180248738319	0.0000362959065199
0.0062287090812936	0.0000366937370889
0.0062375310886470	0.0000367153548682
0.0062510053371443	0.0003113613561142
0.0062510125838262	0.0002113613541622
0.0062510125838262	0.0010353030996471
0.0062573593427551	0.8778522909687033
0.0062635069273706	1.7282215817320397
0.0062635069273706	1.7298497033137807
0.0062711019799551	0.9549661105413764
0.0062797725540941	0.0681087783408855
0.0062804214725813	0.0020080828887338
0.0062804459326519	0.0005168147173265
0.0062804459326519	0.0000363009085176
0.0062910620606425	0.0000358545711016
0.0062986210973753	-0.0000650688142737
0.0062986210973753	0.0000357863390918
0.0063074071685640	0.0015172403455634
0.0063074085188610	0.0025177119671959
0.0063074103146631	0.0000370191201638
0.0063132693902568	0.0000366233519773
0.0063213239631626	0.0000356401760405
0.0063306510289667	0.0000368476439006
0.0063387592615430	0.0000365480184935
0.0063455579068069	0.0000356261407491
0.0063510039781597	0.0003112735088830
0.0063510112275252	0.0010353874951448
0.0063550344405945	0.5570102594083227
0.0063635059190072	1.7296399800939013
0.0063635059190072	1.7312695200740555
0.0063714488006254	0.9210312539225322
0.0063796926680519	0.0777954565852418
0.0063804368719003	0.0020125152313255
0.0063804613832406	0.0005169157933905
0.0063804613832406	0.0000363738852850
0.0063907594201973	0.0000362766131208
0.0063956998117785	0.0000356208380696
0.0064014106769423	0.0000359110355096
0.0064058716328865	0.0010356159999251
0.0064058736331760	0.0000368921335856
0.0064128040801611	0.0000366710879484
0.0064221986217986	0.0000356558310516
0.0064297037277302	0.0000362765839610
0.0064403217544087	0.0000359081641850
0.0064476932466678	0.0000357235678176
0.0064510072499934	0.0010356145857407
0.0064546502643984	0.5045213202101249
0.0064635064936646	1.7302570242896780
0.0064635064936646	1.7318871813140084
0.0064717213956783	0.8920063848939337
0.0064796572589002	0.0822595488520459
0.0064804454457366	0.0020156405883681
0.0064804699932645	0.0005169872923051
0.0064804699932645	0.0000364254943898
0.0064901998193668	0.0000364010188322
0.0064970331771494	0.0000356471362709
0.0065028902437273	0.0000361084209033
0.0065156310647704	0.0000358814823378
0.0065230644065816	0.0000357458389966
0.0065307101666037	0.0010360180465679
0.0065307121660586	0.0000368865249541
0.0065377386949626	0.0000366853938577
0.0065473298132775	0.0000356663017447
0.0065510068410319	0.0003116248452660
0.0065510140881943	0.0010356556996169
0.0065577498807203	0.9314759137960515
0.0065635068292348	1.7276594618383405
0.0065635068292348	1.7292870213001832
0.0065703599891442	1.0298064901300459
0.0065786516217034	0.1815019523628114
0.0065804172931087	0.0020803755467420
0.0065804425245615	0.0005175889225090
0.0065804425245615	0.0000368601791065
0.0065876193571958	0.0000366940651827
0.0066026668505472	-0.0000648468202713
0.0066026668505472	0.0000361302716094
0.0066155223142305	0.0000363294245943
0.0066212201006278	0.0000356257604084
0.0066269754805068	0.0000359802845226
0.0066328662691001	0.0010358276548006
0.0066328682694571	0.0000370328684110
0.0066384047838034	0.0000365896568856
0.0066460974663169	0.0000356222316429
0.0066510049592216	0.0003113769252544
0.0066510122079347	0.0010354662997976
0.0066560821383376	0.7014610445825803
0.0066635046303955	1.7291466176124171
0.0066635046303955	1.7307756642299710
0.0066708572419114	0.9804740929989133
0.0066799062339624	0.0548444537501794
0.0066804247881765	0.0020044871155465
0.0066804492045343	0.0005167048501609
0.0066804492045343	0.0000362215320045
0.0066930623492743	0.0000362671599406
0.0067035140586401	-0.0000645842043557
0.0067035140586401	0.0000366616757976
0.0067124355872692	0.0000367120631766
0.0067280483971634	-0.0000647954978162
0.0067280483971634	0.0000361897084107
0.0067352468735153	0.0000369419496492
0.0067402062217064	0.0020369597170179
0.0067402082214384	0.0000364232641141
0.0067510048872535	0.0003112898950910
0.0067510121343885	0.0002112898405117
0.0067510121343885	0.0010355872034421
0.0067575109615226	0.8987809634300316
0.0067635069075642	1.7280811672641858
0.0067635069075642	1.7297091484313842
0.0067707478227422	0.9907679955950113
0.0067798099970705	0.0637845641592450
0.0067804180204742	0.0020080326875963
0.0067804425358637	0.0005175384061309
0.0067804425358637	0.0000368239261970
0.0067883727395616	0.0000365933564584
0.0067961500764578	0.0000356223789627
0.0068018984744901	0.0000359672921764
0.0068074540383938	0.0010357839029630
0.0068074560387385	0.0000370020193659
0.0068132953988946	0.0000366013915105
0.0068212804082231	0.0000356222875639
0.0068286611590882	0.0000360868984835
0.0068333163550422	0.0010357152071826
0.0068333183557072	0.0000370555865289
0.0068385216998000	0.0000365675392082
0.0068459111831950	0.0000356140808585
0.0068510046272593	0.0003113250585764
0.0068510118764052	0.0010354308258884
0.0068556417740683	0.6407178063350644
0.0068635051260780	1.7292970739034645
0.0068635051260780	1.7309262709772955
0.0068710837122569	0.9576425083538725
0.0068797881413914	0.0672360580016437
0.0068804284199383	0.0020077978484170
0.0068804528746060	0.0005167808627785
0.0068804528746060	0.0000362764306927
0.0068911443003530	0.0000358286433407
0.0068987323002561	-0.0000650798786966
0.0068987323002561	0.0000357753157625
0.0069079974860525	0.0015172714201453
0.0069079988363637	0.0025177311601826
0.0069080006321672	0.0000370422038634
0.0069134198751204	0.0000365861080132
0.0069210718487710	0.0000356193454306
0.0069298152742909	0.0000367666057991
0.0069381911847452	0.0000366125580472
0.0069464624414859	0.0000356235125790
0.0069510055865463	0.0003114414147867
0.0069510128349092	0.0010355176087610
0.0069586866824949	1.0606758679847432
0.0069635062360107	1.7269489217042664
0.0069635062360107	1.7285757706258567
0.0069728452224343	0.7745361678314129
0.0069790995973909	0.1367159874103739
0.0069804249829741	0.0020455288335780
0.0069804498706859	0.0005175803681386
0.0069804498706859	0.0000368540492135
0.0069875969566336	0.0000366893382187
0.0070027116750035	-0.0000648463225676
0.0070027116750035	0.0000361317182021
0.0070154565105843	0.0000363390822571
0.0070213729996107	0.0000356238309063
0.0070271453708240	0.0000359980299239
0.0070430927269211	0.0000362523797105
0.0070510069950400	0.0003114302491700
0.0070510142457082	0.0002114299119662
0.0070510142457082	0.0010358717932161
0.0070543527477090	0.4624765365481666
0.0070635069912003	1.7293103212983147
0.0070635069912003	1.7309395316195799
0.0070719612284395	0.8667300576781468
0.0070796589995223	0.0813242016547758
0.0070804381159608	0.0020165547265282
0.0070804626762897	0.0005170370552928
0.0070804626762897	0.0000364614028919
0.0070850067294870	0.0000369570146996
0.0070898826373921	0.0020370209829443
0.0070898846371228	0.0000364821487777
0.0071032932463676	0.0000362290878672
0.0071099151910419	0.0000369638915345
0.0071124549465364	0.0020370063054815
0.0071124569463887	0.0000367107524864
0.0071278275219659	0.0000365877958530
0.0071370978398806	0.0000367399520737
0.0071510068728426	0.0003113546902245
0.0071510141243000	0.0002113543045795
0.0071510141243000	0.0010353372501318
0.0071541516225701	0.4347067608584280
0.0071635073378267	1.7292606627209184
0.0071635073378267	1.7308898233835750
0.0071721099058507	0.8515444881571036
0.0071782413919772	0.2261162682343328
0.0071804453077821	0.0021376656325382
0.0071804711046288	0.0005176062351735
0.0071804711046288	0.0000368724907814
0.0071870335235335	0.0000367294458890
0.0072033543417765	-0.0000646335664924
0.0072033543417765	0.0000366116818950
0.0072123699301877	0.0000366830084351
0.0072281941774313	-0.0000648111680778
0.0072281941774313	0.0000361773551176
0.0072350471150030	0.0000369191636763
0.0072399368584908	0.0020369752813183
0.0072399388582218	0.0000364368960004
0.0072510060687779	0.0003113323429605
0.0072510133167168	0.0010356614318552
0.0072570960106385	0.8412677954341188
0.0072635069867365	1.7280011155024237
0.0072635069867365	1.7296290166178117
0.0072718995067632	0.8715364848176608
0.0072796408309233	0.0815412779718212
0.0072804219171607	0.0020163222541393
0.0072804464705267	0.0005169764975384
0.0072804464705267	0.0000364176373216
0.0072851231643045	0.0000369180179698
0.0072900464653543	0.0020369591904767
0.0072900484650856	0.0000364215099724
0.0073029656420367	0.0000361455915973
0.0073151061966452	0.0000363916720880
0.0073222692964314	0.0000356274622038
0.0073297845460932	0.0000362632242309
0.0073409486756960	0.0000362007749286
0.0073453052496752	0.0000355896345438
0.0073510034906621	0.0003111446089687
0.0073510107414062	0.0002111445628790
0.0073510107414062	0.0010353109565051
0.0073546897203288	0.5094288668711185
0.0073635064428992	1.7295750071386191
0.0073635064428992	1.7312044821456971
0.0073716925297552	0.8941296988824486
0.0073796491153038	0.0821489357367117
0.0073804360901094	0.0020154370240001
0.0073804606320591	0.0005169409762491
0.0073804606320591	0.0000363920147748
0.0073902585513675	0.0000363616820973
0.0073968714376904	0.0000356159773687
0.0074027065799221	0.0000360560475816
0.0074159731389562	0.0000358265193327
0.0074235016841780	0.0000357450869982
0.0074319188170786	0.0010361256328015
0.0074319208165891	0.0000369529472703
0.0074381220034294	0.0000366112261159
0.0074465823022082	0.0000356152369530
0.0074510057704286	0.0003114417863226
0.0074510130189516	0.0010355241267237
0.0074585389423424	1.0402654671766178
0.0074635062744246	1.7269752674335743
0.0074635062744246	1.7286021427009945
0.0074695303035696	1.1137476714306085
0.0074785941776974	0.1861678888607118
0.0074804015889857	0.0020774135866632
0.0074804267385752	0.0005169266677065
0.0074804267385752	0.0000363816203713
0.0074905222088109	0.0000363192133448
0.0074962061157379	0.0000356152538706
0.0075019603125642	0.0000359674221184
0.0075077749075348	0.0010358074663362
0.0075077769078892	0.0000370155684332
0.0075133839333661	0.0000365815537417
0.0075211315880674	0.0000356119873448
0.0075284955440091	0.0000360523888406
0.0075323578573572	0.0010356167821874
0.0075323598579945	0.0000369858662306
0.0075382672628965	0.0000365956394305
0.0075463281835461	0.0000356138958299
0.0075510053581524	0.0003114009757800
0.0075510126068622	0.0010354903188775
0.0075570183860851	0.8305672134683201
0.0075635038675531	1.7286660139845151
0.0075635038675531	1.7302945799985763
0.0075703651294985	1.0299316141560599
0.0075786759006784	0.1795998587132939
0.0075804227210218	0.0020784149468997
0.0075804479310787	0.0005175626696013
0.0075804479310787	0.0000368412195677
0.0075876358601368	0.0000366735803444
0.0076026337087595	-0.0000648691265933
0.0076026337087595	0.0000361073391880
0.0076155674603189	0.0000363019080552
0.0076211139314505	0.0000356069660557
0.0076268582114199	0.0000359483530837
0.0076322695391865	0.0010357526098039
0.0076322715395254	0.0000369768263702
0.0076382368863640	0.0000365965176647
0.0076463800102334	0.0000356118907550
0.0076510054439639	0.0003114055145863
0.0076510126926849	0.0010354953067213
0.0076587946948344	1.0755291368153692
0.0076635062107283	1.7268196942372578
0.0076635062107283	1.7284464139315683
0.0076725582240193	0.8035021858950059
0.0076787149714300	0.1755873437512510
0.0076804224545007	0.0020788668758106
0.0076804476712712	0.0005175913134964
0.0076804476712712	0.0000368618627236
0.0076873516082259	0.0000367102366179
0.0077032282591665	-0.0000647804782971
0.0077032282591665	0.0000362087207679
0.0077100054696150	0.0000369482397471
0.0077148815313557	0.0020370124833630
0.0077148835310864	0.0000364736132628
0.0077282954793275	0.0000362210621125
0.0077349118851453	0.0000369558456706
0.0077374509691791	0.0020369986019116
0.0077374529690314	0.0000367029948689
0.0077510066440412	0.0003112764032882
0.0077510138961894	0.0002112759474266
0.0077510138961894	0.0010356434091497
0.0077538180460588	0.3887003208813001
0.0077635079685722	1.7293584099296462
0.0077635079685722	1.7309876683396004
0.0077724072867990	0.8215157678963652
0.0077785613792608	0.1938188488742973
0.0077804479475819	0.0020974866482481
0.0077804733471364	0.0005175848147923
0.0077804733471364	0.0000368571240622
0.0077872600066194	0.0000367058042777
0.0078027068232598	-0.0000646973144867
0.0078027068232598	0.0000365520193745
0.0078120429490776	0.0000367217507631
0.0078283231519945	-0.0000646427769895
0.0078283231519945	0.0000366024644190
0.0078373538380821	0.0000366786331918
0.0078510061660097	-0.0000646034028829
0.0078510061660097	0.0005163095325312
0.0078570607184403	0.8368473359833236
0.0078635069900030	1.7284522405303819
0.0078635069900030	1.7300805927707339
0.0078720266498963	0.8590415160004793
0.0078796555446578	0.0805208465419584
0.0078804266458531	0.0020165508403675
0.0078804512027086	0.0005169927798759
0.0078804512027086	0.0000364293740491
0.0078849013119581	0.0000369247678185
0.0078897405866766	0.0020370087318642
0.0078897425864068	0.0000364689541723
0.0079028728460234	0.0000365539936463
0.0079121193262149	0.0000367002997527
0.0079280828405011	0.0000365678750961
0.0079372317193830	0.0000366813528522
0.0079510065971666	0.0003111750587669
0.0079510138505819	0.0002111745862431
0.0079510138505819	0.0010350032974291
0.0079537538491667	0.3797878358684607
0.0079635080985881	1.7291088660725955
0.0079635080985881	1.7307378749387150
0.0079724593742405	0.8158019389684589
0.0079786161179733	0.1877139620027940
0.0079804423203220	0.0020908382305794
0.0079804676495638	0.0005175242059653
0.0079804676495638	0.0000368133545195
0.0079872965945739	0.0000366611309816
0.0080033519051412	-0.0000648169117713
0.0080033519051412	0.0000361752223599
0.0080098441272386	0.0000369047811394
0.0080146574974961	0.0020369999257064
0.0080146594972260	0.0000364594572507
0.0080280844189424	0.0000365492890402
0.0080372273881442	0.0000366638538071
0.0080510066024971	0.0003111421235283
0.0080510138563520	0.0002111416532438
0.0080510138563520	0.0010353445238661
0.0080537600874982	0.3806244947003653
0.0080635080908370	1.7290010533799733
0.0080635080908370	1.7306299544333370
0.0080724545110028	0.8161125132712328
0.0080786069802307	0.1884104457411598
0.0080804398830041	0.0020917160909705
0.0080804652191897	0.0005175030746533
0.0080804652191897	0.0000367980836071
0.0080872904527935	0.0000366472883746
0.0081033639266779	-0.0000648274933616
0.0081033639266779	0.0000361649528300
0.0081098253079175	0.0000368939883300
0.0081146335546440	0.0020369924787743
0.0081146355543739	0.0000364518738688
0.0081281462704305	0.0000365437592403
0.0081372580174217	0.0000366493271688
0.0081510065364048	0.0003110985908144
0.0081510137907446	0.0002110981007009
0.0081510137907446	0.0010353207354957
0.0081536734854251	0.3686702291132980
0.0081635082665256	1.7289588208270497
0.0081635082665256	1.7305876796480624
0.0081725352210555	0.8078445110850290
0.0081787015774730	0.1787030124537358
0.0081804390135166	0.0020815962565285
0.0081804642485174	0.0005174831689141
0.0081804642485174	0.0000367837283922
0.0081873535376315	0.0000366304539216
0.0082032240893030	-0.0000648574079856
0.0082032240893030	0.0000361319427418
0.0082100019969529	0.0000368728067593
0.0082148799182916	0.0020369375185587
0.0082148819180223	0.0000363986318626
0.0082282944972187	0.0000361473869472
0.0082349122779813	0.0000368833887146
0.0082374532356730	0.0020369263902917
0.0082374552355253	0.0000366307376499
0.0082510066389569	0.0003111352249978
0.0082510138929516	0.0002111347698997
0.0082510138929516	0.0010355724507302
0.0082538077783012	0.3871868146132966
0.0082635080066268	1.7289335612988610
0.0082635080066268	1.7305623948600912
0.0082724200274766	0.8195022255225886
0.0082785657075709	0.1924648334885472
0.0082804383721387	0.0020961865870811
0.0082804637516632	0.0005174948963708
0.0082804637516632	0.0000367921625607
0.0082872624017971	0.0000366428113984
0.0083026929120808	-0.0000647590363349
0.0083026929120808	0.0000364907608551
0.0083120341491816	0.0000366641555990
0.0083283458024312	-0.0000646974661048
0.0083283458024312	0.0000365482541153
0.0083373633349248	0.0000366224455439
0.0083510061138758	-0.0000646620146586
0.0083510061138758	0.0005162258940832
0.0083570737759582	0.8384947051117722
0.0083635069994525	1.7281195324204826
0.0083635069994525	1.7297475519527712
0.0083719597415327	0.8652894799553414
0.0083796419535054	0.0811185437106372
0.0083804186985065	0.0020164583506498
0.0083804432480020	0.0005169092884595
0.0083804432480020	0.0000363690239232
0.0083850204394168	0.0000368683789243
0.0083899071754445	0.0020369297225557
0.0083899091751754	0.0000363910839730
0.0084032385164912	0.0000361368170030
0.0084099808199400	0.0000368777389546
0.0084125444102710	0.0020369138442187
0.0084125464101239	0.0000366194434141
0.0084283448481519	0.0000361612454943
0.0084348459203078	0.0000368931515975
0.0084373661901784	0.0020369424845031
0.0084373681900301	0.0000366458363997
0.0084510068087342	0.0003112033504379
0.0084510140620783	0.0002112029494856
0.0084510140620783	0.0010356164211480
0.0084540489100917	0.4204423522315441
0.0084635075463530	1.7288985752206376
0.0084635075463530	1.7305273737956655
0.0084722083728389	0.8409398544632344
0.0084783342704701	0.2159119597723766
0.0084804373172853	0.0021243184032436
0.0084804629755207	0.0005175177350281
0.0084804629755207	0.0000368085880881
0.0084871011225798	0.0000366652012722
0.0085031363306443	-0.0000647083853961
0.0085031363306443	0.0000365374899401
0.0085122573885176	0.0000366438291834
0.0085277059526090	-0.0000647571837978
0.0085277059526090	0.0000364923039459
0.0085370407081858	0.0000366628202834
0.0085510069827730	-0.0000645073386691
0.0085510069827730	0.0005163784677060
0.0085543273539536	0.4592916005073742
0.0085635070369936	1.7291858292085842
0.0085635070369936	1.7308149150377481
0.0085719656228834	0.8657509234635821
0.0085796506283986	0.0812790969376023
0.0085804289363387	0.0020165529848916
0.0085804534864252	0.0005169049232122
0.0085804534864252	0.0000363658658449
0.0085850026323528	0.0000368630122969
0.0085898792116163	0.0020369279009283
0.0085898812113470	0.0000363890044209
0.0086032954396802	0.0000361381830218
0.0086099105585363	0.0000368742896087
0.0086124513864174	0.0020369174794232
0.0086124533862696	0.0000366218007036
0.0086278327277312	0.0000365028980038
0.0086370976643022	0.0000366564798132
0.0086510068669622	0.0003111910826069
0.0086510141205573	0.0002111906976748
0.0086510141205573	0.0010352550417902
0.0086541376132245	0.4326483154414363
0.0086635073819317	1.7287694668862295
0.0086635073819317	1.7303981363528729
0.0086721260781650	0.8490808707472370
0.0086782469373183	0.2245075815677724
0.0086804342392963	0.0021357797148838
0.0086804600090356	0.0005175018540734
0.0086804600090356	0.0000367970831539
0.0086870381503306	0.0000366562862826
0.0087033277008167	-0.0000647055052156
0.0087033277008167	0.0000365400613196
0.0087123535095112	0.0000366171711436
0.0087282227311045	-0.0000648718570632
0.0087282227311045	0.0000361175072012
0.0087350062343579	0.0000368584386096
0.0087398833133488	0.0020369226368469
0.0087398853130795	0.0000363838859409
0.0087510062810906	0.0003112323019499
0.0087510135306219	0.0010356222321806
0.0087570166945910	0.8301130946889043
0.0087635070160822	1.7276514604110074
0.0087635070160822	1.7292790118714712
0.0087721909556645	0.8413313224337354
0.0087783034356636	0.2176252789223588
0.0087804231574764	0.0021269789317058
0.0087804488404229	0.0005174996632170
0.0087804488404229	0.0000367955207184
0.0087870750044771	0.0000366552372067
0.0088032071967935	-0.0000647137528551
0.0088032071967935	0.0000365319718065
0.0088122926209506	0.0000366279768068
0.0088283569987553	-0.0000648467738547
0.0088283569987553	0.0000361455754019
0.0088348374755830	0.0000368760838812
0.0088396502016792	0.0020369727390231
0.0088396522014092	0.0000364323995586
0.0088510068378678	0.0003111789283129
0.0088510140915771	0.0002111785375515
0.0088510140915771	0.0010357277507202
0.0088540919332912	0.4263485452657876
0.0088635074712794	1.7287808918006615
0.0088635074712794	1.7304095726924067
0.0088721729470016	0.8443408824204889
0.0088782949889372	0.2196528773804791
0.0088804346121795	0.0021292695717045
0.0088804603175695	0.0005174984249219
0.0088804603175695	0.0000367946230470
0.0088870729718330	0.0000366526998524
0.0089032186343969	-0.0000647153649612
0.0089032186343969	0.0000365303503839
0.0089122983185380	0.0000366247003647
0.0089283441082935	-0.0000648512106239
0.0089283441082935	0.0000361408571978
0.0089348487041827	0.0000368720139618
0.0089396661234519	0.0020369660720670
0.0089396681231820	0.0000364258460151
0.0089510068087351	0.0003111593461091
0.0089510140626569	0.0002111589444356
0.0089510140626569	0.0010357161765830
0.0089540481152380	0.4202994746058838
0.0089635075506915	1.7287623230205289
0.0089635075506915	1.7303909853435331
0.0089722069251992	0.8408571847175408
0.0089783296830430	0.2160852848431737
0.0089804342162099	0.0021246226495259
0.0089804598751159	0.0005174891878041
0.0089804598751159	0.0000367879614878
0.0089870979024407	0.0000366453473962
0.0090031428838669	-0.0000647270972068
0.0090031428838669	0.0000365188491128
0.0090122599519250	0.0000366247003779
0.0090276970492784	-0.0000647762457428
0.0090276970492784	0.0000364734430924
0.0090370356887350	0.0000366457755982
0.0090510069911912	-0.0000645222970346
0.0090510069911912	0.0005163553756298
0.0090543406921070	0.4611026762989868
0.0090635070178053	1.7290778741471879
0.0090635070178053	1.7307068520213067
0.0090719560774783	0.8665417187887290
0.0090796475855215	0.0813422654095004
0.0090804264474588	0.0020165291798508
0.0090804509954414	0.0005168807295840
0.0090804509954414	0.0000363483740073
0.0090850208668389	0.0000368463577567
0.0090899049224235	0.0020369078053965
0.0090899069221543	0.0000363690819451
0.0091032429618994	0.0000361147154698
0.0091099770532054	0.0000368554180763
0.0091125390522775	0.0020368920781463
0.0091125410521303	0.0000365975421127
0.0091283562323104	0.0000361416637393
0.0091348305350475	0.0000368729837458
0.0091373468100528	0.0020369238549762
0.0091373488099045	0.0000366269438942
0.0091510068456813	0.0003111754251796
0.0091510140994486	0.0002111750371179
0.0091510140994486	0.0010356047318698
0.0091541036980127	0.4279658198000557
0.0091635074504991	1.7287584194697230
0.0091635074504991	1.7303870778893726
0.0091721632456621	0.8452888257342546
0.0091782845442545	0.2206666310782253
0.0091804340935804	0.0021306253525913
0.0091804598120501	0.0005174952014481
0.0091804598120501	0.0000367922903820
0.0091870654462043	0.0000366507085764
0.0092032412575803	-0.0000647159125691
0.0092032412575803	0.0000365297813344
0.0092123096276863	0.0000366208020139
0.0092283188315679	-0.0000648574690334
0.0092283188315679	0.0000361340400034
0.0092348801610632	0.0000368674155021
0.0092397102851814	0.0020369554742172
0.0092397122849116	0.0000364155605904
0.0092510067268047	0.0003111265323232
0.0092510139810366	0.0002111261041752
0.0092510139810366	0.0010356949530031
0.0092539287158581	0.4038335341858125
0.0092635077752956	1.7287809558566389
0.0092635077752956	1.7304096368123631
0.0092723100211136	0.8304161389848700
0.0092784396602898	0.2049471496699888
0.0092804347712798	0.0021107104954560
0.0092804602923922	0.0005174782696155
0.0092804602923922	0.0000367801097767
0.0092871755330267	0.0000366347759641
0.0093029207564769	-0.0000647514923022
0.0093029207564769	0.0000364958527511
0.0093121481261069	0.0000366352210593
0.0093279971805190	-0.0000647461406464
0.0093279971805190	0.0000365004918218
0.0093371864962928	0.0000366275158311
0.0093510066877148	-0.0000645953861616
0.0093510066877148	0.0005162851434387
0.0093538739472744	0.3967455481009399
0.0093635078673071	1.7291954599238224
0.0093635078673071	1.7308245553835711
0.0093723471171764	0.8270105026558083
0.0093784837256839	0.2007898165860819
0.0093804378596083	0.0021055866806756
0.0093804633283926	0.0005174546406699
0.0093804633283926	0.0000367630524022
0.0093872077632971	0.0000366155816052
0.0094028334953982	-0.0000647772629558
0.0094028334953982	0.0000364708718382
0.0094121065215384	0.0000366224213820
0.0094281168848448	-0.0000647523483824
0.0094281168848448	0.0000364936956345
0.0094372489072376	0.0000366026311308
0.0094510065561255	-0.0000646417340236
0.0094510065561255	0.0005162334527409
0.0094536969870190	0.3723271064859026
0.0094635082193521	1.7291372026107412
0.0094635082193521	1.7307662398134607
0.0094725086090082	0.8105078028193221
0.0094786677471355	0.1819552014883452
0.0094804367281722	0.0020848739437796
0.0094804619903788	0.0005174200345054
0.0094804619903788	0.0000367381022113
0.0094873323142565	0.0000365859261687
0.0095032669462989	-0.0000648976183130
0.0095032669462989	0.0000360928333192
0.0095099474168569	0.0000368308658966
0.0095148047295966	0.0020369064632059
0.0095148067293270	0.0000363670272122
0.0095277152659603	0.0000364508079644
0.0095370403637942	0.0000366226524004
0.0095510069783872	0.0003111535203101
0.0095510142326579	0.0002111531746580
0.0095510142326579	0.0010353614904465
0.0095543165333502	0.4572570184166271
0.0095635070740377	1.7284828200646591
0.0095635070740377	1.7301112028844943
0.0095719827755592	0.8631632164311503
0.0095796441405036	0.0809838356174924
0.0095804194338282	0.0020165169016897
0.0095804439803170	0.0005168630170586
0.0095804439803170	0.0000363355581490
0.0095849826835183	0.0000368343390285
0.0095898547081424	0.0020369033690324
0.0095898567078730	0.0000363643336130
0.0096033427094300	0.0000361195944591
0.0096098462589534	0.0000368524754370
0.0096123693501010	0.0020369018732964
0.0096123713499528	0.0000366051642941
0.0096280471636946	0.0000364985778818
0.0096372041215696	0.0000366204954666
0.0096510066464459	0.0003110680666180
0.0096510139013329	0.0002110676114572
0.0096510139013329	0.0010351869824550
0.0096538168278385	0.3883852732616767
0.0096635079909454	1.7287130395979864
0.0096635079909454	1.7303416526377438
0.0096724051553229	0.8206369826375345
0.0096785434558956	0.1942481135518001
0.0096804333298893	0.0020982879645212
0.0096804587264999	0.0005174502329422
0.0096804587264999	0.0000367598849600
0.0096872469897028	0.0000366122265588
0.0097027286305337	-0.0000647861256517
0.0097027286305337	0.0000364632161201
0.0097120511549131	0.0000366311087409
0.0097282828917982	-0.0000647339311012
0.0097282828917982	0.0000365117348338
0.0097373327295551	0.0000365956672643
0.0097510062466734	-0.0000646776842104
0.0097510062466734	0.0005161977797810
0.0097570251161825	0.8316769788503472
0.0097635070156994	1.7279556647234930
0.0097635070156994	1.7295835203884524
0.0097721418894712	0.8464991734240762
0.0097782534277237	0.2227972613537219
0.0097804236477184	0.0021337985283923
0.0097804493949133	0.0005174645810366
0.0097804493949133	0.0000367701554377
0.0097870408237981	0.0000366311275955
0.0098033110973081	-0.0000647306699517
0.0098033110973081	0.0000365151060082
0.0098123440061476	0.0000365961897877
0.0098282411088527	-0.0000648887671430
0.0098282411088527	0.0000361010705157
0.0098349828456198	0.0000368417887710
0.0098398535554899	0.0020369107460831
0.0098398555552206	0.0000363718229130
0.0098510063965866	0.0003112126510317
0.0098510136465346	0.0010356185536808
0.0098569725377580	0.8239588804489378
0.0098635070322203	1.7275695828838786
0.0098635070322203	1.7291970524665978
0.0098723669582845	0.8233047161953063
0.0098784901333284	0.1984821549757873
0.0098804216784619	0.0021034299121677
0.0098804471269327	0.0005174659386344
0.0098804471269327	0.0000367712165240
0.0098872056784495	0.0000366267740302
0.0099028333354385	-0.0000647651435916
0.0099028333354385	0.0000364830678710
0.0099121040190837	0.0000366357625972
0.0099281234378773	-0.0000647375392091
0.0099281234378773	0.0000365085252639
0.0099372498307661	0.0000366175215281
0.0099510065537688	-0.0000646263586740
0.0099510065537688	0.0005162525245531
0.0099536943224421	0.3719811074010740
0.0099635082235568	1.7292368907569511
0.0099635082235568	1.7308660276478767
0.0099725138602185	0.8101450921173819
0.0099786765487488	0.1812775369294075
0.0099804390043597	0.0020841318467993
0.0099804642608952	0.0005174404210142
0.0099804642608952	0.0000367528353986
0.0099873383675831	0.0000365999072020
