0.0000000000000000	0.0000000000000000
0.0000000083333333	0.0020000000000000
0.0000000093050087	0.0002400000000000
0.0000074221822681	0.0001166010488517
0.0000074379054275	0.0002390279650358
0.0000137558984884	0.0001070584426935
0.0000137708720818	0.0002361418152810
0.0000244158542452	0.0000939441082815
0.0000244304262794	0.0002297934552997
0.0000331325627126	0.0000866349577948
0.0000331466879622	0.0002236586850587
0.0000392008600046	0.0000742206905983
0.0000392144420788	0.0002174216068494
0.0000433572452183	0.0002127553394906
0.0000553859777408	0.0001997340445558
0.0000611881341564	0.0001921887185818
0.0000677752060494	0.0001826254414469
0.0000751142999247	0.0001729231339824
0.0000760048568485	0.0005835758435644
0.0000760097137390	0.0004835634472780
0.0000760097137390	0.0031721582853923
0.0000779660976412	0.4049699808722362
0.0000797322881618	0.7656561825303833
0.0000815005531543	1.1248727489938175
0.0000832991308852	1.4883435829169909
0.0000853934914983	1.9088420770634684
0.0000877469325381	2.3777210077989941
0.0000885089856892	2.5288766411584556
0.0000885089856892	2.5265499757840120
0.0000911657131596	2.4113971883835266
0.0000938705560569	2.2891146197411016
0.0000966215109221	2.1601144569350503
0.0000994375606511	2.0236360755312903
0.0001023742946327	1.8770444517479643
0.0001051737420124	1.7337635198235564
0.0001078642235658	1.5925219154980337
0.0001103054015229	1.4612023128356808
0.0001127340860990	1.3276248264477744
0.0001150491003707	1.1975787605314789
0.0001172264544502	1.0728195062396690
0.0001195052483864	0.9399855734262946
0.0001218606905172	0.8007625922080183
0.0001243751163879	0.6501909561499575
0.0001271658211278	0.4811040572807868
0.0001299624569907	0.3099844333863133
0.0001326105073197	0.1460095414986809
0.0001349214625419	0.0012496663825655
0.0001349471253952	-0.0004662053160703
0.0001349471253952	0.0001140559111896
0.0001423952303631	-0.0003703911971801
0.0001423993901585	0.0001093562123658
0.0001459548097616	0.0001071386808321
0.0001532990227751	0.0001045775781539
0.0001640847183201	0.0001000583427923
0.0001712683267043	0.0000980063074266
0.0001760039164296	0.0030957737571523
0.0001760045833601	0.0021082518485199
0.0001760045833601	0.0032082518464852
0.0001811660957477	0.8726991784723656
0.0001862854559696	1.7338295584290557
0.0001885053095006	2.1064133188921397
0.0001885053095006	2.1049519730941872
0.0001935923389216	1.7331342809751269
0.0001997747424265	1.2767865453144882
0.0002089818353707	0.5942601260154903
0.0002126776165009	0.3181468275881645
0.0002155545694095	0.1015291046711226
0.0002169035384366	-0.0005364640066657
0.0002169035384366	0.0000885669638458
0.0002264923843328	0.0000872335995564
0.0002327108934983	0.0000867414684131
0.0002409729490394	0.0000843610064105
0.0002480649006621	0.0000832697469239
0.0002555000052441	0.0000830416308605
0.0002614810037996	0.0000818602985100
0.0002728557998172	0.0000794194371576
0.0002760064610839	0.0003982622863801
0.0002760127262256	0.0002982612121084
0.0002760127262256	0.0030790344380396
0.0002851030313638	1.4534624654783546
0.0002885029021508	1.9952273864985801
0.0002885029021508	1.9942155889541360
0.0002949379767503	1.4699778807289232
0.0003004596750224	1.0169678525924302
0.0003128152015691	0.0013226420382138
0.0003128363851156	-0.0005279556370377
0.0003128363851156	0.0000747175167360
0.0003238660513235	0.0000727135101451
0.0003317143843521	0.0000726451168992
0.0003418734765657	0.0000710856765345
0.0003493134544895	0.0000698315532685
0.0003563146102944	0.0000700076362524
0.0003628759330248	0.0000690537578143
0.0003725337835730	0.0000672956332110
0.0003760063997457	0.0003741893135450
0.0003760129097792	0.0002741886000524
0.0003760129097792	0.0030669704689254
0.0003885005245256	1.9213757778306129
0.0003885005245256	1.9211950536084548
0.0003950943181638	1.3466611237198993
0.0004014533570297	0.7895939202545138
0.0004104467200720	0.0019306377274883
0.0004104738072579	-0.0005426997754906
0.0004104738072579	0.0000647610728638
0.0004173995945116	-0.0004432541267318
0.0004174035308016	0.0000635640061939
0.0004221422959000	0.0000627322332893
0.0004316023263173	0.0000626384863470
0.0004363040470379	0.0000626003848905
0.0004388836086154	0.0020623883029878
0.0004388856084792	0.0000621155122672
0.0004461903210070	0.0000607692092809
0.0004539470641602	0.0000606004057253
0.0004631341878821	0.0000604045370359
0.0004736815861810	0.0000589276127434
0.0004736835861810	0.0000588674884061
0.0004760000000011	0.0003575880825692
0.0004760000000012	0.0002575880825692
0.0004760000000012	0.0020588240699246
0.0004812085975306	0.7792075286703324
0.0004885000020825	1.8706437779974490
0.0004885000020825	1.8724143217753724
0.0004955037958519	1.2346225471222512
0.0005030879739924	0.5391764175193163
0.0005089673662211	0.0043115126319045
0.0005090195883938	-0.0005532311532360
0.0005090195883938	0.0000575182623320
0.0005166643014874	-0.0004535380030279
0.0005166682123206	0.0000565454702685
0.0005233121326385	0.0000555981369141
0.0005326375394019	0.0000560838071612
0.0005411253498200	0.0000552286981329
0.0005495882674903	0.0000541788119841
0.0005567859949993	0.0000547796861141
0.0005637815322164	0.0000540921430141
0.0005718163042796	0.0000528394762584
0.0005760058482040	0.0003454680916753
0.0005760126763791	0.0002454677651327
0.0005760126763791	0.0010525637960450
0.0005885072204328	1.8310035031769114
0.0005885072204328	1.8327344066801581
0.0005931905668369	1.3925472723224408
0.0006079537698592	0.0008507232906979
0.0006079677439451	0.0005392942614489
0.0006079677439451	0.0000523057829680
0.0006142843870190	0.0000512054617011
0.0006229511553519	-0.0000503061604776
0.0006229511553519	0.0000505172585639
0.0006304370268885	0.0015378590808436
0.0006304370268885	0.0015378590808436
0.0006304393466349	0.0008135327809395
0.0006304393466349	0.0000512084087301
0.0006381214223848	0.0000507240036168
0.0006480656734361	0.0000494268850932
0.0006529401192955	0.0000496756830335
0.0006653920376990	0.0000494820366325
0.0006760068530020	0.0003367612762030
0.0006760137858104	0.0002367604996213
0.0006760137858104	0.0010488038705795
0.0006803144619074	0.6223851170157508
0.0006885029838781	1.8066524838519074
0.0006885029838781	1.8083590363357707
0.0006960657150429	1.0826078160250479
0.0007073077969896	-0.0001462599352478
0.0007073113801555	0.0005099289306141
0.0007073113801555	0.0000480965466462
0.0007153893121204	0.0000476709546126
0.0007234428130594	0.0000467177618575
0.0007280173287146	0.0000474068782458
0.0007373003877730	0.0000472530307186
0.0007443954101560	0.0000459169234703
0.0007503390622143	0.0000460591978501
0.0007659235974703	0.0000459702523508
0.0007711410181309	0.0000451995274197
0.0007743080483758	-0.0019549841389699
0.0007743100482397	0.0000452881497845
0.0007760070092461	0.0003306750115906
0.0007760140184876	0.0010452018229519
0.0007823638661295	0.9079709705324964
0.0007885029659325	1.7863885688013146
0.0007885029659325	1.7880748573700727
0.0007924814708130	1.3996615415489913
0.0008060810500215	0.0700523372975981
0.0008067808704611	0.0020088244726459
0.0008068063708617	0.0005297431150057
0.0008068063708617	0.0000455669941944
0.0008128365931934	0.0000451309337217
0.0008229912614622	0.0000439360947025
0.0008290371236892	0.0000443587679727
0.0008403231136960	0.0000442405231157
0.0008478227868947	0.0000433549239736
0.0008555253757297	0.0000438931850099
0.0008654941742142	0.0000436479024774
0.0008721100612926	0.0000428093567753
0.0008760064050475	0.0003257180593096
0.0008760134716164	0.0010426956924166
0.0008842601778830	1.1688766333640088
0.0008885059231555	1.7708282068476320
0.0008885059231555	1.7724989350545963
0.0008927482967574	1.3535929464788043
0.0009053649264574	0.1057156823971297
0.0009064195080876	0.0020211860125050
0.0009064448826039	0.0005266801006046
0.0009064448826039	0.0000433867300448
0.0009130178213205	0.0000429975273684
0.0009222990114878	0.0000418644492765
0.0009282366635196	0.0000422374024728
0.0009411309341665	0.0000420711786615
0.0009452868441630	0.0000414305801932
0.0009524421866881	0.0000422097663266
0.0009627814312792	0.0000421834417685
0.0009727669357739	0.0000410516447349
0.0009760072117539	0.0003223064463594
0.0009760143219965	0.0010410228763603
0.0009830972760743	0.9982046175881388
0.0009885056922064	1.7604843566487571
0.0009885056922064	1.7621447410053868
0.0009958032912589	1.0361075960947304
0.0010061792222475	0.0010192519094212
0.0010061942686388	0.0005236167001597
0.0010061942686388	0.0000411975894345
0.0010163758582024	0.0000405636994583
0.0010239928271297	-0.0000604033905506
0.0010239928271297	0.0000404419197949
0.0010432056754014	0.0000406494044656
0.0010534966157959	-0.0000603140305592
0.0010534966157959	0.0000409116731662
0.0010626278106051	0.0000408470951521
0.0010760057246105	-0.0000605817599786
0.0010760057246105	0.0005226746886384
0.0010826715173574	0.9346741900738504
0.0010885060060897	1.7533011363661637
0.0010885060060897	1.7549543375026138
0.0010963279983946	0.9720451557947324
0.0011054019337041	0.0611830897346308
0.0011059939483415	0.0020072049593125
0.0011060188131117	0.0005221048740338
0.0011060188131117	0.0000401126336155
0.0011156181449468	0.0000398968758577
0.0011212989169532	0.0000391545899523
0.0011270897758976	0.0000394530859858
0.0011342391848170	0.0010393144913888
0.0011342411852164	0.0000404577027927
0.0011389106853687	0.0000394603249521
0.0011476637468673	0.0000389939321204
0.0011549437350755	0.0010391317986207
0.0011549457344495	0.0000399968157519
0.0011626222453606	0.0000398217946694
0.0011760055223440	0.0003173938705347
0.0011760126910459	0.0002173937623967
0.0011760126910459	0.0010392164720922
0.0011826480662570	0.9276436574187893
0.0011885062231116	1.7466954339764020
0.0011885062231116	1.7483420294104217
0.0011961308707285	0.9814651355320075
0.0012053361333047	0.0530990763027058
0.0012058448205720	0.0020048663398756
0.0012058695545314	0.0005207433194700
0.0012058695545314	0.0000391343128768
0.0012154505319783	0.0000385991021435
0.0012228164308820	-0.0000624703926658
0.0012228164308820	0.0000383791344718
0.0012302091785796	0.0015206560436286
0.0012302105278555	0.0025211786700187
0.0012302123232704	0.0000394156115042
0.0012376925706590	0.0000392222893275
0.0012476572870150	0.0000381490807365
0.0012572513382044	0.0000389613999573
0.0012655419044995	0.0000386780232542
0.0012713869825998	0.0000379404990872
0.0012760054292178	0.0003159991740242
0.0012760126181632	0.0010377946578146
0.0012842702389589	1.1505425685088366
0.0012885061021072	1.7408880463240417
0.0012885061021072	1.7425288343704219
0.0012973135136036	0.8521664401244732
0.0013037761403126	0.1999749052042949
0.0013057440367534	0.0020976521663846
0.0013057696787630	0.0005205519145851
0.0013057696787630	0.0000389962781218
0.0013124070738405	0.0000387748765210
0.0013283342339316	-0.0000627820768620
0.0013283342339316	0.0000382030962478
0.0013349796674081	0.0000388947805160
0.0013397524598725	0.0020389589435419
0.0013397544596028	0.0000384191452379
0.0013529806010368	0.0000384359046619
0.0013622344220714	0.0000385171311764
0.0013760067340446	0.0003147741403466
0.0013760139407052	0.0002147736516398
0.0013760139407052	0.0010371704439328
0.0013790383885948	0.4217110687085691
0.0013885071136888	1.7399205455000430
0.0013885071136888	1.7415603660454333
0.0013971286122132	0.8674665364590143
0.0014035021652020	0.2225084092914299
0.0014056879603670	0.0021260328815758
0.0014057138240985	0.0005198184418487
0.0014057138240985	0.0000384682233707
0.0014122117399783	0.0000382682766237
0.0014280518285817	-0.0000631690732951
0.0014280518285817	0.0000380695549860
0.0014372678499956	0.0000381475755434
0.0014528756461637	-0.0000632972768141
0.0014528756461637	0.0000379434322144
0.0014621734391253	0.0000380503115042
0.0014760068270517	-0.0000631857827852
0.0014760068270517	0.0005183436360308
0.0014791566103249	0.4378779613345067
0.0014885070149570	1.7375463561177287
0.0014885070149570	1.7391838024738648
0.0014970370285058	0.8724145354816177
0.0015033451763962	0.2327045244826103
0.0015056270904789	0.0021413158310747
0.0015056530574716	0.0005192348115132
0.0015056530574716	0.0000380476776124
0.0015120976887378	0.0000378639610301
0.0015283396953904	-0.0000635440749359
0.0015283396953904	0.0000376955999435
0.0015374092979716	0.0000377403367852
0.0015532239441119	-0.0000637897567757
0.0015532239441119	0.0000371961611024
0.0015600636923095	0.0000379146971285
0.0015649174853238	0.0020379642189559
0.0015649194850547	0.0000374257504234
0.0015760062231947	0.0003132598816538
0.0015760134461649	0.0010366351050293
0.0015821328179123	0.8492477702796152
0.0015885067651398	1.7338874234975676
0.0015885067651398	1.7355212109210123
0.0015970655076898	0.8644814768779951
0.0016033136207359	0.2298977068705525
0.0016055643762725	0.0021395264816823
0.0016055902906140	0.0005188120444580
0.0016055902906140	0.0000377428599607
0.0016120741364437	0.0000375725523778
0.0016283569844046	-0.0000638221630076
0.0016283569844046	0.0000374190538756
0.0016374044196637	0.0000374699000659
0.0016532035562768	-0.0000640507106329
0.0016532035562768	0.0000369355872428
0.0016600777768204	0.0000376617786877
0.0016649498850408	0.0020377095320745
0.0016649518847719	0.0000371713125995
0.0016760060711077	0.0003127644389180
0.0016760133003310	0.0010363790318649
0.0016821617050882	0.8525307437573691
0.0016885068171424	1.7323991530018212
0.0016885068171424	1.7340314521549087
0.0016968725706507	0.8815417551938094
0.0017047322009957	0.0821152233520639
0.0017055215247076	0.0020164415158428
0.0017055461512866	0.0005179050464702
0.0017055461512866	0.0000370885798709
0.0017101009851631	0.0000375692893079
0.0017149905226166	0.0020376122324559
0.0017149925223477	0.0000370742561260
0.0017281095926747	0.0000367860615404
0.0017351881925340	0.0000375222059113
0.0017377862415482	0.0020375359977620
0.0017377882414028	0.0000372448753444
0.0017528695859757	0.0000367086935087
0.0017652654752382	0.0000369188955159
0.0017718981971874	0.0000361648298650
0.0017760062465494	0.0003125705087213
0.0017760134807257	0.0010361057568075
0.0017832426358559	1.0013411257995475
0.0017885063459455	1.7305154892504386
0.0017885063459455	1.7321459047396035
0.0017931589357539	1.2581861924942384
0.0018041997518470	0.1313863201740120
0.0018054757371774	0.0020374983874901
0.0018055005962515	0.0005182219583054
0.0018055005962515	0.0000373174503388
0.0018130948404533	0.0000371016770741
0.0018216619779416	0.0000360941551881
0.0018274731455185	0.0000364953657789
0.0018416653685840	0.0000362337222849
0.0018495098184746	0.0000362642364073
0.0018658705959637	0.0000362718522685
0.0018733665005967	-0.0000646912601649
0.0018733665005967	0.0000361630559164
0.0018760072383586	0.0010366075007046
0.0018806544408371	0.6440617491215498
0.0018885050503506	1.7324681343838326
0.0018885050503506	1.7341005025182545
0.0018960512839988	0.9655985804312428
0.0019048899076272	0.0632004591061162
0.0019054917078287	0.0020067332477867
0.0019055161924218	0.0005173046728385
0.0019055161924218	0.0000366551376596
0.0019162171314732	0.0000361918052310
0.0019238280839961	-0.0000647107661139
0.0019238280839961	0.0000361436649646
0.0019338170052208	0.0015178374242135
0.0019338183554116	0.0025182738619903
0.0019338201511591	0.0000374299859296
0.0019387748431170	0.0000368829370544
0.0019455450313122	0.0000359570127263
0.0019538496923607	0.0000370176400176
0.0019627148976481	0.0000369992139763
0.0019724135745651	0.0000359742995401
0.0019760069478372	0.0003122404610917
0.0019760141870480	0.0010359682076650
0.0019827107885222	0.9270834228307822
0.0019885067841136	1.7295550412500604
0.0019885067841136	1.7311844962912686
0.0019954634470024	1.0221796669111691
0.0020039385736078	0.1563605435007717
0.0020054591995347	0.0020570318119820
0.0020054842307376	0.0005179623028120
0.0020054842307376	0.0000371299189398
0.0020128088096350	0.0000369426306510
0.0020222102229121	0.0000359220706578
0.0020280931593310	0.0000364006820531
0.0020403109973356	0.0000361617042932
0.0020476781482376	0.0000359702441827
0.0020549801037357	0.0010361683713179
0.0020549821031424	0.0000370607718163
0.0020625042787684	0.0000369449021050
0.0020760055075983	0.0003118099089611
0.0020760127486010	0.0010364078998835
0.0020823292269051	0.8743585098604310
0.0020885068784944	1.7295643244329773
0.0020885068784944	1.7311937887573288
0.0020962410395920	0.9429762724221046
0.0021047627699057	0.0722156834292697
0.0021054527762214	0.0020097791207753
0.0021054772780885	0.0005171408732935
0.0021054772780885	0.0000365366812516
0.0021155288666088	0.0000360953272323
0.0021229379459430	-0.0000649152854877
0.0021229379459430	0.0000359394321910
0.0021304482164463	0.0015173042587188
0.0021304495666329	0.0025178251009605
0.0021304513624087	0.0000370594433976
0.0021376613321803	0.0000368863613433
0.0021525960658507	0.0000363066995430
0.0021656349619555	0.0000364852887408
0.0021709775664769	0.0000358005605511
0.0021760101497346	0.0003117066362768
0.0021760173939574	0.0010356249307451
0.0021807870845662	0.6604492301850290
0.0021885049426226	1.7296252573192494
0.0021885049426226	1.7312547825765077
0.0021959981392953	0.9673185729206569
0.0022048537758959	0.0622336103931919
0.0022054454216417	0.0020063403385073
0.0022054698784388	0.0005169941923714
0.0022054698784388	0.0000364307225353
0.0022165760956335	0.0000359678234714
0.0022243736905194	-0.0000648669860223
0.0022243736905194	0.0000359878520908
0.0022411429187895	0.0000359964529554
0.0022487350318784	-0.0000649167514853
0.0022487350318784	0.0000359380981332
0.0022580197654746	0.0015179011060212
0.0022580211153560	0.0025183597973271
0.0022580229109885	0.0000371984013464
0.0022634454019395	0.0000367372244804
0.0022710375130928	0.0000357706930721
0.0022760102564019	0.0003116567779611
0.0022760175013581	0.0010356030429368
0.0022809296190216	0.6800413812890032
0.0022885047881943	1.7293674117442177
0.0022885047881943	1.7309966791559794
0.0022959204874005	0.9748117259924591
0.0023048891113277	0.0580386957013361
0.0023054394260283	0.0020052447957352
0.0023054638665782	0.0005169228038296
0.0023054638665782	0.0000363791321683
0.0023179312294503	0.0000364564909881
0.0023293451465021	-0.0000643995280436
0.0023293451465021	0.0000368616292250
0.0023378729255039	0.0000367843301751
0.0023470689885067	0.0000357706833194
0.0023529343435471	0.0000362338221524
0.0023655602246345	0.0000360004652292
0.0023729758081854	0.0000358502402978
0.0023760072465475	0.0010358871702884
0.0023800195402183	0.5557199834452697
0.0023885059168623	1.7308634635584355
0.0023885059168623	1.7324942270219563
0.0023964591250980	0.9216231506324747
0.0024047135329713	0.0777347862085470
0.0024054575201846	0.0020125484077346
0.0024054820429605	0.0005170596236759
0.0024054820429605	0.0000364778738096
0.0024157246710189	0.0000363806727541
0.0024207834312490	0.0000357158865317
0.0024265005763327	0.0000360145519869
0.0024310923021698	0.0010357335024160
0.0024310943024679	0.0000370001144837
0.0024378819149177	0.0000367510335375
0.0024470485862268	0.0000357377108376
0.0024545331354350	0.0000363302193557
0.0024656027381499	0.0000359653159512
0.0024730271150241	0.0000358223613799
0.0024760072472528	0.0010357112318809
0.0024800910868104	0.5655380826577024
0.0024885058206932	1.7306601238760397
0.0024885058206932	1.7322906840000525
0.0024964145820555	0.9258170307734281
0.0025047162349142	0.0769791278775453
0.0025054526691255	0.0020120686651415
0.0025054771831510	0.0005170072973436
0.0025054771831510	0.0000364400577777
0.0025158234504876	0.0000363306500858
0.0025205720191159	0.0000356881464279
0.0025262763987746	0.0000359617004903
0.0025305761640968	0.0010356455464954
0.0025305781643742	0.0000369339457572
0.0025377089333614	0.0000367474301002
0.0025474012260404	0.0000357274135501
0.0025549368033829	0.0000363821404948
0.0025657827100576	0.0000363273680436
0.0025706538008317	0.0000356759651977
0.0025760041515881	0.0003113946252339
0.0025760113994863	0.0010354527978859
0.0025801813800177	0.5773723798494322
0.0025885057069801	1.7298863504871542
0.0025885057069801	1.7315161368376495
0.0025963555465425	0.9309186794066157
0.0026047173193088	0.0758226471479479
0.0026054422665368	0.0020114022536145
0.0026054667698889	0.0005169537487021
0.0026054667698889	0.0000364013599241
0.0026159577522113	0.0000362754626980
0.0026202969209897	0.0000356652812984
0.0026259930558793	0.0000359067164523
0.0026300461201425	0.0010355553262408
0.0026300481203964	0.0000368679943367
0.0026375232629762	0.0000367479571303
0.0026528683093835	0.0000362028709670
0.0026652499511319	0.0000364304130272
0.0026719006234269	0.0000356824132875
0.0026760062575393	0.0003116184746866
0.0026760135041856	0.0010356294929698
0.0026831637240701	0.9887307669371213
0.0026885064445155	1.7275943033337280
0.0026885064445155	1.7292217976370594
0.0026931394832410	1.2561883197982462
0.0027040854172700	0.1365750459879243
0.0027054096491540	0.0020414443247030
0.0027054344992164	0.0005176125427887
0.0027054344992164	0.0000368773763805
0.0027130356917122	0.0000366804285424
0.0027217453428954	0.0000356766300846
0.0027275642127635	0.0000360967765388
0.0027413396685674	0.0000358577406776
0.0027490102112791	0.0000358371951361
0.0027679614653947	0.0000363502283643
0.0027760073356816	0.0003116501202346
0.0027760145841601	0.0002116499131506
0.0027760145841601	0.0010364081262356
0.0027800879420404	0.5639970438638364
0.0027885058384605	1.7293606466619902
0.0027885058384605	1.7309899073086539
0.0027964253902524	0.9232460198481729
0.0028046967857392	0.0773246707340508
0.0028054364672812	0.0020122401551455
0.0028054609787503	0.0005169524061344
0.0028054609787503	0.0000364003663019
0.0028158025557537	0.0000362957934810
0.0028206076873910	0.0000356488627213
0.0028263135108921	0.0000359268515541
0.0028306542828832	0.0010356160993172
0.0028306562831638	0.0000369013049838
0.0028377363165610	0.0000367057799049
0.0028473555331640	0.0000356879410136
0.0028548839163640	0.0000363355625373
0.0028658426241546	0.0000362778077349
0.0028705267889328	0.0000356404888255
0.0028760039126900	0.0003112964656083
0.0028760111617149	0.0010353974780277
0.0028799881995525	0.5506664806467333
0.0028885059840684	1.7297560609175140
0.0028885059840684	1.7313857169784646
0.0028964829889914	0.9157423358813803
0.0029046700834349	0.0803731999963121
0.0029054396782734	0.0020136167627042
0.0029054642031035	0.0005169504389494
0.0029054642031035	0.0000363989220441
0.0029156723377608	0.0000363127835963
0.0029208800859690	0.0000356382172128
0.0029266039265963	0.0000359498112691
0.0029313730890787	0.0010356892412968
0.0029313750893873	0.0000369452505661
0.0029379689560925	0.0000366645702983
0.0029468733939409	0.0000356578668249
0.0029543319875009	0.0000362219362042
0.0029659811280979	0.0000358636561787
0.0029735098695157	0.0000357826414002
0.0029760072482480	0.0010356679684014
0.0029809298303886	0.6811775415932758
0.0029885047819407	1.7300166864774296
0.0029885047819407	1.7316466031639397
0.0029959391499582	0.9731144553118939
0.0030048710329825	0.0595552278755206
0.0030054359157871	0.0020055928948735
0.0030054603474596	0.0005167630356357
0.0030054603474596	0.0000362635877259
0.0030179048508899	0.0000363520364091
0.0030295685659040	-0.0000645024591039
0.0030295685659040	0.0000367679338317
0.0030379842178148	0.0000366600180742
0.0030468435090358	0.0000356550729140
0.0030526778672430	0.0000360901304330
0.0030660505570949	0.0000358572879602
0.0030736040196673	0.0000357877872412
0.0030760072481361	0.0010358199641496
0.0030811566093214	0.7124761524299288
0.0030885045393776	1.7299390846636817
0.0030885045393776	1.7315689237483145
0.0030958299876016	0.9841025468763211
0.0031049385072795	0.0524747940231826
0.0031054338414983	0.0020040209452268
0.0031054582545007	0.0005167206668617
0.0031054582545007	0.0000362329820289
0.0031181153927253	0.0000362629987775
0.0031282640472914	-0.0000645896710159
0.0031282640472914	0.0000366554723732
0.0031373096916321	0.0000367429169444
0.0031533232257979	-0.0000647397894980
0.0031533232257979	0.0000362514419407
0.0031598857508755	0.0000369827118696
0.0031647115077342	0.0020370697831967
0.0031647135074645	0.0000365300275820
0.0031760067250518	0.0003113513790843
0.0031760139763298	0.0002113509480455
0.0031760139763298	0.0010358074105866
0.0031789317112681	0.4044110518206922
0.0031885077441335	1.7294730068488968
0.0031885077441335	1.7311023798558132
0.0031973048898910	0.8321050546937688
0.0032034501075769	0.2053704078595157
0.0032054504111296	0.0021108451063730
0.0032054759452867	0.0005176230619662
0.0032054759452867	0.0000368847187801
0.0032121831255968	0.0000367357446883
0.0032279136982164	-0.0000646546328241
0.0032279136982164	0.0000365923080964
0.0032371478852977	0.0000367302255503
0.0032530112591072	-0.0000646536972825
0.0032530112591072	0.0000365923974089
0.0032621968305458	0.0000367149550245
0.0032760066730479	-0.0000645128149377
0.0032760066730479	0.0005164080856396
0.0032788579709799	0.3946649893389516
0.0032885078762114	1.7297253238222829
0.0032885078762114	1.7313549491461198
0.0032973570413857	0.8268978005568099
0.0033035071969583	0.1995415991395268
0.0033054498313928	0.0021038560848539
0.0033054752919042	0.0005175631672603
0.0033054752919042	0.0000368414695846
0.0033122244054056	0.0000366908020015
0.0033277992564618	-0.0000647070135775
0.0033277992564618	0.0000365411462871
0.0033370916610501	0.0000366959630401
0.0033531718850247	-0.0000646781309162
0.0033531718850247	0.0000365673748301
0.0033622792917945	0.0000366662685284
0.0033760064886995	-0.0000645896090007
0.0033760064886995	0.0005163162051651
0.0033819466314952	0.8210031439577321
0.0033885070194083	1.7283662255282870
0.0033885070194083	1.7299944917538264
0.0033975043454440	0.8103534548498497
0.0034036603248290	0.1823339346513564
0.0034054336227693	0.0020854380842926
0.0034054588981611	0.0005175154703631
0.0034054588981611	0.0000368070548294
0.0034123230460242	0.0000366556721170
0.0034282906542213	-0.0000648267618926
0.0034282906542213	0.0000361640047574
0.0034349223551316	0.0000368995927620
0.0034397688020079	0.0020369799616574
0.0034397708017382	0.0000364403123741
0.0034528041339942	0.0000365247599732
0.0034620841493028	0.0000366820208724
0.0034760068956911	0.0003112478364255
0.0034760141485870	0.0002112474603665
0.0034760141485870	0.0010354064306031
0.0034791842969233	0.4391226855486619
0.0034885072926437	1.7288994888477025
0.0034885072926437	1.7305282883366491
0.0034970861354029	0.8533555412948998
0.0035046643550155	0.0799120769796922
0.0035054293996928	0.0020165828399068
0.0035054539547245	0.0005169652449609
0.0035054539547245	0.0000364094495907
0.0035098058117824	0.0000369025596594
0.0035146055213891	0.0020370052061742
0.0035146075211188	0.0000364644225641
0.0035282224333797	0.0000365594296033
0.0035372937824623	0.0000366538744444
0.0035533531861125	0.0000361698118204
0.0035598435586706	0.0000369001823552
0.0035623575999631	0.0020369500132537
0.0035623595998148	0.0000366532808297
0.0035760068249794	0.0003112215567606
0.0035760140781093	0.0002112211609474
0.0035760140781093	0.0010356265315431
0.0035790737050002	0.4238710279845397
0.0035885074991316	1.7289302354319285
0.0035885074991316	1.7305590656673546
0.0035971869979211	0.8431640537809657
0.0036033127906641	0.2181623583079184
0.0036054380034929	0.0021272218777361
0.0036054636910930	0.0005175274093037
0.0036054636910930	0.0000368155701722
0.0036120857014192	0.0000366725220606
0.0036281832762035	-0.0000646984384328
0.0036281832762035	0.0000365472559734
0.0036372812762767	0.0000366463973611
0.0036533841017299	-0.0000648263294154
0.0036533841017299	0.0000361665767546
0.0036598003870786	0.0000368938656834
0.0036645971978246	0.0020369970870207
0.0036645991975544	0.0000364563665425
0.0036760069332547	0.0003112387342793
0.0036760141863311	0.0002112383738297
0.0036760141863311	0.0010357637318086
0.0036792440103317	0.4473398158128392
0.0036885071928281	1.7288170775274636
0.0036885071928281	1.7304457946048801
0.0036970434310597	0.8575575426456693
0.0037046574375234	0.0804128393180486
0.0037054273401496	0.0020165848117199
0.0037054518934677	0.0005169427804400
0.0037054518934677	0.0000363932182487
0.0037098759211958	0.0000368882576196
0.0037147044902803	0.0020369775482582
0.0037147064900104	0.0000364374724332
0.0037279611177229	0.0000365259608971
0.0037371623148519	0.0000366599080083
0.0037529554169730	0.0000365218020572
0.0037621663040475	0.0000366553602335
0.0037760067315531	0.0003111562609298
0.0037760139854015	0.0002111558315897
0.0037760139854015	0.0010350003796957
0.0037789364706730	0.4049225365839368
0.0037885077530541	1.7288618204218900
0.0037885077530541	1.7304905822423549
0.0037972973315835	0.8318404170759913
0.0038034282936131	0.2062732655621703
0.0038054365511915	0.0021121778805867
0.0038054620881576	0.0005174957261412
0.0038054620881576	0.0000367927197641
0.0038121674637947	0.0000366466474428
0.0038279448826923	-0.0000647400332724
0.0038279448826923	0.0000365069376008
0.0038371633780374	0.0000366410159220
0.0038529574757634	-0.0000647445872442
0.0038529574757634	0.0000365023104887
0.0038621695269689	0.0000366346379571
0.0038760067249252	-0.0000645819539563
0.0038760067249252	0.0005163027308572
0.0038789263998853	0.4039842962567419
0.0038885077657654	1.7292121115313392
0.0038885077657654	1.7308412236428978
0.0038973005876025	0.8317650496853807
0.0039034331716866	0.2059643887514981
0.0039054381766522	0.0021117408780189
0.0039054637068058	0.0005174646865832
0.0039054637068058	0.0000367702946370
0.0039121726584100	0.0000366240171591
0.0039279295290006	-0.0000647627898956
0.0039279295290006	0.0000364844103002
0.0039371549406407	0.0000366213474052
0.0039529782424383	-0.0000647621959081
0.0039529782424383	0.0000364846379869
0.0039621792831388	0.0000366143435981
0.0039760067031867	-0.0000646054780217
0.0039760067031867	0.0005162707675648
0.0039788948155147	0.3996030124721170
0.0039885078306677	1.7291067470517396
0.0039885078306677	1.7307357537989694
0.0039973293208903	0.8286685107347863
0.0040034620577836	0.2028022281483923
0.0040054358357508	0.0021080064332130
0.0040054613270609	0.0005174387482442
0.0040054613270609	0.0000367515621126
0.0040121927057059	0.0000366050759690
0.0040278724244415	-0.0000647848050183
0.0040278724244415	0.0000364629913238
0.0040371256982797	0.0000366089610636
0.0040530592962109	-0.0000647689375675
0.0040530592962109	0.0000364774420807
0.0040622195134626	0.0000365953232097
0.0040760066176987	-0.0000646385734956
0.0040760066176987	0.0005162315682218
0.0040787773662459	0.3833927287697533
0.0040885080623613	1.7290524312883304
0.0040885080623613	1.7306813837196264
0.0040974352412643	0.8178165646328247
0.0041035797013073	0.1907249584272209
0.0041054347376001	0.0020942464144168
0.0041054600914233	0.0005174126188810
0.0041054600914233	0.0000367327181275
0.0041122731600875	0.0000365834157086
0.0041283966407737	-0.0000648871716197
0.0041283966407737	0.0000361062172864
0.0041347847685541	0.0000368332702808
0.0041395774317748	0.0020369399474132
0.0041395794315044	0.0000363989036232
0.0041532964191200	0.0000364974489633
0.0041623310421695	0.0000365820508529
0.0041760062434659	0.0003111507589215
0.0041760134940155	0.0010352324947499
0.0041820296125849	0.8317831054336112
0.0041885070184795	1.7274054452329826
0.0041885070184795	1.7290327506781891
0.0041971343131919	0.8466764370321868
0.0042032400547380	0.2235390033966548
0.0042054174667142	0.0021350004885613
0.0042054432248525	0.0005174537727729
0.0042054432248525	0.0000367623410510
0.0042120295397798	0.0000366246650892
0.0042283485465265	-0.0000647355071121
0.0042283485465265	0.0000365105614172
0.0042373630771471	0.0000365861907946
0.0042531987277100	-0.0000649024736077
0.0042531987277100	0.0000360864472223
0.0042600376460236	0.0000368306616900
0.0042649291110004	0.0020368891531365
0.0042649311107313	0.0000363507390150
0.0042760060927831	0.0003111670579646
0.0042760133429197	0.0010355798179456
0.0042820769332111	0.8383783971061178
0.0042885070121255	1.7274913772574163
0.0042885070121255	1.7291187686345895
0.0042969384425219	0.8667352737761962
0.0043046333593843	0.0811839050148427
0.0043054106569158	0.0020163751134966
0.0043054352030426	0.0005168762688535
0.0043054352030426	0.0000363451533206
0.0043100616314004	0.0000368466129889
0.0043149658630342	0.0020368998848643
0.0043149678627652	0.0000363616659842
0.0043281201481162	0.0000360991593593
0.0043351364625168	0.0000368494713193
0.0043377461665367	0.0020368700640390
0.0043377481663909	0.0000365782036335
0.0043529222957504	0.0000360742907534
0.0043651600214691	0.0000363172101307
0.0043721153248077	0.0000355601305106
0.0043760065651753	0.0003113995734634
0.0043760138149940	0.0010355314652385
0.0043829239078015	0.9551771835696243
0.0043885067066491	1.7269547667783580
0.0043885067066491	1.7285816215450389
0.0043926369182913	1.3065241511743164
0.0044037607686767	0.1681631871492597
0.0044053946800652	0.0020692317477317
0.0044054197928458	0.0005174761823179
0.0044054197928458	0.0000367787403553
0.0044125984736277	0.0000366171564990
0.0044276995799825	-0.0000649201236642
0.0044276995799825	0.0000360578886691
0.0044404765012593	0.0000362644307463
0.0044463258225135	0.0000355536242455
0.0044520922992422	0.0000359230413681
0.0044587363984282	0.0010358354749690
0.0044587383988170	0.0000370084322706
0.0044637183390072	0.0000364763207009
0.0044706149255245	0.0000355509045784
0.0044760040787398	0.0003111398890940
0.0044760113299315	0.0010353233866925
0.0044801156992837	0.5680625878481176
0.0044885058174920	1.7291576222662002
0.0044885058174920	1.7307866798884686
0.0044964055411919	0.9246557882459023
0.0045046879233462	0.0771934242575384
0.0045054259411805	0.0020120919988352
0.0045054504400817	0.0005168084050196
0.0045054504400817	0.0000362962421129
0.0045158604131860	0.0000361880015620
0.0045204856117710	0.0000355559453273
0.0045261853574619	0.0000358215672336
0.0045303934216703	0.0010354947170913
0.0045303954219399	0.0000367918815438
0.0045376394148993	0.0000366304470128
0.0045526207626925	0.0000360644586988
0.0045655832541275	0.0000362586655245
0.0045710748055770	0.0000355673551319
0.0045760049191154	0.0003112658705523
0.0045760121692554	0.0010354095391386
0.0045810148914726	0.6920534156132300
0.0045885047064249	1.7288504582637121
0.0045885047064249	1.7304792087219318
0.0045958967558964	0.9759833017531919
0.0046048706875162	0.0578066653141222
0.0046054181983515	0.0020051297395356
0.0046054426169258	0.0005166517104665
0.0046054426169258	0.0000361830808072
0.0046179888982895	0.0000362508001215
0.0046289232878889	-0.0000645986239514
0.0046289232878889	0.0000366525035215
0.0046376426218148	0.0000366428321082
0.0046526155155802	-0.0000648988744793
0.0046526155155802	0.0000360773071729
0.0046655878047330	0.0000362710383473
0.0046710625499304	0.0000355804910776
0.0046760014135550	0.0003112893500059
0.0046760086633746	0.0010354208206211
0.0046809893735474	0.6890476957404392
0.0046885047272518	1.7294195510823618
0.0046885047272518	1.7310488706334288
0.0046959063003361	0.9756264349117734
0.0047048742083558	0.0581150913967884
0.0047054247790404	0.0020052148282919
0.0047054491998278	0.0005166696595560
0.0047054491998278	0.0000361960610421
0.0047179702062084	0.0000362683078017
0.0047290557266686	-0.0000645813903051
0.0047290557266686	0.0000366724705135
0.0047377115500328	0.0000366427698449
0.0047473870828762	0.0000356258732687
0.0047532950438707	0.0000361353031813
0.0047657943388831	0.0000362293305200
0.0047706212432916	0.0000355819390796
0.0047760040895512	0.0003112024548905
0.0047760113399295	0.0010353550067416
0.0047801263891206	0.5695991338623935
0.0047885057980425	1.7293415765795817
0.0047885057980425	1.7309708181561205
0.0047964054527343	0.9249634046085123
0.0048046927702764	0.0771170013440760
0.0048054301427807	0.0020120671764354
0.0048054546445189	0.0005168483278864
0.0048054546445189	0.0000363251133304
0.0048158573871638	0.0000362161871745
0.0048204932626424	0.0000355830649117
0.0048261934988226	0.0000358491087693
0.0048304092803025	0.0010355229903056
0.0048304112805727	0.0000368193075914
0.0048376462844102	0.0000366553787068
0.0048526092947629	0.0000360873371147
0.0048656006271720	0.0000362786202523
0.0048710369812417	0.0000355903333353
0.0048760048518269	0.0003113039846399
0.0048760121014159	0.0010354266744016
0.0048809203162864	0.6790696008772626
0.0048885048074567	1.7290326478297315
0.0048885048074567	1.7306615804776941
0.0048959417806770	0.9716822563308991
0.0049048502098371	0.0603062293809004
0.0049054223311623	0.0020057523191598
0.0049054467594554	0.0005166987516447
0.0049054467594554	0.0000362170915027
0.0049179026958892	0.0000363082461793
0.0049295545907898	-0.0000645450197302
0.0049295545907898	0.0000367250282804
0.0049379739588921	0.0000366203014231
0.0049468604090728	0.0000356154945759
0.0049526967235375	0.0000360535677498
0.0049660064886786	0.0000358226724783
0.0049735450349148	0.0000357467152847
0.0049760072491907	0.0010357800533199
0.0049810086851028	0.6919669545413838
0.0049885046995514	1.7297591977608788
0.0049885046995514	1.7313888569586307
0.0049959030552495	0.9763815000662021
0.0050048838640627	0.0576560963192949
0.0050054299918370	0.0020051185835939
0.0050054544140374	0.0005167003234354
0.0050054544140374	0.0000362182421234
0.0050179749052630	0.0000362882096509
0.0050290333534066	-0.0000645619702672
0.0050290333534066	0.0000366912611830
0.0050377011272134	0.0000366643719462
0.0050474107278005	0.0000356467656829
0.0050533220902283	0.0000361590467685
0.0050657634220862	0.0000362553676963
0.0050706875635422	0.0000356008550806
0.0050760042136212	0.0003112541797811
0.0050760114634055	0.0010353841571477
0.0050802322617081	0.5842322132871309
0.0050885056494600	1.7294092594536703
0.0050885056494600	1.7310385687131471
0.0050963288908127	0.9328633672517410
0.0051047107578793	0.0754163813777448
0.0051054314514520	0.0020111428801539
0.0051054559441790	0.0005168490249370
0.0051054559441790	0.0000363256424711
0.0051152838119110	0.0000358942839930
0.0051226493993013	-0.0000651509063842
0.0051226493993013	0.0000357042534166
0.0051299339004256	0.0015169462891245
0.0051299352506718	0.0025174836250989
0.0051299370464771	0.0000367995784009
0.0051374754518852	0.0000366948385631
0.0051529606671750	0.0000361602516691
0.0051651273782944	0.0000364016811120
0.0051722284661021	0.0000356395168399
0.0051760121218642	0.0003115669714449
0.0051760193696376	0.0010356210535129
0.0051828314395177	0.9419217450566676
0.0051885068139349	1.7267401212524924
0.0051885068139349	1.7283667613741067
0.0051924181577651	1.3287676104134376
0.0052037529852505	0.1693197362167930
0.0052053988729106	0.0020718652724587
0.0052054240203924	0.0005175867169510
0.0052054240203924	0.0000368585723256
0.0052124629479752	0.0000367031201954
0.0052279857210326	-0.0000648129728956
0.0052279857210326	0.0000361708954808
0.0052353404238409	0.0000369264688705
0.0052403307880279	0.0020369267587552
0.0052403327877600	0.0000363907298196
0.0052473335420017	0.0000356501568856
0.0052548585314574	0.0000362967515183
0.0052658624840462	0.0000362400694259
0.0052704782311544	0.0000356081370403
0.0052760038206371	0.0003112218447172
0.0052760110705804	0.0010353577893594
0.0052799181455443	0.5409467971445096
0.0052885060919421	1.7295910986227985
0.0052885060919421	1.7312205897213095
0.0052965324497825	0.9104426547009469
0.0053046600380310	0.0810377710543246
0.0053054360750674	0.0020141276140735
0.0053054606027873	0.0005169229910876
0.0053054606027873	0.0000363790596264
0.0053155729769778	0.0000363071961292
0.0053211016935706	0.0000356132122075
0.0053268452282762	0.0000359529632435
0.0053322117756717	0.0010357528598216
0.0053322137760089	0.0000369790003287
0.0053382206766218	0.0000366048252100
0.0053464086784907	0.0000356185528199
0.0053538048241325	0.0000361045860942
0.0053680634748903	0.0000362598200426
0.0053760070876105	0.0003114547586765
0.0053760143381237	0.0002114544564386
0.0053760143381237	0.0010357400492919
0.0053795200599945	0.4855494652196363
0.0053885067130877	1.7292346859283250
0.0053885067130877	1.7308638206144129
0.0053968348145902	0.8794454567776945
0.0054046496353514	0.0820469182935545
0.0054054357651074	0.0020161818995459
0.0054054603191295	0.0005170026886795
0.0054054603191295	0.0000364365924799
0.0054102360615222	0.0000369366956120
0.0054151942664932	0.0020369565797039
0.0054151962662250	0.0000364197915657
0.0054276834999507	0.0000361255319371
0.0054404891071306	0.0000363302518150
0.0054462894048997	0.0000356208789567
0.0054536712524211	0.0000360881402634
0.0054583928673750	0.0010357223761884
0.0054583948680422	0.0000370606073052
0.0054635357890334	0.0000365654457542
0.0054708891864573	0.0000356137569586
0.0054760045873068	0.0003113200300449
0.0054760118364897	0.0010354271967022
0.0054805971744202	0.6345676659726643
0.0054885051798870	1.7293153953138272
0.0054885051798870	1.7309446107092858
0.0054961085054000	0.9551470229579062
0.0055047783250317	0.0682807675179662
0.0055054288721792	0.0020081560017272
0.0055054533310151	0.0005167893803539
0.0055054533310151	0.0000362825823158
0.0055160335249694	0.0000358369879845
0.0055235804172872	-0.0000650900816432
0.0055235804172872	0.0000357651108725
0.0055322274843322	0.0015171975988587
0.0055322288346341	0.0025176732000562
0.0055322306304395	0.0000369895694375
0.0055382133288820	0.0000366136511983
0.0055464200149320	0.0000356254075290
0.0055557860737386	0.0000362436941274
0.0055680566125341	0.0000362684106103
0.0055760071134242	0.0003114741921811
0.0055760143637314	0.0002114738993662
0.0055760143637314	0.0010355710323768
0.0055795703341129	0.4924935815388232
0.0055885066300279	1.7292497726082225
0.0055885066300279	1.7308789223807997
0.0055967965260492	0.8833597166006204
0.0056046488325989	0.0821437641463146
0.0056054359095437	0.0020160125715415
0.0056054604616916	0.0005169999005256
0.0056054604616916	0.0000364345878265
0.0056103087367367	0.0000369357641286
0.0056152910665931	0.0020369416378873
0.0056152930663252	0.0000364054554199
0.0056224108116013	0.0000356604704626
0.0056299472314813	0.0000363205498890
0.0056407580346022	0.0000362707704551
0.0056456956031629	0.0000356150509604
0.0056529794088430	0.0000365985896520
0.0056628002494880	0.0000366660943161
0.0056722060108799	0.0000356507856963
0.0056760066892190	0.0003115850478065
0.0056760139367304	0.0010356291399212
0.0056828584333794	0.9464299086327267
0.0056885067747766	1.7275308008570567
0.0056885067747766	1.7291582316582508
0.0056924614089533	1.3251616155382584
0.0057037623058311	0.1692072984748389
0.0057054071318782	0.0020713445121246
0.0057054322747108	0.0005175926892097
0.0057054322747108	0.0000368628933540
0.0057124927973832	0.0000367046444651
0.0057279253103032	-0.0000648167410298
0.0057279253103032	0.0000361658106238
0.0057401747552140	0.0000364021278388
0.0057471002232082	0.0000356452424614
0.0057529660452750	0.0000361156415685
0.0057655003884039	0.0000358890777342
0.0057729059017528	0.0000357331586278
0.0057760072496078	0.0010357727324057
0.0057799202066817	0.5417837734234414
0.0057885060819250	1.7302004871331351
0.0057885060819250	1.7318305876202635
0.0057965374280388	0.9105961766235929
0.0058046664907868	0.0810890108537782
0.0058054430783532	0.0020141723966056
0.0058054676078617	0.0005169404510018
0.0058054676078617	0.0000363916829714
0.0058155600466789	0.0000363203925793
0.0058211353460982	0.0000356236979939
0.0058268823185479	0.0000359675094536
0.0058323577375373	0.0010357780419174
0.0058323597378789	0.0000369994632684
0.0058382635193946	0.0000366102821704
0.0058463347125299	0.0000356291224984
0.0058537220215576	0.0000361037117951
0.0058590449551246	0.0010357820881252
0.0058590469558314	0.0000370802551144
0.0058639683153283	0.0000365083189978
0.0058702644576639	0.0000356184822775
0.0058760034135053	0.0003111895795563
0.0058760106636098	0.0002111895176808
0.0058760106636098	0.0010353315772879
0.0058796414387479	0.5028249219114224
0.0058885065115039	1.7297605677743069
0.0058885065115039	1.7313902283419840
0.0058967205683144	0.8915791301166016
0.0059046526335751	0.0822070854997429
0.0059054402921079	0.0020156166366698
0.0059054648390311	0.0005169825160982
0.0059054648390311	0.0000364220413009
0.0059152030262642	0.0000363978887960
0.0059220207444201	0.0000356444712668
0.0059278761090703	0.0000361041245618
0.0059406450761198	0.0000358760200366
0.0059480819573180	0.0000357415504056
0.0059557485377078	0.0010360162538159
0.0059557505371648	0.0000368833945837
0.0059627559459205	0.0000366771909074
0.0059722951310483	0.0000356588718677
0.0059760067968842	0.0003116074907702
0.0059760140442258	0.0010356451532948
0.0059827806734890	0.9357078153512465
0.0059885068213123	1.7276048763413938
0.0059885068213123	1.7292323812177173
0.0059953138294566	1.0344312477231341
0.0060035653219187	0.1901975659507683
0.0060054164131921	0.0020893530019555
0.0060054417328539	0.0005175868125002
0.0060054417328539	0.0000368586296656
0.0060125574998942	0.0000366962627817
0.0060277927635422	-0.0000648345211436
0.0060277927635422	0.0000361452117924
0.0060403493036474	0.0000363637927189
0.0060466405832199	0.0000356309309809
0.0060524454805882	0.0000360399594828
0.0060666993304185	0.0000357973931908
0.0060745774578090	0.0000358453958236
0.0060760072474242	0.0010358586275139
0.0060830591384718	0.9750579092231992
0.0060885065515735	1.7283385611750626
0.0060885065515735	1.7299667997362500
0.0060929319762570	1.2780168485405354
0.0061039060650452	0.1553968748538125
0.0061054151598368	0.0020562584301612
0.0061054401532821	0.0005175814411565
0.0061054401532821	0.0000368548500504
0.0061128331562166	0.0000366739452621
0.0061221394558974	0.0000356587263257
0.0061280108406213	0.0000361321271153
0.0061404423627431	0.0000359027714162
0.0061478336076561	0.0000357376595481
0.0061552514075310	0.0010359675603530
0.0061552534069575	0.0000368519358942
0.0061625833870048	0.0000367072843854
0.0061760050794741	0.0003113272381487
0.0061760123263220	0.0002113272010752
0.0061760123263220	0.0010361474124341
0.0061824567018057	0.8913032507331181
0.0061885069047338	1.7281556800523163
0.0061885069047338	1.7297837357324690
0.0061958810823031	0.9773249396583238
0.0062048822753605	0.0566285549803744
0.0062054183755137	0.0020048637466447
0.0062054427973150	0.0005167276239574
0.0062054427973150	0.0000362379961730
0.0062180248738288	0.0000362959065202
0.0062287090812933	-0.0000645538050782
0.0062287090812933	0.0000366937370889
0.0062375310886481	0.0000367153548681
0.0062528469585095	-0.0000648100836841
0.0062528469585095	0.0000361707445849
0.0062652733164470	0.0000363973868881
0.0062718329369544	0.0000356531111575
0.0062760026755447	0.0003115523980333
0.0062760099229678	0.0010355929701263
0.0062832300430246	0.9982697787508840
0.0062885063792769	1.7278616963247275
0.0062885063792769	1.7294894580211906
0.0062933139140980	1.2386146061528418
0.0063043596744145	0.1086219222209625
0.0063054088290339	0.0020245680493262
0.0063054335092036	0.0005175644112590
0.0063054335092036	0.0000368426729252
0.0063132693902584	0.0000366233519771
0.0063213239631617	0.0000356401760405
0.0063270911572490	0.0000360060584041
0.0063337858190585	0.0010359177607232
0.0063337878194497	0.0000370878574053
0.0063387592615448	0.0000365480184933
0.0063455579068069	0.0000356261407491
0.0063527652656778	0.0000365878516561
0.0063626999890381	0.0000366880595514
0.0063724169631903	0.0000356690872127
0.0063760069584708	0.0003116373341260
0.0063760142055913	0.0010356666332754
0.0063826683026651	0.9202085157843747
0.0063885068544794	1.7277023366113526
0.0063885068544794	1.7293299389480505
0.0063954850709410	1.0171190023454122
0.0064039136118120	0.1548454464955324
0.0064054172361144	0.0020562476210939
0.0064054422288344	0.0005175736446195
0.0064054422288344	0.0000368492115713
0.0064128040801600	0.0000366710879485
0.0064221986217990	0.0000356558310516
0.0064280781173825	0.0000361380517297
0.0064403217544099	0.0000359081641848
0.0064476932466678	0.0000357235678176
0.0064550062391446	0.0010359305975849
0.0064550082385520	0.0000368225767171
0.0064625019190976	0.0000367084048462
0.0064760054737162	0.0003113494194261
0.0064760127207090	0.0010361765497075
0.0064823165592881	0.8718931249177716
0.0064885069310082	1.7281569578232343
0.0064885069310082	1.7297850147809684
0.0064962210991668	0.9427487002630399
0.0065047288648926	0.0724882969607054
0.0065054208033940	0.0020097624932346
0.0065054452816316	0.0005168366928372
0.0065054452816316	0.0000363167603519
0.0065156310647711	0.0000358814823377
0.0065230644065814	-0.0000651093099082
0.0065230644065814	0.0000357458389965
0.0065307101666038	0.0015170562806479
0.0065307115168718	0.0025175699642594
0.0065307133126774	0.0000368866405489
0.0065377386949644	0.0000366853938575
0.0065473298132775	0.0000356663017447
0.0065568283388375	0.0000364831537515
0.0065658806984306	0.0000362486234343
0.0065704507091640	0.0000356203261719
0.0065760037696947	0.0003112393244262
0.0065760110193743	0.0002112393210831
0.0065760110193743	0.0010353652244325
0.0065798807644236	0.5358172113880958
0.0065885061450917	1.7296800665109853
0.0065885061450917	1.7313096465775120
0.0065965567112496	0.9081188010225704
0.0066046597435458	0.0812718827212494
0.0066054381367542	0.0020143483540330
0.0066054626683489	0.0005169451154144
0.0066054626683489	0.0000363950495668
0.0066155223142318	0.0000363294245941
0.0066212201006278	0.0000356257604084
0.0066269758938816	0.0000359803103510
0.0066328662690994	0.0010358276170369
0.0066328682694564	0.0000370328684110
0.0066384047838028	0.0000365896568857
0.0066460974663169	0.0000356222316429
0.0066534579647945	0.0000360568420500
0.0066571934944665	0.0010356105111061
0.0066571954950986	0.0000369849591234
0.0066632205382386	0.0000366122592819
0.0066714100180330	0.0000356258384599
0.0066760054947076	0.0003114378026517
0.0066760127430460	0.0010355130418176
0.0066837568135939	1.0703578708748323
0.0066885062190969	1.7269258245258590
0.0066885062190969	1.7285526503504443
0.0066976587588710	0.7934585957310012
0.0067038436422692	0.1627208781740692
0.0067054247392606	0.0020666585844235
0.0067054498365283	0.0005175999086066
0.0067054498365283	0.0000368681058012
0.0067124355872703	0.0000367120631765
0.0067280483971630	-0.0000647954978162
0.0067280483971630	0.0000361897084107
0.0067352468735203	0.0000369419496493
0.0067402088246128	0.0020369597263430
0.0067402108243446	0.0000364229979214
0.0067526567562445	0.0000361270669040
0.0067655265529634	0.0000363273047784
0.0067712017532018	0.0000356246516619
0.0067760051415118	0.0003114018966230
0.0067760123900374	0.0010354841798569
0.0067814049896232	0.7459943969852343
0.0067885043043534	1.7290214264413530
0.0067885043043534	1.7306503478678830
0.0067957155385683	0.9947246603565254
0.0068046753095617	0.0781947452865799
0.0068054250933361	0.0020124749083330
0.0068054496524520	0.0005175384966862
0.0068054496524520	0.0000368239710933
0.0068132953988967	0.0000366013915102
0.0068212804082225	0.0000356222875639
0.0068270426506895	0.0000359837364312
0.0068333163550433	0.0010358630595913
0.0068333183554126	0.0000370555865044
0.0068385216997998	0.0000365675392083
0.0068459111831947	0.0000356140808585
0.0068532536263697	0.0000360188472519
0.0068564724327526	0.0010355279602175
0.0068564744333601	0.0000369280053069
0.0068630021330415	0.0000366359717531
0.0068718091275633	0.0000356319531200
0.0068760061245333	0.0003115062249567
0.0068760133725251	0.0010355684404913
0.0068832664181337	1.0027305407694393
0.0068885063624420	1.7272276653624086
0.0068885063624420	1.7288547930276490
0.0068934049094021	1.2286594384780405
0.0069042304728456	0.1210567669829834
0.0069053984006732	0.0021746465261721
0.0069054245558576	0.0005175355091461
0.0069054245558576	0.0000368216224328
0.0069134198751267	0.0000365861080124
0.0069210718487719	0.0000356193454306
0.0069268124243040	0.0000359536635609
0.0069320777127556	0.0010357423789664
0.0069320797130883	0.0000369729877236
0.0069381911847461	0.0000366125580471
0.0069464624414859	0.0000356235125790
0.0069538653845251	0.0000361184150599
0.0069680055566727	0.0000362874406583
0.0069760072465840	0.0003115228452311
0.0069760144965250	0.0002115226043236
0.0069760144965250	0.0010357823042320
0.0069798551693073	0.5317882493409239
0.0069885061856013	1.7291564988626811
0.0069885061856013	1.7307855553615870
0.0069965904179928	0.9041465019920019
0.0070046516214168	0.0815517975873189
0.0070054327588847	0.0020146417950555
0.0070054572933742	0.0005169453375381
0.0070054572933742	0.0000363951994411
0.0070154565105885	0.0000363390822566
0.0070213729996100	0.0000356238309063
0.0070271457691394	0.0000359980562256
0.0070430927269171	0.0000362523797109
0.0070533456022828	0.0000366443743344
0.0070623529974360	0.0000367195404942
0.0070760061626764	0.0003114126671671
0.0070760134096854	0.0010353687110079
0.0070820701077489	0.8377880728880109
0.0070885069801463	1.7282258780130897
0.0070885069801463	1.7298540038912220
0.0070970167863676	0.8599904538210086
0.0071046559263547	0.0805778438141367
0.0071054277369643	0.0020165281757417
0.0071054522978048	0.0005170471241189
0.0071054522978048	0.0000364686668719
0.0071099151910448	0.0000369638915345
0.0071147599458187	0.0020370447989969
0.0071147619455490	0.0000365051912476
0.0071278275219554	0.0000365877958518
0.0071370978398829	0.0000367399520735
0.0071531516649962	0.0000366098761151
0.0071622678210667	0.0000367120798727
0.0071760065229709	0.0003112175996135
0.0071760137757307	0.0002112171033277
0.0071760137757307	0.0010350210808187
0.0071786590592721	0.3667628050375347
0.0071885082789377	1.7293410670653144
0.0071885082789377	1.7309703081323129
0.0071975459353942	0.8074082412572389
0.0072037253243149	0.1771156871029140
0.0072054476474320	0.0020797723557306
0.0072054728706499	0.0005175603874831
0.0072054728706499	0.0000368395252488
0.0072123699301875	0.0000366830084351
0.0072281941774317	-0.0000648111680778
0.0072281941774317	0.0000361773551176
0.0072350471150005	0.0000369191636763
0.0072399381416532	0.0020369752960446
0.0072399401413841	0.0000364367748774
0.0072531811355756	0.0000361751461140
0.0072600618740715	0.0000369192167115
0.0072626463045630	0.0020369472769610
0.0072626483044166	0.0000366541329866
0.0072760059681456	0.0003113277157156
0.0072760132160165	0.0010355315670332
0.0072821283407023	0.8457500385924609
0.0072885069832249	1.7280087510444579
0.0072885069832249	1.7296366597955535
0.0072967771159767	0.8839895178922358
0.0073046354682160	0.0820318272898390
0.0073054213162783	0.0020158614955980
0.0073054458632808	0.0005169525430276
0.0073054458632808	0.0000364003528742
0.0073151061966397	0.0000363916720886
0.0073222692964316	0.0000356274622038
0.0073281585183265	0.0000361213628903
0.0073409486756968	0.0000362007749285
0.0073453052496753	0.0000355896345438
0.0073524171210962	0.0000365186192402
0.0073625243343554	0.0000366759980603
0.0073760053663438	0.0003112838723682
0.0073760126140738	0.0010349626568695
0.0073823481377865	0.8761751345465008
0.0073885069347882	1.7279757533459781
0.0073885069347882	1.7296036290992667
0.0073961268618929	0.9520436833331639
0.0074047554726977	0.0693110311669298
0.0074054160829119	0.0020084902562716
0.0074054405435539	0.0005167702584718
0.0074054405435539	0.0000362687467704
0.0074159731389540	0.0000358265193330
0.0074235016841780	-0.0000651101353791
0.0074235016841780	0.0000357450869982
0.0074319188170784	0.0015171460151605
0.0074319201673813	0.0025176286623226
0.0074319219631896	0.0000369530536263
0.0074381220034394	0.0000366112261147
0.0074465823022059	0.0000356152369531
0.0074559699004440	0.0000362686947160
0.0074670935458853	0.0000357595569162
0.0074752769993227	0.0000358935819144
0.0074760072473640	0.0010355550667725
0.0074825049371768	0.8985964661908450
0.0074885069110241	1.7287051689888748
0.0074885069110241	1.7303337741578506
0.0074957482885129	0.9913133978549319
0.0075048268226030	0.0626161868352669
0.0075054233217792	0.0020077067577142
0.0075054478328808	0.0005175244268514
0.0075054478328808	0.0000368138292657
0.0075133839333663	0.0000365815537417
0.0075211315880680	0.0000356119873448
0.0075268780327021	0.0000359547547824
0.0075323578573576	0.0010357645710290
0.0075323598576993	0.0000369858662042
0.0075382672628960	0.0000365956394306
0.0075463281835458	0.0000356138958299
0.0075537144639819	0.0000360866218300
0.0075588622277092	0.0010357522367786
0.0075588642284024	0.0000370641785778
0.0075638209682248	0.0000365150071514
0.0075704690564231	0.0000356025454125
0.0075760038041537	0.0003112067991881
0.0075760110542832	0.0010353498211553
0.0075799067080286	0.5393576326681788
0.0075885061082888	1.7295531203215397
0.0075885061082888	1.7311825734417889
0.0075965355012915	0.9100682101152173
0.0076046587262592	0.0810815314057756
0.0076054351685710	0.0020141602538017
0.0076054596959416	0.0005169143275480
0.0076054596959416	0.0000363727942672
0.0076155674603226	0.0000363019080548
0.0076211139314508	0.0000356069660557
0.0076268586327956	0.0000359483784105
0.0076322695391874	0.0010357525713025
0.0076322715395264	0.0000369768263703
0.0076382368863648	0.0000365965176646
0.0076463800102337	0.0000356118907550
0.0076537725345449	0.0000360932978146
0.0076680945958579	0.0000362412767757
0.0076760069975574	0.0003114106721787
0.0076760142484867	0.0002114103376444
0.0076760142484867	0.0010357139479303
0.0076793559040235	0.4628947164462422
0.0076885069898686	1.7292481970398932
0.0076885069898686	1.7308773452370556
0.0076969624967509	0.8664991574460361
0.0077046578690802	0.0813030125716044
0.0077054367428629	0.0020165520400519
0.0077054613022000	0.0005170245851909
0.0077054613022000	0.0000364523870547
0.0077100054696122	0.0000369482397470
0.0077148812842810	0.0020370124801077
0.0077148832840117	0.0000364736361661
0.0077282954793499	0.0000362210621150
0.0077349118851437	0.0000369558456705
0.0077374509690890	0.0020369986019101
0.0077374529689413	0.0000367029948769
0.0077528372418732	0.0000365808791449
0.0077621024637124	0.0000367317719348
0.0077760068630188	0.0003113363678088
0.0077760141147011	0.0002113359791265
0.0077760141147011	0.0010353277718762
0.0077791358144648	0.4325147312899864
0.0077885073680106	1.7292194939079089
0.0077885073680106	1.7308486134018377
0.0077971234726760	0.8500979455910733
0.0078032541751302	0.2247299728954601
0.0078054443962778	0.0021358003906390
0.0078054701738975	0.0005175956859719
0.0078054701738975	0.0000368648748492
0.0078120429490756	0.0000367217507633
0.0078283231519941	-0.0000646427769895
0.0078283231519941	0.0000366024644189
0.0078373538380796	0.0000366786331920
0.0078532285797369	-0.0000648121009587
0.0078532285797369	0.0000361772041907
0.0078600018873552	0.0000369164802888
0.0078648749124677	0.0020369813054205
0.0078648769121985	0.0000364425007762
0.0078760063188057	0.0003113469699878
0.0078760135668855	0.0010356816866918
0.0078820086331510	0.8291617593389712
0.0078885070053795	1.7279957584633876
0.0078885070053795	1.7296236542219907
0.0078972432262473	0.8365973282199770
0.0079033658404959	0.2120216280950060
0.0079054310459197	0.0021195821994110
0.0079054566614892	0.0005175663433733
0.0079054566614892	0.0000368437169904
0.0079121193262131	0.0000367002997529
0.0079280828404999	-0.0000646780659573
0.0079280828404999	0.0000365678750959
0.0079372317193840	0.0000366813528521
0.0079527767436485	-0.0000647161677585
0.0079527767436485	0.0000365324172306
0.0079620773541279	0.0000366922446455
0.0079760069135617	-0.0000644905353726
0.0079760069135617	0.0005164106426619
0.0079792137807399	0.4436838770437988
0.0079885072296839	1.7294251938753418
0.0079885072296839	1.7310545190692510
0.0079970582297652	0.8567417540013126
0.0080046652083616	0.0803804606232986
0.0080054348629180	0.0020166446749828
0.0080054594188384	0.0005169688350496
0.0080054594188384	0.0000364120526929
0.0080098441272385	0.0000369047811394
0.0080146572827274	0.0020369999214613
0.0080146592824573	0.0000364594757478
0.0080280844189332	0.0000365492890392
0.0080372273881430	0.0000366638538072
0.0080527828140427	0.0000365158701633
0.0080620798488422	0.0000366752266066
0.0080760069073827	0.0003112378380232
0.0080760141604287	0.0002112374661362
0.0080760141604287	0.0010350498244166
0.0080792025849103	0.4416330782102783
0.0080885072616653	1.7288506804719022
0.0080885072616653	1.7304794311525160
0.0080970714917179	0.8547618835587817
0.0081046615127827	0.0800849203219525
0.0081054282222115	0.0020165844591809
0.0081054527763175	0.0005169530511205
0.0081054527763175	0.0000364006370413
0.0081098253079162	0.0000368939883299
0.0081146333470689	0.0020369924745221
0.0081146353467988	0.0000364518915980
0.0081281462704305	0.0000365437592403
0.0081372580174188	0.0000366493271691
0.0081527019270885	0.0000364974260962
0.0081620388364723	0.0000366693075329
0.0081760069867674	0.0003112464583690
0.0081760142398326	0.0002112461141632
0.0081760142398326	0.0010350580709372
0.0081793338680636	0.4597213716895138
0.0081885070342295	1.7287530472059498
0.0081885070342295	1.7303817002531088
0.0081969663160035	0.8652845976924231
0.0082046480327860	0.0811849548762445
0.0082054254526086	0.0020165185898710
0.0082054500033609	0.0005169178981669
0.0082054500033609	0.0000363752478615
0.0082100019969494	0.0000368728067592
0.0082148796753633	0.0020369375153356
0.0082148816750940	0.0000363986543606
0.0082282944972303	0.0000361473869485
0.0082349122779816	0.0000368833887146
0.0082374532355862	0.0020369263902904
0.0082374552354385	0.0000366307376576
0.0082528285267092	0.0000365112355924
0.0082620958479767	0.0000366652251587
0.0082760068712327	0.0003112091284504
0.0082760141245976	0.0002112087446710
0.0082760141245976	0.0010352642182909
0.0082791447720955	0.4336484042330245
0.0082885073670710	1.7288181841810495
0.0082885073670710	1.7304469023652964
0.0082971196610673	0.8498142053745121
0.0083032415314847	0.2251606214257224
0.0083054353301591	0.0021366382523022
0.0083054611092526	0.0005175129129469
0.0083054611092526	0.0000368050711879
0.0083120341491800	0.0000366641555992
0.0083283458024289	-0.0000646974661049
0.0083283458024289	0.0000365482541151
0.0083373633349273	0.0000366224455437
0.0083532020247747	-0.0000648687584731
0.0083532020247747	0.0000361201268320
0.0083600335959544	0.0000368625443889
0.0083649206574427	0.0020369214728155
0.0083649226571736	0.0000363829743863
0.0083760061307703	0.0003112282850830
0.0083760133801536	0.0010356124310310
0.0083820692962048	0.8374067175649169
0.0083885070041927	1.7276694294620154
0.0083885070041927	1.7292969988914535
0.0083969831357235	0.8624862028168871
0.0084046412148196	0.0808085447335078
0.0084054149519521	0.0020164501366531
0.0084054395023983	0.0005169226605227
0.0084054395023983	0.0000363786866825
0.0084099808199374	0.0000368777389546
0.0084148542347118	0.0020369463754778
0.0084148562344425	0.0000364074110416
0.0084283448481394	0.0000361612454929
0.0084348459203104	0.0000368931515975
0.0084373670144601	0.0020369425006380
0.0084373690143118	0.0000366457652494
0.0084530562275298	0.0000365379347639
0.0084622100877719	0.0000366574945907
0.0084760066368494	0.0003111376899023
0.0084760138908089	0.0002111372305255
0.0084760138908089	0.0010352216325037
0.0084788056268166	0.3868920270571145
0.0084885080034232	1.7289395083741534
0.0084885080034232	1.7305683478825755
0.0084974134627320	0.8201768606219515
0.0085035583000810	0.1932262241693967
0.0085054384493129	0.0020970319126740
0.0085054638372495	0.0005174960529346
0.0085054638372495	0.0000367929960187
0.0085122573885186	0.0000366438291833
0.0085277059526097	-0.0000647571837977
0.0085277059526097	0.0000364923039459
0.0085370407081877	0.0000366628202832
0.0085533206716486	-0.0000647011902031
0.0085533206716486	0.0000365443409359
0.0085623530456085	0.0000366218524286
0.0085760061622371	-0.0000646588158959
0.0085760061622371	0.0005162295153669
0.0085820568906277	0.8361539014574059
0.0085885070030987	1.7281146387634609
0.0085885070030987	1.7297426534021956
0.0085970241653044	0.8587321779650232
0.0086046485584964	0.0804734007000963
0.0086054189968651	0.0020165156754438
0.0086054435477939	0.0005169206431452
0.0086054435477939	0.0000363772167514
0.0086099105585399	0.0000368742896087
0.0086147556849778	0.0020369566486360
0.0086147576847081	0.0000364169740884
0.0086278327277207	0.0000365028980026
0.0086370976643060	0.0000366564798128
0.0086531397029649	0.0000365291943831
0.0086622587245094	0.0000366352549273
0.0086760065362400	0.0003110713974828
0.0086760137909367	0.0002110709077687
0.0086760137909367	0.0010349482143024
0.0086786726668443	0.3685389566706676
0.0086885082718115	1.7288754423640977
0.0086885082718115	1.7305042178065873
0.0086975365891187	0.8075637728139243
0.0087037021287442	0.1784666005227202
0.0087054371322309	0.0020813241106938
0.0087054623631133	0.0005174651318034
0.0087054623631133	0.0000367706972451
0.0087123535095101	0.0000366171711437
0.0087282227311059	-0.0000648718570632
0.0087282227311059	0.0000361175072013
0.0087350062343589	0.0000368584386097
0.0087398846042821	0.0020369226538399
0.0087398866040129	0.0000363837662512
0.0087532848392591	0.0000361322871830
0.0087599238230729	0.0000368693581600
0.0087624689829261	0.0020369112520188
0.0087624709827785	0.0000366158043370
0.0087760066067809	0.0003110990139818
0.0087760138612075	0.0002110985493125
0.0087760138612075	0.0010355525423870
0.0087787641191910	0.3811499558770940
0.0087885080958576	1.7288675700060172
0.0087885080958576	1.7304963375757993
0.0087974603268539	0.8152974962112941
0.0088036105537991	0.1877640031991238
0.0088054369281301	0.0020910811610134
0.0088054622558622	0.0005174755917299
0.0088054622558622	0.0000367782278283
0.0088122926209493	0.0000366279768069
0.0088283569987572	-0.0000648467738546
0.0088283569987572	0.0000361455754021
0.0088348374755845	0.0000368760838812
0.0088396514960557	0.0020369727650180
0.0088396534957856	0.0000364322884860
0.0088530973756898	0.0000365247743474
0.0088622300866060	0.0000366385884937
0.0088760065932861	0.0003110907841309
0.0088760138478029	0.0002110903118365
0.0088760138478029	0.0010353186475715
0.0088787467841262	0.3787572974784091
0.0088885081235336	1.7288567177736458
0.0088885081235336	1.7304854744911840
0.0088974678913158	0.8145085860940283
0.0089036190365400	0.1868738148350678
0.0089054366411137	0.0020901325340216
0.0089054619591655	0.0005174712850215
0.0089054619591655	0.0000367751184875
0.0089122983185415	0.0000366247003644
0.0089283441082949	-0.0000648512106238
0.0089283441082949	0.0000361408571980
0.0089348487041848	0.0000368720139619
0.0089396674167231	0.0020369660973174
0.0089396694164530	0.0000364257343164
0.0089530553631720	0.0000365159681759
0.0089622116680661	0.0000366356914246
0.0089760066333483	0.0003110946237341
0.0089760138878686	0.0002110941639687
0.0089760138878686	0.0010353215810357
0.0089787998981103	0.3860731083636517
0.0089885080200480	1.7288127436070482
0.0089885080200480	1.7304414563507127
0.0089974196634607	0.8193322021397144
0.0090035623221922	0.1925445071443039
0.0090054355945647	0.0020963349189473
0.0090054609734558	0.0005174688629476
0.0090054609734558	0.0000367733518559
0.0090122599519259	0.0000366247003778
0.0090276970492808	-0.0000647762457426
0.0090276970492808	0.0000364734430927
0.0090370356887345	0.0000366457755983
0.0090533337690502	-0.0000647168276124
0.0090533337690502	0.0000365288023397
0.0090623589722254	0.0000366047821615
0.0090760061329651	-0.0000646776595249
0.0090760061329651	0.0005162031571016
0.0090820655306197	0.8373017388503052
0.0090885070049758	1.7280140330196281
0.0090885070049758	1.7296419470526474
0.0090969857843885	0.8624667432542505
0.0091046423623631	0.0808558981710642
0.0091054164795832	0.0020164814998334
0.0091054410279625	0.0005168919610947
0.0091054410279625	0.0000363564872528
0.0091099770532099	0.0000368554180764
0.0091148482541533	0.0020369251208993
0.0091148502538840	0.0000363860824008
0.0091283562322984	0.0000361416637379
0.0091348305350414	0.0000368729837457
0.0091373476333865	0.0020369238716212
0.0091373496332381	0.0000366268733523
0.0091531086178395	0.0000365227589711
0.0091622356047196	0.0000366349638487
0.0091760065813361	0.0003110809658893
0.0091760138359660	0.0002110804900272
0.0091760138359660	0.0010351916039325
0.0091787309499002	0.3765702888857780
0.0091885081557720	1.7288430650501823
0.0091885081557720	1.7304718081151984
0.0091974826042381	0.8129912053883888
0.0092036359442063	0.1851256725214276
0.0092054363505325	0.0020882809931577
0.0092054616499765	0.0005174664436451
0.0092054616499765	0.0000367716255217
0.0092123096276885	0.0000366208020137
0.0092283188315684	-0.0000648574690334
0.0092283188315684	0.0000361340400035
0.0092348801610683	0.0000368674155022
0.0092397115783822	0.0020369554977938
0.0092397135781123	0.0000364154472289
0.0092529423490376	0.0000365029836946
0.0092621549630904	0.0000366397713044
0.0092760067513326	0.0003111305474896
0.0092760140055473	0.0002111301250389
0.0092760140055473	0.0010353430684781
0.0092789639369143	0.4086860096955227
0.0092885077051357	1.7287550336380086
0.0092885077051357	1.7303836886714974
0.0092972742635600	0.8340034202405747
0.0093034005066287	0.2088688071571896
0.0093054341112047	0.0021155101320307
0.0093054596794774	0.0005174773889429
0.0093054596794774	0.0000367794606045
0.0093121481261058	0.0000366352210594
0.0093279971805190	-0.0000647461406464
0.0093279971805190	0.0000365004918218
0.0093371864962933	0.0000366275158310
0.0093528902128826	-0.0000647620529326
0.0093528902128826	0.0000364854748436
0.0093621353216771	0.0000366282230280
0.0093760067944324	-0.0000645759329381
0.0093760067944324	0.0005163026698092
0.0093790265991374	0.4177842297946648
0.0093885075800839	1.7291243493537021
0.0093885075800839	1.7307533737028282
0.0093972144472979	0.8403680799222643
0.0094033394759923	0.2153005974450173
0.0094054360835540	0.0021234336712421
0.0094054617282896	0.0005174588191284
0.0094054617282896	0.0000367660235081
0.0094121065215353	0.0000366224213823
0.0094281168848455	-0.0000647523483824
0.0094281168848455	0.0000364936956346
0.0094372489072373	0.0000366026311309
0.0094527243352858	-0.0000647971053770
0.0094527243352858	0.0000364523366022
0.0094620514179394	0.0000366206074759
0.0094760069605611	-0.0000645526473149
0.0094760069605611	0.0005163170466462
0.0094792870558484	0.4536694611128292
0.0094885071155292	1.7289534297807221
0.0094885071155292	1.7305822832102995
0.0094970000476673	0.8618668925219611
0.0095046492947745	0.0809116791061289
0.0095054238718053	0.0020165735589066
0.0095054484186644	0.0005168606395793
0.0095054484186644	0.0000363338339581
0.0095099474168608	0.0000368308658966
0.0095148044994717	0.0020369064596239
0.0095148064992021	0.0000363670479977
0.0095277152659687	0.0000364508079654
0.0095370403637956	0.0000366226524002
0.0095533111801366	0.0000365069967469
0.0095623437086792	0.0000365882776661
0.0095760061942444	0.0003111603543732
0.0095760134446023	0.0010348723432147
0.0095820473097158	0.8342523512835417
0.0095885070132557	1.7274445075052840
0.0095885070132557	1.7290718520128341
0.0095970656768966	0.8537200351700058
0.0096046464240425	0.0798220465230133
0.0096054103841192	0.0020164452631680
0.0096054349320150	0.0005168904401206
0.0096054349320150	0.0000363553657296
0.0096098462589540	0.0000368524754370
0.0096146691692219	0.0020369468998672
0.0096146711689519	0.0000364066513924
0.0096280471636697	0.0000364985778791
0.0096372041215727	0.0000366204954663
0.0096528366534893	0.0000364772303191
0.0096621054841966	0.0000366295829459
0.0096760068530731	0.0003111356829796
0.0096760141073737	0.0002111352942431
0.0096760141073737	0.0010349959159834
0.0096791146000025	0.4294356332580680
0.0096885074295783	1.7286207416047907
0.0096885074295783	1.7302492623461203
0.0096971466560540	0.8467416536243292
0.0097032648330555	0.2223722277926686
0.0097054309103233	0.0021328783220636
0.0097054566486949	0.0005174674043452
0.0097054566486949	0.0000367722002611
0.0097120511549123	0.0000366311087410
0.0097282828917963	-0.0000647339311013
0.0097282828917963	0.0000365117348336
0.0097373327295554	0.0000365956672643
0.0097532670829177	-0.0000648882254443
0.0097532670829177	0.0000361021991216
0.0097599477622343	0.0000368400343717
0.0097648035163281	0.0020369155143389
0.0097648055160586	0.0000363762160665
0.0097760065486730	0.0003110228465211
0.0097760138040234	0.0002110223635061
0.0097760138040234	0.0010356333919523
0.0097786872224193	0.3705110031731726
0.0097885082538324	1.7287128408851449
0.0097885082538324	1.7303414537259361
0.0097975290929862	0.8080489929685257
0.0098036880303304	0.1795510142510941
0.0098054334849487	0.0020825610322473
0.0098054587254770	0.0005174335318598
0.0098054587254770	0.0000367478596443
0.0098123440061504	0.0000365961897874
0.0098282411088523	-0.0000648887671431
0.0098282411088523	0.0000361010705157
0.0098349828456224	0.0000368417887710
0.0098398548508975	0.0020369107644229
0.0098398568506282	0.0000363717040920
0.0098533433121519	0.0000361267706409
0.0098598459054106	0.0000368594638954
0.0098623685597959	0.0020369088821090
0.0098623705596476	0.0000366121633628
0.0098760068050406	0.0003111373260468
0.0098760140592459	0.0002111369249626
0.0098760140592459	0.0010355831665331
0.0098790415840286	0.4193831311462607
0.0098885075676991	1.7287021323280825
0.0098885075676991	1.7303307344604149
0.0098972163947801	0.8397951993687331
0.0099033382361890	0.2150895488125746
0.0099054328943960	0.0021233750515993
0.0099054585399349	0.0005174757958372
0.0099054585399349	0.0000367782882362
0.0099121040190823	0.0000366357625973
0.0099281234378766	-0.0000647375392092
0.0099281234378766	0.0000365085252638
0.0099372498307614	0.0000366175215285
0.0099527220017106	-0.0000647814691412
0.0099527220017106	0.0000364679318301
0.0099620479886953	0.0000366366895097
0.0099760069668414	-0.0000645358464782
0.0099760069668414	0.0005163387296270
0.0099792986236711	0.4552894222287425
0.0099885070920502	1.7290435359504142
0.0099885070920502	1.7306724794864548
0.0099969899233802	0.8630454543528563
