0.0000000000000000	0.0000000000000000
0.0000019091500560	0.0020000000000000
0.0000028232703977	0.0029930804773192
0.0000037365562676	0.0079843423684577
0.0000046510950861	0.0149829092092201
0.0000055660523821	0.0239860510174372
0.0000064814285391	0.0349946875678055
0.0000073972239405	0.0480097398989916
0.0000083080804855	0.0629501203397888
0.0000092256497155	0.0799955451155323
0.0000101436402020	0.0990501725458998
0.0000110620523321	0.1201149297084366
0.0000119825496699	0.1432307042684080
0.0000129034088964	0.1683553255583437
0.0000139161409261	0.2000873755482740
0.0000199886061211	0.3797846965920375
0.0000252973356559	0.5348754850841450
0.0000269662660562	0.5822911856116895
0.0000279075686635	0.6125948277164470
0.0000288514930096	0.6449847135562906
0.0000297962547151	0.6793993164868442
0.0000307414630243	0.7158316056673267
0.0000317006755755	0.7548194522681451
0.0000326518148023	0.7954780721586512
0.0000336045574399	0.8382078720323013
0.0000345587666725	0.8830020152213284
0.0000355256493875	0.9304053475232430
0.0000364878073779	0.9795846192862048
0.0000374498341193	1.0307239309455665
0.0000384313836530	1.0849322012687939
0.0000418434929834	1.2783716295840439
0.0000447147209406	1.4365280939134468
0.0000475464004928	1.5897336051152899
0.0000503594050313	1.7389710147513529
0.0000525729850412	1.8532517824455474
0.0000540091232825	1.9340726573001588
0.0000555146539189	2.0226752213850712
0.0000570376748030	2.1163189710692278
0.0000586388604365	2.2190033543218006
0.0000602721846546	2.3281782584319752
0.0000619782476581	2.4468451318491211
0.0000637707791217	2.5816156812182229
0.0000662250718207	2.7587920765205571
0.0000686996718904	2.9319349001354276
0.0000711612232611	3.0983905445495368
0.0000736389135201	3.2598298590993147
0.0000761377903298	3.4093516047514973
0.0000787908122616	3.5755851489596684
0.0000816540947786	3.7621186638350066
0.0000847111600451	3.9687513883300620
0.0000880659144971	4.2034867399641689
0.0000908462329531	4.4057891599307624
0.0000930204690169	4.5477357036199866
0.0000952083524587	4.6815735501565552
0.0000974038595690	4.8065627942268625
0.0000996052066685	4.9222933624573422
0.0001021209232153	5.0339456930512085
0.0001078647495511	5.3135776371993586
0.0001166293264531	5.7531353542365586
0.0001188268952236	5.8424536568738601
0.0001211375074765	5.9244982877310166
0.0001236939717006	6.0036193096282293
0.0001265690000273	6.0677425873380599
0.0001312593832181	6.1936339443933628
0.0001360712696589	6.3349078613838241
0.0001448036101517	6.6138351325945735
0.0001479228149636	6.6866401457087603
0.0001510612659095	6.7330458649154350
0.0001572017774154	6.8442480389342775
0.0001639173026294	6.9937331040061519
0.0001665962639533	7.0410440237138383
0.0001697316432588	7.0827399268974904
0.0001731785606967	7.1137532485265256
0.0001830737758503	7.1808335241295618
0.0001869557774992	7.2357039104098204
0.0001929899230722	7.3394856485942856
0.0001969776503057	7.3753121252717575
0.0002014930020620	7.3868874716521873
0.0002054893058328	7.4139323758180691
0.0002095358433791	7.4561214030922009
0.0002136341253738	7.5288320911129532
0.0002167663089819	7.5701906122870373
0.0002210694058601	7.6091631895525529
0.0002255227568351	7.6344911331792380
0.0002306277084824	7.6470366668605720
0.0002348419805659	7.6868276261764796
0.0002393227934970	7.7604015882985857
0.0002428195597869	7.7984038502028197
0.0002472440177273	7.8317730382716917
0.0002518717663556	7.8350671932032796
0.0002561994328290	7.8582240218944301
0.0002605830034021	7.8973716592859207
0.0002711260928823	8.0185016279358159
0.0002755727225128	8.0376024926974416
0.0002809632527970	8.0429234646490215
0.0002854803190723	8.0783650357771766
0.0002971496783602	8.1988466011392411
0.0003017048108116	8.1956913953846708
0.0003063347388978	8.2133716442688982
0.0003110239733908	8.2476772600640729
0.0003221551488651	8.3571485626901563
0.0003267121609402	8.3512269333591984
0.0003314832437810	8.3666089208010543
0.0003363164239586	8.3988966746860712
0.0003476486601096	8.5029022598398658
0.0003525932266865	8.4938258856923081
0.0003575009485902	8.5099550032951736
0.0003623808562507	8.5428241002638945
0.0003705867337447	8.6261319147560354
0.0003750381558459	8.6383216810391108
0.0003825603975095	8.6357581198119640
0.0003873753785346	8.6654875013043409
0.0003955256201500	8.7461880512891419
0.0003999776631778	8.7568473762885972
0.0004078729334962	8.7515454533933781
0.0004125028892830	8.7788079276805355
0.0004201323721370	8.8546120362916056
0.0004245836373415	8.8652326163947812
0.0004339086567085	8.8601419755162780
0.0004379456564014	8.8855808727556536
0.0004440244734985	8.9505406215469261
0.0004484535585978	8.9641257923617328
0.0004616195344979	8.9691825055336825
0.0004725637221365	9.0548525950504448
0.0004773590749178	9.0534110018398639
0.0004773590749178	9.0353222685694536
0.0004828807513234	9.0403951483996323
0.0004828807513234	9.0403951483996323
0.0004871447093593	9.0602146460901825
0.0004959782998647	9.1367204999416014
0.0005004345315541	9.1400175866916022
0.0005004345315541	9.1400175866916022
0.0005077198857934	9.1305130835763180
0.0005077198857934	9.1214824704927420
0.0005119464831621	9.1390780031295886
0.0005214974276781	9.2163769611653379
0.0005259559400852	9.2163100388819377
0.0005259559400852	9.2163100388819377
0.0005318611665922	9.2040355052973357
0.0005318611665922	9.1949313697920392
0.0005364004269014	9.2092694559195145
0.0005479690236342	9.2903088887668019
0.0005532734351459	9.2834826521012683
0.0005532734351459	9.2649342352139517
0.0005590429836132	9.2677655507452013
0.0005590429836132	9.2677655507452013
0.0005625940998938	9.2861520665468920
0.0005697425132807	9.3512178618614463
0.0005741744695207	9.3564455149610293
0.0005741744695207	9.3564455149610293
0.0005856502217263	9.3460740076054361
0.0005856502217263	9.3368278335978303
0.0005893966875237	9.3828032976274400
0.0005938215455184	9.4094859490579044
0.0005982910696141	9.4175885856952295
0.0005982910696141	9.4175885856952295
0.0006048041077959	9.3874731970176235
0.0006100681547515	9.3922660318088589
0.0006100681547515	9.3922660318088589
0.0006136652603845	9.4343450801478159
0.0006180891197881	9.4635288850944352
0.0006225571268526	9.4740482108265560
0.0006273429393486	9.4656600460299423
0.0006273429393486	9.4467476383455669
0.0006333651122314	9.4422582054480095
0.0006333651122314	9.4422582054480095
0.0006369698327863	9.4563022511915236
0.0006462148683304	9.5261145254581407
0.0006506741620914	9.5227239294798540
0.0006506741620914	9.5227239294798540
0.0006578520103247	9.5019901389043717
0.0006578520103247	9.4925880487654677
0.0006614524698355	9.5035644878906940
0.0006725522557422	9.5666218972505739
0.0006725522557422	9.5760884191478244
0.0006772825510582	9.5470620788110772
0.0006833426753941	9.5398838978464546
0.0006833426753941	9.5398838978464546
0.0006869781380427	9.5532903768124484
0.0006961362168468	9.6207634781289038
0.0007005958001799	9.6162701226336438
0.0007005958001799	9.6162701226336438
0.0007081292814327	9.5924961242781190
0.0007081292814327	9.5830035281538404
0.0007117550662245	9.5949570805171565
0.0007216567468493	9.6632075745860337
0.0007261208161036	9.6558094399511099
0.0007261208161036	9.6365171133977618
0.0007324647126280	9.6232020222112329
0.0007361320323035	9.6316085139453929
0.0007361320323035	9.6316085139453929
0.0007411085588099	9.6850572256694303
0.0007455371250524	9.7011435423513124
0.0007500130454688	9.6979710980705942
0.0007500130454688	9.6979710980705942
0.0007592505322457	9.6713292194148437
0.0007592505322457	9.6617577901954288
0.0007628979816681	9.6791547373465310
0.0007689715801348	9.7337387898987906
0.0007734126215911	9.7368954509019847
0.0007734126215911	9.7368954509019847
0.0007800068728493	9.6981379381247379
0.0007848500428629	9.6973845712901294
0.0007848500428629	9.6973845712901294
0.0007885377060065	9.7373706044684685
0.0007929634040202	9.7636952639991055
0.0007974333121918	9.7707271792290911
0.0007974333121918	9.7707271792290911
0.0008020968892102	9.7386098078966086
0.0008082472324792	9.7262128989962928
0.0008082472324792	9.7262128989962928
0.0008119417722310	9.7382006690480054
0.0008211205372254	9.8019933864134643
0.0008255547909852	9.7950461553346297
0.0008255547909852	9.7950461553346297
0.0008333241902205	9.7659597933176379
0.0008333241902205	9.7562937335243198
0.0008370001171390	9.7683658451474091
0.0008459254552633	9.8308843498843448
0.0008503611897286	9.8242616626413728
0.0008503611897286	9.8242616626413728
0.0008586571710671	9.7937544781188866
0.0008586571710671	9.7840606236407677
0.0008623651063012	9.7977875082719805
0.0008700886645968	9.8565812436666800
0.0008745279465572	9.8532182132473025
0.0008745279465572	9.8532182132473025
0.0008850987461741	9.8220163812222232
0.0008850987461741	9.8122942648410021
0.0008888432071435	9.8532278049018007
0.0008932703999675	9.8769275140500543
0.0008977418074725	9.8810800751752090
0.0008977418074725	9.8810800751752090
0.0009026124042005	9.8452535736471258
0.0009085284646444	9.8325874210798823
0.0009085284646444	9.8325874210798823
0.0009122574016538	9.8454941137419869
0.0009203106181671	9.9045469183335069
0.0009247498683860	9.8996324068299391
0.0009247498683860	9.8996324068299391
0.0009347163997037	9.8666351127996901
0.0009347163997037	9.8568683776868902
0.0009384497334936	9.8757922577715185
0.0009430512475156	9.9211677427530862
0.0009474971541096	9.9257980054103960
0.0009474971541096	9.9257980054103960
0.0009521859447976	9.8905685990173691
0.0009582724264733	9.8751822041120629
0.0009582724264733	9.8751822041120629
0.0009620147050140	9.8864940548391136
0.0009708597340441	9.9465572244987772
0.0009752980610974	9.9386173690999939
0.0009752980610974	9.9386173690999939
0.0009837732641083	9.9047183060160080
0.0009837732641083	9.8949134877099922
0.0009875169290936	9.9086650809192545
0.0009947192243651	9.9640867531063648
0.0009991614818595	9.9608277203534978
0.0009991614818595	9.9608277203534978
0.0010106996397814	9.9267453425920724
0.0010106996397814	9.9169184972494797
0.0010148288896455	9.9620071647338904
0.0010192586088766	9.9801942887303010
0.0010237330672357	9.9785717318339433
0.0010237330672357	9.9785717318339433
0.0010364179788013	9.9456117354748770
0.0010364179788013	9.9357660237394008
0.0010473566565319	9.9870698245928686
0.0010473566565319	9.9969567944174624
0.0010519630782996	9.9613117138398160
0.0010581234982429	9.9435649806417441
0.0010581234982429	9.9435649806417441
0.0010618875997818	9.9537029374808252
0.0010711287395342	10.0031538674612985
0.0010711287395342	10.0130569213287597
0.0010755500575823	10.0029438309291692
0.0010833056386968	9.9679236934506328
0.0010833056386968	9.9580556697571811
0.0010870686482793	9.9690274186831953
0.0010956904658530	10.0269617095870807
0.0011001311574459	10.0185609061646428
0.0011001311574459	10.0185609061646428
0.0011090219701620	9.9819158257506864
0.0011090219701620	9.9720338099249357
0.0011127909902629	9.9866985705410549
0.0011191500732461	10.0382727322491139
0.0011235949760481	10.0365198644252516
0.0011235949760481	10.0365198644252516
0.0011309869955635	9.9870539997470384
0.0011347380173833	9.9855888782165110
0.0011347380173833	9.9855888782165110
0.0011385174823278	10.0240461014145428
0.0011429449914122	10.0473026833409680
0.0011474167928079	10.0506689862253893
0.0011474167928079	10.0506689862253893
0.0011520610923688	10.0136324883219423
0.0011581473976853	9.9952275845884131
0.0011581473976853	9.9952275845884131
0.0011619282208182	10.0052437976576858
0.0011710017220691	10.0534168180033987
0.0011710017220691	10.0633701348214029
0.0011754251111094	10.0531280891125565
0.0011835096828315	10.0162922787704591
0.0011835096828315	10.0063758864916910
0.0011872887099288	10.0181409508940753
0.0011951712187924	10.0735838666175024
0.0011996141887361	10.0667982193726839
0.0011996141887361	10.0667982193726839
0.0012098853707471	10.0280765911557008
0.0012098853707471	10.0181484145645427
0.0012136770939208	10.0571846578972952
0.0012181052454315	10.0793069872529770
0.0012225776395035	10.0814623798296594
0.0012225776395035	10.0814623798296594
0.0012273075170341	10.0428951125436523
0.0012332451971447	10.0249924092602161
0.0012332451971447	10.0249924092602161
0.0012370357531669	10.0353593130446406
0.0012457329044275	10.0922760434578986
0.0012501748357302	10.0828080780050140
0.0012501748357302	10.0828080780050140
0.0012589423416146	10.0444405513639410
0.0012589423416146	10.0344960108125765
0.0012627313763207	10.0483800201079312
0.0012692509580575	10.0996011385932327
0.0012736965403161	10.0965370611771394
0.0012736965403161	10.0965370611771394
0.0012864359388322	10.0590539686184464
0.0012864359388322	10.0490948146498269
0.0012972189048848	10.0973442759927678
0.0012972189048848	10.1073415202687595
0.0013017161568736	10.0706147511000719
0.0013079233212947	10.0494187866481841
0.0013117286823311	10.0579501544153782
0.0013117286823311	10.0579501544153782
0.0013214696075547	10.1056611735569977
0.0013214696075547	10.1156667347305547
0.0013258928414850	10.1025402915856102
0.0013327564077215	10.0567540492065604
0.0013365499919034	10.0642634011400478
0.0013365499919034	10.0642634011400478
0.0013469055818933	10.1121542825105770
0.0013469055818933	10.1221663367930876
0.0013513450800202	10.0867368982338732
0.0013577242237127	10.0635377064511591
0.0013615339761495	10.0709384530106814
0.0013615339761495	10.0709384530106814
0.0013719440248778	10.1188074813307072
0.0013719440248778	10.1288261888120363
0.0013763882119229	10.0931610122427724
0.0013827514743867	10.0700806261905704
0.0013865633900057	10.0775885487687145
0.0013865633900057	10.0775885487687145
0.0013968654575503	10.1252428955040497
0.0013968654575503	10.1352680383995537
0.0014013011661340	10.0998545260255437
0.0014077016438454	10.0762263859695285
0.0014115155124889	10.0834364142553667
0.0014115155124889	10.0834364142553667
0.0014219813615069	10.1310206411807435
0.0014219813615069	10.1410515618219250
0.0014264316049306	10.1050039429237462
0.0014327709076179	10.0819156078206049
0.0014365867077919	10.0894777290144564
0.0014365867077919	10.0894777290144564
0.0014467988114830	10.1368457159036272
0.0014467988114830	10.1468824616195299
0.0014512297005664	10.1115971763281696
0.0014576611203827	10.0874379587567091
0.0014614786115268	10.0943890144596136
0.0014614786115268	10.0943890144596136
0.0014720661876605	10.1417921135571536
0.0014720661876605	10.1518338056707087
0.0014765308065331	10.1152240609758675
0.0014828217687207	10.0924196650697464
0.0014866410489551	10.1001910962904997
0.0014866410489551	10.1001910962904997
0.0014966569445899	10.1471856944103571
0.0014966569445899	10.1572327801047670
0.0015010818185510	10.1224123634380234
0.0015075762364005	10.0973262573505949
0.0015113968717337	10.1037728908876918
0.0015113968717337	10.1037728908876918
0.0015222663133299	10.1509870345567172
0.0015222663133299	10.1610379215912747
0.0015267792319956	10.1232904926164018
0.0015329449708466	10.1015164847365604
0.0015367673441817	10.1098873305709613
0.0015367673441817	10.1098873305709613
0.0015463430836080	10.1563107737467053
0.0015463430836080	10.1663669845204527
0.0015507684620015	10.1530792269407950
0.0015579287586098	10.1053532284387888
0.0015617384973681	10.1135170427589198
0.0015617384973681	10.1135170427589198
0.0015714087872600	10.1598406479799444
0.0015714087872600	10.1699003886279247
0.0015758341675432	10.1562173134550537
0.0015828293820184	10.1087278632281805
0.0015866399840515	10.1163294808562298
0.0015866399840515	10.1163294808562298
0.0015966462844434	10.1627793631089780
0.0015966462844434	10.1728420424720873
0.0016010716376765	10.1377322585002894
0.0016075594558703	10.1121743643681423
0.0016113849215115	10.1184291943845697
0.0016113849215115	10.1184291943845697
0.0016222852410994	10.1652128073198700
0.0016222852410994	10.1752779201271881
0.0016268033547760	10.1371652537447741
0.0016329463848789	10.1151949325820620
0.0016367732185893	10.1234770784438037
0.0016367732185893	10.1234770784438037
0.0016463206454648	10.1695223721972550
0.0016463206454648	10.1795917945694505
0.0016507466038906	10.1661876747014475
0.0016579622043062	10.1179468620395703
0.0016617761020204	10.1261976048316242
0.0016617761020204	10.1261976048316242
0.0016713107120078	10.1720715676309315
0.0016713107120078	10.1821435391985631
0.0016757369103692	10.1686979163726683
0.0016829704667566	10.1202876070639931
0.0016867851478677	10.1285687055407259
0.0016867851478677	10.1285687055407259
0.0016962876905428	10.1743607961248799
0.0016962876905428	10.1844350569210054
0.0017007140474870	10.1710590543443526
0.0017080045154977	10.1224552854137286
0.0017118199786203	10.1309039203119475
0.0017118199786203	10.1309039203119475
0.0017212035065178	10.1765321916126421
0.0017212035065178	10.1866086238042541
0.0017256302362067	10.1735786513960473
0.0017331323157315	10.1244348589355759
0.0017369487121183	10.1335473318598215
0.0017369487121183	10.1335473318598215
0.0017459006587278	10.1786342439670978
0.0017459006587278	10.1887127782110660
0.0017503285673790	10.1770119753880248
0.0017586038602561	10.1363452457737733
0.0017586038602561	10.1263088005279993
0.0017624219878844	10.1379029715719984
0.0017698437507612	10.1902715981773468
0.0017742896656636	10.1833054203117790
0.0017742896656636	10.1833054203117790
0.0017853563355771	10.1408383013244876
0.0017853563355771	10.1307973630231647
0.0017893264225202	10.1723631045508007
0.0017937566995780	10.1903473037870160
0.0017982312608343	10.1880979632939983
0.0017982312608343	10.1880979632939983
0.0018037049774210	10.1423875637062650
0.0018087297791897	10.1294125743456593
0.0018087297791897	10.1294125743456593
0.0018125546696278	10.1417516185507672
0.0018195689592551	10.1931797238377371
0.0018240153129379	10.1874831034786588
0.0018240153129379	10.1874831034786588
0.0018358367965311	10.1454743503402796
0.0018358367965311	10.1354287759899382
0.0018403938286709	10.1816480709040054
0.0018448258795263	10.1947605101953354
0.0018493029996865	10.1875821618344791
0.0018493029996865	10.1875821618344791
0.0018603060250468	10.1448288174945791
0.0018603060250468	10.1347838886770845
0.0018642520587302	10.1760223351038039
0.0018686821916617	10.1943350878603827
0.0018731565870868	10.1924098008603110
0.0018731565870868	10.1924098008603110
0.0018784877410156	10.1474620664485986
0.0018836498830675	10.1334092120167192
0.0018836498830675	10.1334092120167192
0.0018874759970064	10.1453040300874342
0.0018947267607961	10.1972779983962329
0.0018991728980057	10.1908155915433341
0.0018991728980057	10.1908155915433341
0.0019105740742704	10.1483340335542636
0.0019105740742704	10.1382855995207084
0.0019147135980447	10.1815065095733299
0.0019191446647700	10.1976249516921271
0.0019236201955668	10.1934760692223385
0.0019236201955668	10.1934760692223385
0.0019306340654000	10.1404982875644301
0.0019344330029200	10.1363387645722298
0.0019344330029200	10.1363387645722298
0.0019382608857232	10.1523522563697917
0.0019433186054927	10.1971251295852881
0.0019477672756193	10.1969861107412001
0.0019477672756193	10.1969861107412001
0.0019526219273492	10.1552605701640903
0.0019583107260951	10.1369365494078938
0.0019621450272794	10.1470387963525326
0.0019621450272794	10.1470387963525326
0.0019704480914272	10.2011013110096211
0.0019748930116936	10.1913165115721469
0.0019748930116936	10.1913165115721469
0.0019843469790930	10.1490400741269973
0.0019843469790930	10.1389909340528703
0.0019881708177014	10.1544320041119569
0.0019934655526544	10.2000238974947521
0.0019979140965498	10.1991156065808166
0.0019979140965498	10.1991156065808166
0.0020029071985224	10.1562037837199473
0.0020084181219039	10.1392079948953082
0.0020084181219039	10.1392079948953082
0.0020122458894881	10.1498239642242805
0.0020202094381349	10.2032407215321452
0.0020246548415096	10.1944973521740003
0.0020246548415096	10.1944973521740003
0.0020347402872914	10.1517481539878123
0.0020347402872914	10.1416963058338236
0.0020385664375810	10.1795434577546278
0.0020429950647172	10.2008364562891671
0.0020474679895715	10.2019120249881112
0.0020474679895715	10.2019120249881112
0.0020521309447175	10.1618533050239890
0.0020580774273274	10.1409653421899737
0.0020619128177111	10.1498308382402040
0.0020619128177111	10.1498308382402040
0.0020709751493085	10.1948850712085601
0.0020709751493085	10.2049798562797669
0.0020754030816923	10.1927965725935916
0.0020834895336957	10.1521496571161638
0.0020834895336957	10.1420974074590475
0.0020873125405002	10.1529981165356560
0.0020950677714378	10.2058453112400525
0.0020995135768735	10.1976499852768789
0.0020995135768735	10.1976499852768789
0.0021099773601324	10.1545763841455372
0.0021099773601324	10.1445217077613918
0.0021138263430373	10.1836359035335153
0.0021182556332798	10.2036906626748962
0.0021227291573922	10.2035080109378278
0.0021227291573922	10.2035080109378278
0.0021275550957006	10.1617562857880284
0.0021332570168948	10.1429309024942178
0.0021370932159626	10.1527352902438111
0.0021370932159626	10.1527352902438111
0.0021455610189936	10.1969103198465394
0.0021455610189936	10.2070071301663869
0.0021499905658811	10.1966531322450429
0.0021591500966358	10.1543770392960884
0.0021591500966358	10.1443225622567912
0.0021629752654153	10.1587045462188907
0.0021687883992317	10.2061521516718319
0.0021732364367337	10.2037221294878506
0.0021732364367337	10.2037221294878506
0.0021786955100158	10.1577815019594961
0.0021837162360109	10.1445188253962861
0.0021837162360109	10.1445188253962861
0.0021875460082127	10.1566472756047634
0.0021945820879987	10.2078058732402202
0.0021990287659725	10.2017833518264158
0.0021990287659725	10.2017833518264158
0.0022107922814115	10.1590813553777561
0.0022107922814115	10.1490221740223792
0.0022152608309897	10.1945789293365952
0.0022196928037093	10.2081323958576498
0.0022241696845014	10.2013722664243396
0.0022241696845014	10.2013722664243396
0.0022355243636428	10.1582791689896208
0.0022355243636428	10.1482207898206305
0.0022396229268880	10.1910478982183097
0.0022440538631056	10.2075318809349866
0.0022485292070925	10.2037323838072371
0.0022485292070925	10.2037323838072371
0.0022549201585909	10.1531996213459852
0.0022591022244900	10.1456756484145298
0.0022591022244900	10.1456756484145298
0.0022629327229595	10.1598881170801185
0.0022688555828322	10.2077868805054273
0.0022733034385567	10.2050920160038441
0.0022733034385567	10.2050920160038441
0.0022789070844642	10.1584072908660037
0.0022837979225093	10.1461632677467239
0.0022837979225093	10.1461632677467239
0.0022876283116399	10.1587133355948005
0.0022944193071063	10.2091913391944544
0.0022988662956373	10.2038813083072810
0.0022988662956373	10.2038813083072810
0.0023110712320041	10.1615203239490572
0.0023110712320041	10.1514587036251100
0.0023230727323070	10.1965630287135642
0.0023230727323070	10.2066594917422773
0.0023281353144513	10.1628274538168331
0.0023334913159402	10.1468140345701343
0.0023334913159402	10.1468140345701343
0.0023373216109859	10.1577560493184489
0.0023450439421009	10.2105165168072745
0.0023494898209361	10.2023943210985060
0.0023494898209361	10.2023943210985060
0.0023600088089877	10.1592548197905970
0.0023600088089877	10.1491954649708056
0.0023638651885167	10.1885027059047921
0.0023682945826792	10.2083630814549835
0.0023727682063393	10.2079745114147347
0.0023727682063393	10.2079745114147347
0.0023776250634607	10.1659098392985356
0.0023832864761549	10.1473813598016651
0.0023871241586581	10.1573163706728007
0.0023871241586581	10.1573163706728007
0.0023954897188884	10.2113382617086845
0.0023999347408385	10.2012432719468933
0.0023999347408385	10.2012432719468933
0.0024092757521046	10.1588002861120508
0.0024092757521046	10.1487413858259377
0.0024131026173308	10.1637509229891183
0.0024185745022845	10.2099044342108929
0.0024230229861028	10.2083731629812604
0.0024230229861028	10.2083731629812604
0.0024281433397871	10.1643947017580309
0.0024335017605775	10.1484189290302496
0.0024335017605775	10.1484189290302496
0.0024373326014870	10.1594232058002749
0.0024450200583894	10.2121153226938794
0.0024494659820969	10.2040973652193490
0.0024494659820969	10.2040973652193490
0.0024600510176484	10.1609305668476004
0.0024600510176484	10.1508695362807515
0.0024639167678636	10.1904168089158755
0.0024683462913593	10.2100254874901584
0.0024728200403566	10.2093790797571646
0.0024728200403566	10.2093790797571646
0.0024777218011482	10.1669206125065834
0.0024833251400139	10.1488502935562899
0.0024871633383926	10.1589814957710818
0.0024871633383926	10.1589814957710818
0.0024954020842951	10.2127594224119171
0.0024998472927155	10.2030388765260120
0.0024998472927155	10.2030388765260120
0.0025094187496809	10.1603498846587872
0.0025094187496809	10.1502894347741286
0.0025132464210521	10.1660468163305371
0.0025183470191041	10.2107541145811282
0.0025227958932710	10.2102364277307380
0.0025227958932710	10.2102364277307380
0.0025276733899593	10.1679899988940576
0.0025333104692494	10.1496643497856418
0.0025371489183683	10.1596922210490543
0.0025371489183683	10.1596922210490543
0.0025454337309262	10.2134901774554319
0.0025498789391079	10.2035916955425989
0.0025498789391079	10.2035916955425989
0.0025593623840148	10.1609149862939585
0.0025593623840148	10.1508539713076633
0.0025631901234374	10.1663098563922123
0.0025684342749163	10.2115758124244209
0.0025728830173587	10.2106539320691923
0.0025728830173587	10.2106539320691923
0.0025778419862927	10.1677632474864676
0.0025833793844206	10.1502676387853157
0.0025833793844206	10.1502676387853157
0.0025872107092433	10.1606164267080654
0.0025952813795228	10.2140446697661105
0.0025997268716222	10.2048237896030241
0.0025997268716222	10.2048237896030241
0.0026096133382419	10.1618349480695986
0.0026096133382419	10.1517730131215274
0.0026134419018155	10.1685517661228140
0.0026180613503199	10.2112325385413172
0.0026225106641924	10.2119951360406684
0.0026225106641924	10.2119951360406684
0.0026271933697686	10.1715463564447113
0.0026331018098243	10.1507934787735365
0.0026369404322008	10.1597135667161087
0.0026369404322008	10.1597135667161087
0.0026459057732140	10.2043998332993269
0.0026459057732140	10.2145041331326265
0.0026503343061454	10.2024723247029989
0.0026585903571065	10.1612360065119045
0.0026585903571065	10.1511746705053945
0.0026624165458629	10.1625569703437506
0.0026698467761883	10.2145451346585254
0.0026742931404388	10.2072247015798716
0.0026742931404388	10.2072247015798716
0.0026853336868630	10.1639195865309535
0.0026853336868630	10.1538555669444222
0.0026893029828403	10.1951849420265503
0.0026937333604422	10.2130140778003504
0.0026982080073150	10.2105627485345600
0.0026982080073150	10.2105627485345600
0.0027036259001850	10.1646687452292070
0.0027086713736921	10.1510135306124099
0.0027086713736921	10.1510135306124099
0.0027125032184945	10.1629216869780059
0.0027196659739649	10.2144017217577350
0.0027241125332502	10.2079728399452279
0.0027241125332502	10.2079728399452279
0.0027356547728659	10.1650064436673144
0.0027356547728659	10.1549413372236472
0.0027398991287809	10.1989019544379822
0.0027443306018904	10.2140226610869611
0.0027488066560238	10.2088331588332117
0.0027488066560238	10.2088331588332117
0.0027611466850688	10.1663100571296106
0.0027611466850688	10.1562436470724808
0.0027728716895158	10.2015119867936335
0.0027728716895158	10.2116133987804272
0.0027777170668099	10.1692866712302958
0.0027833212508155	10.1511526442989588
0.0027871601822829	10.1612113753494100
0.0027871601822829	10.1612113753494100
0.0027954081293744	10.2148808484566462
0.0027998534461985	10.2050567895476831
0.0027998534461985	10.2050567895476831
0.0028093934480988	10.1622817102852849
0.0028093934480988	10.1522193285749989
0.0028132217061066	10.1678503732231178
0.0028183849544760	10.2128102408278352
0.0028228337726841	10.2121159008341849
0.0028228337726841	10.2121159008341849
0.0028277449325903	10.1695874902686967
0.0028333410542939	10.1516007890236537
0.0028333410542939	10.1516007890236537
0.0028371727779631	10.1617400984567432
0.0028371727779631	10.1617400984567432
0.0028453801066620	10.2153673951940220
0.0028498254498417	10.2056831679459510
0.0028498254498417	10.2056831679459510
0.0028594492867361	10.1628331889335008
0.0028594492867361	10.1527702557445654
0.0028632778338639	10.1686751848064443
0.0028682991933380	10.2130378700546931
0.0028727481718007	10.2127051708561627
0.0028727481718007	10.2127051708561627
0.0028775857763346	10.1707437520021262
0.0028832713408630	10.1519423438394778
0.0028871104969705	10.1617506375016351
0.0028871104969705	10.1617506375016351
0.0028955182173846	10.2056075463121019
0.0028955182173846	10.2157130538584138
0.0028999482312113	10.2054022877532731
0.0029092102716334	10.1627235773374061
0.0029092102716334	10.1526607537600704
0.0029130382896566	10.1673141898579882
0.0029186804616717	10.2140599390906992
0.0029231287999698	10.2120097719267839
0.0029231287999698	10.2120097719267839
0.0029284014003945	10.1670063850174675
0.0029335977878397	10.1522472785304476
0.0029335977878397	10.1522472785304476
0.0029374299652576	10.1637359731984738
0.0029448152261947	10.2156889985786599
0.0029492615849095	10.2085419935982706
0.0029492615849095	10.2085419935982706
0.0029603945150920	10.1653046485027385
0.0029603945150920	10.1552392438542363
0.0029643996297344	10.1969970783608304
0.0029688302094165	10.2143735828623043
0.0029733050889434	10.2114621291452270
0.0029733050889434	10.2114621291452270
0.0029789304276242	10.1644013445077963
0.0029837768891322	10.1521959278215146
0.0029837768891322	10.1521959278215146
0.0029876092156775	10.1646544034295250
0.0029944548123902	10.2152888387498262
0.0029989017589012	10.2097978208184639
0.0029989017589012	10.2097978208184639
0.0030110167651408	10.1672414420044834
0.0030110167651408	10.1571741005624787
0.0030232100521819	10.2019387252271905
0.0030232100521819	10.2120405639524190
0.0030284745828654	10.1668346575024628
0.0030336146473405	10.1524016758846791
0.0030336146473405	10.1524016758846791
0.0030374468764412	10.1639627996536746
0.0030447803545546	10.2157616568029592
0.0030492268031614	10.2087519783427982
0.0030492268031614	10.2087519783427982
0.0030604505164465	10.1655070558461507
0.0030604505164465	10.1554414487903042
0.0030644936687286	10.1976186024634536
0.0030689244315696	10.2145674571029463
0.0030733995318621	10.2112235086161771
0.0030733995318621	10.2112235086161771
0.0030792820788437	10.1628437177418860
0.0030838943077171	10.1523036155674813
0.0030838943077171	10.1523036155674813
0.0030877267758087	10.1653812747718018
0.0030942289683023	10.2150376785488781
0.0030986762999008	10.2105659786595950
0.0030986762999008	10.2105659786595950
0.0031114079052653	10.1687498242459000
0.0031114079052653	10.1586809744216531
0.0031222029215589	10.2041297655063694
0.0031222029215589	10.2142337952718751
0.0031266996226977	10.1757291203487661
0.0031328579853738	10.1524244576319482
0.0031366968932348	10.1600264362086392
0.0031366968932348	10.1600264362086392
0.0031464813282949	10.2054238850688748
0.0031464813282949	10.2155292089539440
0.0031509079641447	10.2008735329405216
0.0031577072452163	10.1528279455259334
0.0031615318979847	10.1595338056211340
0.0031615318979847	10.1595338056211340
0.0031718817821196	10.2050904005374488
0.0031718817821196	10.2151953909379838
0.0031763223158115	10.1782921121039127
0.0031826778534056	10.1531247919307166
0.0031865168292570	10.1597709224355857
0.0031865168292570	10.1597709224355857
0.0031969223942965	10.2054515693523253
0.0031969223942965	10.2155569209216797
0.0032013672476749	10.1785133860716908
0.0032077066682422	10.1536093744340086
0.0032115458324217	10.1604051839219949
0.0032115458324217	10.1604051839219949
0.0032218501573099	10.2060435821484106
0.0032218501573099	10.2161495257305592
0.0032262875557952	10.1794322168581921
0.0032326656192874	10.1541168559773087
0.0032365049119846	10.1606927926460671
0.0032365049119846	10.1606927926460671
0.0032469513513869	10.2063602305188326
0.0032469513513869	10.2164664907493510
0.0032514003127706	10.1792710637300683
0.0032577230934806	10.1545459937410563
0.0032615625838507	10.1614417406170237
0.0032615625838507	10.1614417406170237
0.0032718080309032	10.2070855335222355
0.0032718080309032	10.2171925190557573
0.0032762422615388	10.1806733180267823
0.0032826441780994	10.1551589391234778
0.0032864837980226	10.1616341642541048
0.0032864837980226	10.1616341642541048
0.0032970031562026	10.2073424304927300
0.0032970031562026	10.2174496729232249
0.0033014595178148	10.1800143619399996
0.0033077549073194	10.1555854250201136
0.0033115947686127	10.1626434348294090
0.0033115947686127	10.1626434348294090
0.0033217280986472	10.2082158651587473
0.0033217280986472	10.2183239810239055
0.0033261575926635	10.1821512996526060
0.0033325995946299	10.1561903174033379
0.0033364395116743	10.1624240063150602
0.0033364395116743	10.1624240063150602
0.0033471132651401	10.2081289063224183
0.0033471132651401	10.2182369352287434
0.0033515896291636	10.1802571534195518
0.0033578191372036	10.1564673756979591
0.0033616593465012	10.1638598362173056
0.0033616593465012	10.1638598362173056
0.0033715697482890	10.2092941131091521
0.0033715697482890	10.2194033072222616
0.0033759961775000	10.2043155611875669
0.0033825719738718	10.1568672805099709
0.0033863976327841	10.1628541785556070
0.0033863976327841	10.1628541785556070
0.0033972135106738	10.2084215200216324
0.0033972135106738	10.2185298415416561
0.0034017127874926	10.1799889177120821
0.0034078720838079	10.1567390678205509
0.0034117124223817	10.1643911607932615
0.0034117124223817	10.1643911607932615
0.0034214411669174	10.2096520314565442
0.0034214411669174	10.2197615834880029
0.0034258680790869	10.2052242670715767
0.0034327648944516	10.1568075680585501
0.0034365909767093	10.1637951413941234
0.0034365909767093	10.1637951413941234
0.0034467337128406	10.2091832598062702
0.0034467337128406	10.2192923430660763
0.0034511635331546	10.1830022970723011
0.0034575942613889	10.1569578012475841
0.0034614344165894	10.1631401504683936
0.0034614344165894	10.1631401504683936
0.0034721255212688	10.2087754185723956
0.0034721255212688	10.2188840939909671
0.0034766038245723	10.1808117603061579
0.0034828231900035	10.1570344047645573
0.0034866635825731	10.1644264535824291
0.0034866635825731	10.1644264535824291
0.0034965591423670	10.2097910772532199
0.0034965591423670	10.2199007683304739
0.0035009856802973	10.2048312570005955
0.0035075916856771	10.1572374417510858
0.0035114175031505	10.1633078264958758
0.0035114175031505	10.1633078264958758
0.0035221633675441	10.2088147305592063
0.0035221633675441	10.2189234452897661
0.0035266503187540	10.1806043065104301
0.0035328391578350	10.1570159816558565
0.0035366795551611	10.1644923559184566
0.0035366795551611	10.1644923559184566
0.0035465203788530	10.2098227938318775
0.0035465203788530	10.2199325166257093
0.0035509470417428	10.2050364923086825
0.0035576482041678	10.1571646099742328
0.0035614741304639	10.1635338754745792
0.0035614741304639	10.1635338754745792
0.0035720219030420	10.2090270825858713
0.0035720219030420	10.2191360096684569
0.0035764809827658	10.1815033470296541
0.0035827559209237	10.1570579421589446
0.0035865962557029	10.1640940933418786
0.0035865962557029	10.1640940933418786
0.0035967234680068	10.2095796547231839
0.0035967234680068	10.2196891343779086
0.0036011527039278	10.1834923112872833
0.0036075941341862	10.1574300574647864
0.0036114344469445	10.1636091878535613
0.0036114344469445	10.1636091878535613
0.0036221251192178	10.2092330929437729
0.0036221251192178	10.2193422260367175
0.0036266033523255	10.1812642255543828
0.0036328227311707	10.1574761215583234
0.0036366632678947	10.1648631976103037
0.0036366632678947	10.1648631976103037
0.0036465596186540	10.2102180530260700
0.0036465596186540	10.2203281710790961
0.0036509861702100	10.2052501598740033
0.0036575839328715	10.1576893293742962
0.0036614098891326	10.1637346467270415
0.0036614098891326	10.1637346467270415
0.0036721820793026	10.2092817461921168
0.0036721820793026	10.2193909279383099
0.0036766734364119	10.1809928133942158
0.0036828525934620	10.1575289219648539
0.0036866931725003	10.1650734529602502
0.0036866931725003	10.1650734529602502
0.0036964871159627	10.2103615794856299
0.0036964871159627	10.2204718410651179
0.0037009139040843	10.2057174697671584
0.0037076968027170	10.1576000994262046
0.0037115229843555	10.1642235204173836
0.0037115229843555	10.1642235204173836
0.0037219003975434	10.2096717664401631
0.0037219003975434	10.2197813382066034
0.0037263430720367	10.1827129823769909
0.0037326863691646	10.1575610114219828
0.0037365268053244	10.1642266664803476
0.0037365268053244	10.1642266664803476
0.0037468944543590	10.2097887064568891
0.0037468944543590	10.2198983951633480
0.0037513363331798	10.1829113711583137
0.0037576889623510	10.1577678240958633
0.0037615294719494	10.1644461741952821
0.0037615294719494	10.1644461741952821
0.0037718877289022	10.2100009938960969
0.0037718877289022	10.2201108948899950
0.0037763289063428	10.1831518654966313
0.0037826851110419	10.1579670291740776
0.0037865256823806	10.1646238668171112
0.0037865256823806	10.1646238668171112
0.0037968969823583	10.2101775786767686
0.0037968969823583	10.2202876562554472
0.0038013395384278	10.1832819169003042
0.0038076904760141	10.1581775201596418
0.0038115311255831	10.1648800218174511
0.0038115311255831	10.1648800218174511
0.0038218832645316	10.2104726069357721
0.0038218832645316	10.2205829795427068
0.0038263243048679	10.1836581812732767
0.0038326849780216	10.1584892152944271
0.0038365257259588	10.1651609422693081
0.0038365257259588	10.1651609422693081
0.0038468964392126	10.2107516482642868
0.0038468964392126	10.2208622999125538
0.0038513388898455	10.1838714643307053
0.0038576923059336	10.1587704924091753
0.0038615331526871	10.1654793344215637
0.0038615331526871	10.1654793344215637
0.0038718778345444	10.2110555078998768
0.0038718778345444	10.2211664634077763
0.0038763183406368	10.1842571148751535
0.0038826816879338	10.1590469056803627
0.0038865226155284	10.1656980398354886
0.0038865226155284	10.1656980398354886
0.0038969037550138	10.2112781462653981
0.0038969037550138	10.2213893244116640
0.0039013470338869	10.1843553536872040
0.0039076962145337	10.1592851211240909
0.0039115372333968	10.1660116650753043
0.0039115372333968	10.1660116650753043
0.0039218673663151	10.2115708859445604
0.0039218673663151	10.2216823568305077
0.0039263068527725	10.1848128777731208
0.0039326755902273	10.1595348544212722
0.0039365166720832	10.1661509564877139
0.0039365166720832	10.1661509564877139
0.0039469181537785	10.2117247161060583
0.0039469181537785	10.2218363408221631
0.0039513631045149	10.1847273873134689
0.0039577041726679	10.1597293600046612
0.0039615453442801	10.1664954140567101
0.0039615453442801	10.1664954140567101
0.0039718469906974	10.2120347330957166
0.0039718469906974	10.2221466678288131
0.0039762845958653	10.1853637523539238
0.0039826639891023	10.1599647374902045
0.0039865052012095	10.1665170539187670
0.0039865052012095	10.1665170539187670
0.0039969463417702	10.2120902650435319
0.0039969463417702	10.2222022553085736
0.0040013947979196	10.1849546533093473
0.0040077200348369	10.1601091016752800
0.0040115613452848	10.1669568145120017
0.0040115613452848	10.1669568145120017
0.0040218072203547	10.2124675364695925
0.0040218072203547	10.2225799040060608
0.0040262415968729	10.1859731561303199
0.0040326416821300	10.1603494367561691
0.0040364829999955	10.1667816456880988
0.0040364829999955	10.1667816456880988
0.0040470013463918	10.2123616909366763
0.0040470013463918	10.2224739526276149
0.0040514576205215	10.1849611882565192
0.0040577514503734	10.1604268348674704
0.0040615928935687	10.1674387767670495
0.0040615928935687	10.1674387767670495
0.0040717293949298	10.2128978145226679
0.0040717293949298	10.2230106123371929
0.0040761591246186	10.1867527840024277
0.0040825986885593	10.1607061027259515
0.0040864400843349	10.1669090417157761
0.0040864400843349	10.1669090417157761
0.0040971084329110	10.2125003733310553
0.0040971084329110	10.2226127737043910
0.0041015839560193	10.1845811432072946
0.0041078139215912	10.1606808787837295
0.0041116555052245	10.1680215880455425
0.0041116555052245	10.1680215880455425
0.0041215763247930	10.2133643982863749
0.0041215763247930	10.2234776626846617
0.0041260028774828	10.2082998423075626
0.0041325609325350	10.1608092144272320
0.0041363878485499	10.1667152266348157
0.0041363878485499	10.1667152266348157
0.0041472350698241	10.2121808780188985
0.0041472350698241	10.2222929588969187
0.0041517402576106	10.1835774208839389
0.0041578829087186	10.1603972246127725
0.0041617244542079	10.1680855544105562
0.0041617244542079	10.1680855544105562
0.0041714099192141	10.2132320808001964
0.0041714099192141	10.2233452128809947
0.0041758370564334	10.2088954186557821
0.0041828097005212	10.1601858095603923
0.0041866369867591	10.1673907273332258
0.0041866369867591	10.1673907273332258
0.0041966192617674	10.2126244855277797
0.0041966192617674	10.2227370100133079
0.0042010460756355	10.1869083371112126
0.0042075313844979	10.1602056938190515
0.0042113725473742	10.1660370988271485
0.0042113725473742	10.1660370988271485
0.0042222850658246	10.2116144507089270
0.0042222850658246	10.2217259651596386
0.0042268045187521	10.1828036756929308
0.0042329183009822	10.1599860714702359
0.0042367597472993	10.1678639949632235
0.0042367597472993	10.1678639949632235
0.0042463256386989	10.2129271050848622
0.0042463256386989	10.2230399321899483
0.0042507530419856	10.2089737932382558
0.0042579357873358	10.1597224061673366
0.0042617632141178	10.1675960255488764
0.0042617632141178	10.1675960255488764
0.0042713161042971	10.2125563169712805
0.0042713161042971	10.2226687732882535
0.0042757436465113	10.2086025139349914
0.0042829443468982	10.1592539111645692
0.0042867716447259	10.1671754101768386
0.0042867716447259	10.1671754101768386
0.0042962963594244	10.2121230193598631
0.0042962963594244	10.2222350423792214
0.0043007239522562	10.2082641745243503
0.0043079742833874	10.1588019479532381
0.0043118015028533	10.1668841832670935
0.0043118015028533	10.1668841832670935
0.0043212258742631	10.2117553320392531
0.0043212258742631	10.2218669873712908
0.0043256536894708	10.2082192693331351
0.0043330812014030	10.1583365303238029
0.0043369085141123	10.1669863439976265
0.0043369085141123	10.1669863439976265
0.0043459756172441	10.2115040885359250
0.0043459756172441	10.2216154926244567
0.0043504042833068	10.2090994725317223
0.0043584673891476	10.1679342064368647
0.0043584673891476	10.1578661722304258
0.0043622954912953	10.1685602789365674
0.0043700981335282	10.2212368963842639
0.0043745441878688	10.2126865435883261
0.0043745441878688	10.2126865435883261
0.0043849049350556	10.1691758699710828
0.0043849049350556	10.1591065941011092
0.0043887489753230	10.1977896180550172
0.0043931781559090	10.2180655887135963
0.0043976515849244	10.2180781055260610
0.0043976515849244	10.2180781055260610
0.0044024199930424	10.1766081255030070
0.0044081904038372	10.1568920901762283
0.0044120311024321	10.1662644589968831
0.0044120311024321	10.1662644589968831
0.0044206946377899	10.2104614964435445
0.0044206946377899	10.2205718579399889
0.0044251240806303	10.2094227038014242
0.0044339256624306	10.1671970700699354
0.0044339256624306	10.1571297729998662
0.0044377545244888	10.1702519539946543
0.0044441814907039	10.2195113369516104
0.0044486290783566	10.2151260618070694
0.0044486290783566	10.2151260618070694
0.0044555716242180	10.1619223569688337
0.0044593773038745	10.1572553495730062
0.0044593773038745	10.1572553495730062
0.0044632118921942	10.1727995137279201
0.0044683928654688	10.2177674306747051
0.0044728417334301	10.2169522070455212
0.0044728417334301	10.2169522070455212
0.0044777596945198	10.1742542376828897
0.0044833396170075	10.1562539157212743
0.0044871802450043	10.1663980096506155
0.0044871802450043	10.1663980096506155
0.0044953616902240	10.2198958997239053
0.0044998071600083	10.2102299354147217
0.0044998071600083	10.2102299354147217
0.0045094765915365	10.1672066452778154
0.0045094765915365	10.1571393386325362
0.0045133066215649	10.1731641753669688
0.0045182559324507	10.2171885460181482
0.0045227050289783	10.2169956518656466
0.0045227050289783	10.2169956518656466
0.0045275091742692	10.1752450993125709
0.0045332348679971	10.1559916597330666
0.0045370753124864	10.1655842496138415
0.0045370753124864	10.1655842496138415
0.0045455952239700	10.2095401540836299
0.0045455952239700	10.2196495942377155
0.0045500250613817	10.2089367824055728
0.0045590828661512	10.1663722374991448
0.0045590828661512	10.1563057652616457
0.0045629118007325	10.1702643602613634
0.0045688970952860	10.2181455890150907
0.0045733451195735	10.2150626912539408
0.0045733451195735	10.2150626912539408
0.0045790595355269	10.1675200598497550
0.0045838270271116	10.1558854601319890
0.0045838270271116	10.1558854601319890
0.0045876605989987	10.1685619163531999
0.0045943542544602	10.2186769831819610
0.0045988014734641	10.2135612311394492
0.0045988014734641	10.2135612311394492
0.0046111823553343	10.1711010841251603
0.0046111823553343	10.1610298830410350
0.0046227752032499	10.2061586613005613
0.0046227752032499	10.2162647199618632
0.0046275413822769	10.1744742148145271
0.0046332382171204	10.1553687056831823
0.0046370784434598	10.1649641174832688
0.0046370784434598	10.1649641174832688
0.0046455884421469	10.2088763599294587
0.0046455884421469	10.2189851362893886
0.0046500183323613	10.2082904424163772
0.0046590909617006	10.1656943764225414
0.0046590909617006	10.1556285820461198
0.0046629196947947	10.1696338303504685
0.0046688833456482	10.2174518007577664
0.0046733313808451	10.2144403663302477
0.0046733313808451	10.2144403663302477
0.0046790196593789	10.1670687460755698
0.0046838144927309	10.1552754583173837
0.0046838144927309	10.1552754583173837
0.0046876478602648	10.1679077975563565
0.0046943789355879	10.2181689724315383
0.0046988260744586	10.2129711096893914
0.0046988260744586	10.2129711096893914
0.0047111440627537	10.1705018986040674
0.0047111440627537	10.1604312967054629
0.0047228747548294	10.2054888017835701
0.0047228747548294	10.2155941905853531
0.0047277229091027	10.1731325252953155
0.0047333151597789	10.1549443331450693
0.0047371553203423	10.1649490362441082
0.0047371553203423	10.1649490362441082
0.0047454171842438	10.2185734138848989
0.0047498625628524	10.2086554060217889
0.0047498625628524	10.2086554060217889
0.0047593828927314	10.1657599887676309
0.0047593828927314	10.1556941287788653
0.0047632122564372	10.1712312534688039
0.0047683994212037	10.2162227744094452
0.0047728482791573	10.2153959011469233
0.0047728482791573	10.2153959011469233
0.0047777726108249	10.1726758548972889
0.0047833461538977	10.1547624359928221
0.0047833461538977	10.1547624359928221
0.0047871789086199	10.1649104452658232
0.0047871789086199	10.1649104452658232
0.0047953652231748	10.2184432970614036
0.0047998106569551	10.2087818682594325
0.0047998106569551	10.2087818682594325
0.0048094717030872	10.1658088956083308
0.0048094717030872	10.1557429867127240
0.0048133012672055	10.1717498125167918
0.0048182639500516	10.2158431699362620
0.0048227130178114	10.2156320058423287
0.0048227130178114	10.2156320058423287
0.0048275232156795	10.1738534384123049
0.0048332421107119	10.1546923598938168
0.0048370821375669	10.1643306196172425
0.0048370821375669	10.1643306196172425
0.0048455804912290	10.2082786070824554
0.0048455804912290	10.2183867856895390
0.0048500103470507	10.2077582391148223
0.0048591075166953	10.1651837432656489
0.0048591075166953	10.1551184595223845
0.0048629361168881	10.1692142077749352
0.0048688547097268	10.2168880036888492
0.0048733027811256	10.2140134465394681
0.0048733027811256	10.2140134465394681
0.0048789126675893	10.1670463442596528
0.0048837785398142	10.1547259899255611
0.0048837785398142	10.1547259899255611
0.0048876116909872	10.1671534287962881
0.0048944494060597	10.2176841191688244
0.0048988964441027	10.2121543334253193
0.0048988964441027	10.2121543334253193
0.0049110188810028	10.1694595549011115
0.0049110188810028	10.1593899953462081
0.0049232023340088	10.2040995854522443
0.0049232023340088	10.2142035850376924
0.0049284534545587	10.1690322090015091
0.0049336040533605	10.1544667198443879
0.0049336040533605	10.1544667198443879
0.0049374369431688	10.1659601695149640
0.0049448000899036	10.2177959677318277
0.0049492465414274	10.2106688896789422
0.0049492465414274	10.2106688896789422
0.0049604154623468	10.1673360561386641
0.0049604154623468	10.1572686200825277
0.0049644351801412	10.1991740998968261
0.0049688658424265	10.2163667004162360
0.0049733408170336	10.2132654323873382
0.0049733408170336	10.2132654323873382
0.0049790546295498	10.1656961901397995
0.0049838163261986	10.1540592922206283
0.0049838163261986	10.1540592922206283
0.0049876492934738	10.1667153558106307
0.0049943764016827	10.2169954750590879
0.0049988235135687	10.2118335864144321
0.0049988235135687	10.2118335864144321
0.0050111508531400	10.1694348858091246
0.0050111508531400	10.1593653509233146
0.0050228581364450	10.2044684880292280
0.0050228581364450	10.2145728565172575
0.0050276916376438	10.1722479925890532
0.0050333031801356	10.1539199520878558
0.0050371429948665	10.1638671542924310
0.0050371429948665	10.1638671542924310
0.0050454449357625	10.2175784108770600
0.0050498902448850	10.2075495931358748
0.0050498902448850	10.2075495931358748
0.0050593380089820	10.1647483696760990
0.0050593380089820	10.1546835213064206
0.0050631669483395	10.1699888550645383
0.0050684705800847	10.2154417984350392
0.0050729193113508	10.2143045737147542
0.0050729193113508	10.2143045737147542
0.0050779155441401	10.1710657889667377
0.0050834051404903	10.1538785658107820
0.0050834051404903	10.1538785658107820
0.0050872376638142	10.1643424752349318
0.0050952212933239	10.2175422556657622
0.0050996669637675	10.2085419036840772
0.0050996669637675	10.2085419036840772
0.0051097106581947	10.1653581317844743
0.0051097106581947	10.1552926736526903
0.0051135407216872	10.1929326053408253
0.0051179693666269	10.2141927368721070
0.0051224423223484	10.2152086250359044
0.0051224423223484	10.2152086250359044
0.0051270924487244	10.1750604749719908
0.0051330496926122	10.1537489311155316
0.0051368892340117	10.1623946799492852
0.0051368892340117	10.1623946799492852
0.0051460231691934	10.2072622866064044
0.0051460231691934	10.2173694488930114
0.0051504513203764	10.2047900261305848
0.0051584075955845	10.1640649776597041
0.0051584075955845	10.1540008126820442
0.0051622342970511	10.1644008649436639
0.0051702308102927	10.2175217220297530
0.0051746765595760	10.2084246029728405
0.0051746765595760	10.2084246029728405
0.0051846966695827	10.1651246257098453
0.0051846966695827	10.1550594010841362
0.0051885264981577	10.1925969206341875
0.0051929551210509	10.2138909192109359
0.0051974280610343	10.2149417498471493
0.0051974280610343	10.2149417498471493
0.0052020716330173	10.1748443330596370
0.0052080363957488	10.1534092760384311
0.0052118758111592	10.1619865050365306
0.0052118758111592	10.1619865050365306
0.0052210547414948	10.2069113337393542
0.0052210547414948	10.2170181450730926
0.0052254827697432	10.2043017834074021
0.0052333586198913	10.1536823067055710
0.0052371850366290	10.1638248865106338
0.0052371850366290	10.1638248865106338
0.0052453541588085	10.2172403411230857
0.0052497996876751	10.2075897934284843
0.0052497996876751	10.2075897934284843
0.0052594827192749	10.1645450366963725
0.0052594827192749	10.1544803916596749
0.0052633118991179	10.1705504542560838
0.0052682482073251	10.2145457828166251
0.0052726972859096	10.2144202585747443
0.0052726972859096	10.2144202585747443
0.0052774959740368	10.1727652415191834
0.0052832313466892	10.1534860184024964
0.0052870709692745	10.1630743500980216
0.0052870709692745	10.1630743500980216
0.0052956061948296	10.2071034374736573
0.0052956061948296	10.2172104409111331
0.0053000359194794	10.2064834547703214
0.0053090667474160	10.1640221246693461
0.0053090667474160	10.1539580025446767
0.0053128948816625	10.1678445494670981
0.0053189272994392	10.2159107676820273
0.0053233752410791	10.2127219246084966
0.0053233752410791	10.2127219246084966
0.0053291735856414	10.1648035110274861
0.0053338685339856	10.1537360936849801
0.0053338685339856	10.1537360936849801
0.0053377014461093	10.1666436316757114
0.0053442766687360	10.2164502607410324
0.0053487239826563	10.2117140461400506
0.0053487239826563	10.2117140461400506
0.0053613183917789	10.1695982648868153
0.0053613183917789	10.1595285666219279
0.0053724282661947	10.2049052056600313
0.0053724282661947	10.2150100108656883
0.0053769987453546	10.1753146238567211
0.0053829986575205	10.1535037798454582
0.0053868380491427	10.1618432306955651
0.0053868380491427	10.1618432306955651
0.0053961435195635	10.2068096510680526
0.0053961435195635	10.2169163607191198
0.0054005713392687	10.2037579572910921
0.0054082155857813	10.1535699581866297
0.0054120416474948	10.1629571047562077
0.0054120416474948	10.1629571047562077
0.0054206732836183	10.2070098952528205
0.0054206732836183	10.2171168051480699
0.0054251028996023	10.2060281705556513
0.0054339495680972	10.1637129438922482
0.0054339495680972	10.1536491309483576
0.0054377773546388	10.1669173558957606
0.0054441399129044	10.2160300286984320
0.0054485875122206	10.2118800486331160
0.0054485875122206	10.2118800486331160
0.0054552706724081	10.1598869953605675
0.0054591947584072	10.1538281212458887
0.0054591947584072	10.1538281212458887
0.0054630279718041	10.1684545273796729
0.0054686907768779	10.2153041039611487
0.0054731390716708	10.2132142463452809
0.0054731390716708	10.2132142463452809
0.0054784278973367	10.1681147275252872
0.0054836094601639	10.1534795552704917
0.0054836094601639	10.1534795552704917
0.0054874420513297	10.1650228718114857
0.0054947899570499	10.2168686209682065
0.0054992363824289	10.2098188709714393
0.0054992363824289	10.2098188709714393
0.0055104365875663	10.1665612550053517
0.0055104365875663	10.1564945937503435
0.0055144703351054	10.1985616756593664
0.0055189010602199	10.2156041166364719
0.0055233761122344	10.2123526506112849
0.0055233761122344	10.2123526506112849
0.0055291877224447	10.1643022982341176
0.0055338618350244	10.1533056649925353
0.0055338618350244	10.1533056649925353
0.0055376945989836	10.1662062265695781
0.0055442896877259	10.2161209513399491
0.0055487369337831	10.2113612322906366
0.0055487369337831	10.2113612322906366
0.0055613016742919	10.1692798595400173
0.0055613016742919	10.1592104796804765
0.0055724710299169	10.2045787716834599
0.0055724710299169	10.2146832504551455
0.0055770595617974	10.1747582329281396
0.0055830268600260	10.1532594518059316
0.0055868661981688	10.1617493972961590
0.0055868661981688	10.1617493972961590
0.0055960774280645	10.2066228873471232
0.0055960774280645	10.2167294102344695
0.0056005054725495	10.2038706495026812
0.0056083176619690	10.1533290413784840
0.0056121438754364	10.1632570563477991
0.0056121438754364	10.1632570563477991
0.0056204448907305	10.2169054018873346
0.0056248902555290	10.2068495366688570
0.0056248902555290	10.2068495366688570
0.0056343328361831	10.1640157603887111
0.0056343328361831	10.1539516446283198
0.0056381615293148	10.1692336891588635
0.0056434792474598	10.2147484410311673
0.0056479279555535	10.2135813813542438
0.0056479279555535	10.2135813813542438
0.0056529336801867	10.1702882555213723
0.0056584131785147	10.1532017592599129
0.0056584131785147	10.1532017592599129
0.0056622454894352	10.1637118891080913
0.0056702046328324	10.2168762021590265
0.0056746503195432	10.2079603107102432
0.0056746503195432	10.2079603107102432
0.0056847388390205	10.1647764159465073
0.0056847388390205	10.1547115395305596
0.0056885693020389	10.1925040846205430
0.0056929980152460	10.2136413111998792
0.0056974710282030	10.2145339237213548
0.0056974710282030	10.2145339237213548
0.0057021349519516	10.1742318944641994
0.0057080692241742	10.1531454152114780
0.0057119085863754	10.1618979674443963
0.0057119085863754	10.1618979674443963
0.0057209783609706	10.2067043078225570
0.0057209783609706	10.2168109121303807
0.0057254066543951	10.2044410098072724
0.0057334779256135	10.1635091582625954
0.0057334779256135	10.1534455491043314
0.0057373046030651	10.1642205703435096
0.0057450803945457	10.2169181493611418
0.0057495263946264	10.2085091911264971
0.0057495263946264	10.2085091911264971
0.0057599482983980	10.1650824394333181
0.0057599482983980	10.1550172569938848
0.0057637966569044	10.1939293364883099
0.0057682259416740	10.2140019131148083
0.0057726994655889	10.2138168154536508
0.0057726994655889	10.2138168154536508
0.0057775020058765	10.1720747512555079
0.0057832248135232	10.1528174541058984
0.0057870642101866	10.1623950670545362
0.0057870642101866	10.1623950670545362
0.0057956216474291	10.2065156586622230
0.0057956216474291	10.2166220743208846
0.0058000512455165	10.2058576615777419
0.0058090456817028	10.1634932686075139
0.0058090456817028	10.1534296753389093
0.0058128735962383	10.1672078002223802
0.0058189652006364	10.2154736953583090
0.0058234130747710	10.2121198511231910
0.0058234130747710	10.2121198511231910
0.0058293087378635	10.1636960124847633
0.0058339136855588	10.1532356042248892
0.0058339136855588	10.1532356042248892
0.0058377464680932	10.1663553285155537
0.0058441919368350	10.2157374350022021
0.0058486394262658	10.2113579438543702
0.0058486394262658	10.2113579438543702
0.0058558221579050	10.1573995121612928
0.0058596265915081	10.1540984823232705
0.0058596265915081	10.1540984823232705
0.0058634605670759	10.1710101683395600
0.0058680285364484	10.2134931198105381
0.0058724778754414	10.2144100368808139
0.0058724778754414	10.2144100368808139
0.0058771437018183	10.1741479900998009
0.0058830821196501	10.1531293705264698
0.0058869214899601	10.1619323580248633
0.0058869214899601	10.1619323580248633
0.0058959484683726	10.2066463169439317
0.0058959484683726	10.2167528632608757
0.0059003769163070	10.2044970900267877
0.0059085219644689	10.1634003304884803
0.0059085219644689	10.1533368301579934
0.0059123487062123	10.1643452436459079
0.0059199872859423	10.2167582912755996
0.0059244334460227	10.2087721294986178
0.0059244334460227	10.2087721294986178
0.0059350944399131	10.1653597845279720
0.0059350944399131	10.1552943247434460
0.0059389724784927	10.1950836327313699
0.0059434021561432	10.2143909993247863
0.0059478760574196	10.2134312298759742
0.0059478760574196	10.2134312298759742
0.0059528307666114	10.1704816283050352
0.0059583652542506	10.1528889024801732
0.0059583652542506	10.1528889024801732
0.0059621974189823	10.1631699599310465
0.0059703092121574	10.2166735919892755
0.0059747546672680	10.2073155659095960
0.0059747546672680	10.2073155659095960
0.0059845694878747	10.1643306090846313
0.0059845694878747	10.1542661784755452
0.0059883987715824	10.1707989140819546
0.0059931219955448	10.2139050692284830
0.0059975712532951	10.2143593244078001
0.0059975712532951	10.2143593244078001
0.0060022874802033	10.1735053793448653
0.0060081415263195	10.1531845239248373
0.0060119809669101	10.1623005115949852
0.0060119809669101	10.1623005115949852
0.0060208110700546	10.2067613453334634
0.0060208110700546	10.2168680066787996
0.0060252400223881	10.2052267607622049
0.0060337387830078	10.1635204215551216
0.0060337387830078	10.1534568011335651
0.0060375660422183	10.1656111150733093
0.0060445440169196	10.2164600601459892
0.0060489909421582	10.2104799540997799
0.0060489909421582	10.2104799540997799
0.0060608495690380	10.1675213159535573
0.0060608495690380	10.1574536946376028
0.0060654661934085	10.2038234439872024
0.0060698984953980	10.2163482231482963
0.0060743759126806	10.2085330122443150
0.0060743759126806	10.2085330122443150
0.0060851670392993	10.1650185050327480
0.0060851670392993	10.1549533865277155
0.0060890663073992	10.1952212271073588
0.0060934961730509	10.2141467980703098
0.0060979702659972	10.2128014538719363
0.0060979702659972	10.2128014538719363
0.0061030280005717	10.1691627496924610
0.0061084496845347	10.1525776042179512
0.0061084496845347	10.1525776042179512
0.0061122818319891	10.1633064635277162
0.0061201265767145	10.2163014958249629
0.0061245723496685	10.2077719703694267
0.0061245723496685	10.2077719703694267
0.0061348843824497	10.1645262812134973
0.0061348843824497	10.1544616549322857
0.0061387243756366	10.1930182754450041
0.0061431534840669	10.2134240108054843
0.0061476268460196	10.2135770535583319
0.0061476268460196	10.2135770535583319
0.0061523792164645	10.1723108248193626
0.0061581727356579	10.1524429232993949
0.0061620119615413	10.1617471012878031
0.0061620119615413	10.1617471012878031
0.0061707404006980	10.2061262288811658
0.0061707404006980	10.2162322551100466
0.0061751695442170	10.2049398750245821
0.0061838550419381	10.1630002592323390
0.0061838550419381	10.1529371589731063
0.0061876823836114	10.1657094344983800
0.0061943182394195	10.2156356735773510
0.0061987655347933	10.2106863235303287
0.0061987655347933	10.2106863235303287
0.0062112504795709	10.1683427994610938
0.0062112504795709	10.1582743566616305
0.0062226025835931	10.2035158165421951
0.0062226025835931	10.2136192323587416
0.0062272565895739	10.1729215625167768
0.0062331123917708	10.1524091442214353
0.0062369515297066	10.1613560547110371
0.0062369515297066	10.1613560547110371
0.0062458791958518	10.2059151884151884
0.0062458791958518	10.2160210036036059
0.0062503079259101	10.2040628405753360
0.0062586280864991	10.1626410994279972
0.0062586280864991	10.1525783583285687
0.0062624548180600	10.1641522053754656
0.0062697677712664	10.2158454097424123
0.0062742142978859	10.2088635037726227
0.0062742142978859	10.2088635037726227
0.0062854602993470	10.1656020877514788
0.0062854602993470	10.1555363856637264
0.0062895107585980	10.1978085801355576
0.0062939415437553	10.2147002915706455
0.0062984166749461	10.2112983409670797
0.0062984166749461	10.2112983409670797
0.0063043535575164	10.1626771862271781
0.0063089204999431	10.1524782605123356
0.0063089204999431	10.1524782605123356
0.0063127530508170	10.1656932765233829
0.0063191796566183	10.2151211550124614
0.0063236270731412	10.2108701853512063
0.0063236270731412	10.2108701853512063
0.0063306135937515	10.1577534853299323
0.0063344180025691	10.1533588402711921
0.0063344180025691	10.1533588402711921
0.0063382513928819	10.1691693548267086
0.0063433322299669	10.2138203537259926
0.0063477811147230	10.2133648545411031
0.0063477811147230	10.2133648545411031
0.0063526456082367	10.1712043721726069
0.0063583005334137	10.1527130459383645
0.0063621399717804	10.1626711931463767
0.0063621399717804	10.1626711931463767
0.0063704522395881	10.2164608247814055
0.0063748974772513	10.2064366467634535
0.0063748974772513	10.2064366467634535
0.0063843300884248	10.1637163449340857
0.0063843300884248	10.1536525285891504
0.0063881586726768	10.1689217861474539
0.0063934837892090	10.2144681733398670
0.0063979324860365	10.2132844538083276
0.0063979324860365	10.2132844538083276
0.0064029432333172	10.1699611876193128
0.0064084173274358	10.1529264867094451
0.0064084173274358	10.1529264867094451
0.0064122495528175	10.1634600540685032
0.0064201959623019	10.2166044012804580
0.0064246416590140	10.2077313994971455
0.0064246416590140	10.2077313994971455
0.0064347534645143	10.1645457061852724
0.0064347534645143	10.1544810604790854
0.0064385843095109	10.1923528622484092
0.0064430130588303	10.2134247399583273
0.0064474861024192	10.2142516577708111
0.0064474861024192	10.2142516577708111
0.0064521575611491	10.1738666244365596
0.0064580795126919	10.1528984646811313
0.0064619188037115	10.1617068707855189
0.0064619188037115	10.1617068707855189
0.0064709547278175	10.2064781850343085
0.0064709547278175	10.2165845632193442
0.0064753830989719	10.2043241632257988
0.0064835151100067	10.1632851810676943
0.0064835151100067	10.1532217958866244
0.0064873417972311	10.1641946858541026
0.0064950018432206	10.2166554355448937
0.0064994479756972	10.2086050392029328
0.0064994479756972	10.2086050392029328
0.0065100804949101	10.1651559134275935
0.0065100804949101	10.1550906575141653
0.0065139548861636	10.1947682959588484
0.0065183845384791	10.2141245300451828
0.0065228584145338	10.2132147441857395
0.0065228584145338	10.2132147441857395
0.0065277957626472	10.1703643412513980
0.0065333468527813	10.1525813912689351
0.0065333468527813	10.1525813912689351
0.0065371788969593	10.1627669011418540
0.0065453499217203	10.2163831718051057
0.0065497952987235	10.2068456396353273
0.0065497952987235	10.2068456396353273
0.0065595023281671	10.1639425542893473
0.0065595023281671	10.1538785117350603
0.0065633313454534	10.1700579842699419
0.0065682194804202	10.2138633354627153
0.0065726685922040	10.2138789369398690
0.0065726685922040	10.2138789369398690
0.0065774469282353	10.1724237056666293
0.0065832112082492	10.1529096882282683
0.0065870506240138	10.1623950252905750
0.0065870506240138	10.1623950252905750
0.0065956524193559	10.2065368501066924
0.0065956524193559	10.2166432869567974
0.0066000819537289	10.2057170831914465
0.0066089926052308	10.1634229154862581
0.0066089926052308	10.1533593925707706
0.0066128203846557	10.1668569997640077
0.0066190610853718	10.2155980383778626
0.0066235088066644	10.2118097442195133
0.0066235088066644	10.2118097442195133
0.0066297795918175	10.1616441831844231
0.0066340609859917	10.1533936099633273
0.0066340609859917	10.1533936099633273
0.0066378939567048	10.1673176724517731
0.0066439228465507	10.2154323037743247
0.0066483707333282	10.2122994621615550
0.0066483707333282	10.2122994621615550
0.0066541565657282	10.1644929561913564
0.0066588679013091	10.1533618234088987
0.0066588679013091	10.1533618234088987
0.0066627006949797	10.1662683312633604
0.0066692782032886	10.2160871752590605
0.0066737255082487	10.2113493135137645
0.0066737255082487	10.2113493135137645
0.0066863160563345	10.1692428714931697
0.0066863160563345	10.1591735286216807
0.0066974344929192	10.2045572214895053
0.0066974344929192	10.2146616787109945
0.0067020075045211	10.1749384402009273
0.0067080029532794	10.1531778225153779
0.0067118422423568	10.1615418505252784
0.0067118422423568	10.1615418505252784
0.0067211338194555	10.2065012297505859
0.0067211338194555	10.2166076309803380
0.0067255616628277	10.2034973242953360
0.0067332306677466	10.1532633223754178
0.0067370566636911	10.1627319200942310
0.0067370566636911	10.1627319200942310
0.0067456395525462	10.2067194612562897
0.0067456395525462	10.2168260807175475
0.0067500692844508	10.2058935666758650
0.0067590040314714	10.1634712873755948
0.0067590040314714	10.1534077160882177
0.0067628318569029	10.1669654701373293
0.0067690402773830	10.2156044558110679
0.0067734880327108	10.2119099455034874
0.0067734880327108	10.2119099455034874
0.0067796705137535	10.1621490945515340
0.0067840278333697	10.1533995539237019
0.0067840278333697	10.1533995539237019
0.0067878607775322	10.1671488145676641
0.0067939821269565	10.2155657930220940
0.0067984299192483	10.2121649421104745
0.0067984299192483	10.2121649421104745
0.0068043974765162	10.1634611166229263
0.0068089468347352	10.1534590848682846
0.0068089468347352	10.1534590848682846
0.0068127797311396	10.1667811850349281
0.0068191299657072	10.2159194752713596
0.0068235775185423	10.2118500016126568
0.0068235775185423	10.2118500016126568
0.0068301994296522	10.1601726734167741
0.0068341804169448	10.1538068893578668
0.0068341804169448	10.1538068893578668
0.0068380136170734	10.1683580697950458
0.0068437150703060	10.2153458778716999
0.0068481633215568	10.2131467629729222
0.0068481633215568	10.2131467629729222
0.0068534928550278	10.1678058223191226
0.0068586336974974	10.1534875366920740
0.0068586336974974	10.1534875366920740
0.0068624663142037	10.1651585805467182
0.0068697402678158	10.2168276149948234
0.0068741867805031	10.2100019485706746
0.0068741867805031	10.2100019485706746
0.0068855211619964	10.1667952450751962
0.0068855211619964	10.1567283498301251
0.0068896220252645	10.1994665978679322
0.0068940530348407	10.2158202122447079
0.0068985284441132	10.2118723944269529
0.0068985284441132	10.2118723944269529
0.0069049022434479	10.1611465153117937
0.0069090771277268	10.1534514158500322
0.0069090771277268	10.1534514158500322
0.0069129101183298	10.1674870591122577
0.0069188940780173	10.2154934989288471
0.0069233419738010	10.2125204349203731
0.0069233419738010	10.2125204349203731
0.0069290497342918	10.1651491782168648
0.0069338363181893	10.1535235743547911
0.0069338363181893	10.1535235743547911
0.0069376691391682	10.1662628438849278
0.0069443384595951	10.2163435817160817
0.0069487856654477	10.2113316244098975
0.0069487856654477	10.2113316244098975
0.0069612115702046	10.1690125895997934
0.0069612115702046	10.1589434770101921
0.0069727017962988	10.2041865033727941
0.0069727017962988	10.2142905898761676
0.0069774160590786	10.1730102221553196
0.0069831861265244	10.1533091543768830
0.0069870256308681	10.1626409040077448
0.0069870256308681	10.1626409040077448
0.0069957088988577	10.2068520605018165
0.0069957088988577	10.2169588125623179
0.0070001382809751	10.2057521863311784
0.0070088984230774	10.1636191580007278
0.0070088984230774	10.1535554388427265
0.0070127260646486	10.1665536344528462
0.0070192354507558	10.2161059034426138
0.0070236828929491	10.2115236934058728
0.0070236828929491	10.2115236934058728
0.0070363768019418	10.1695132052488972
0.0070363768019418	10.1594435920436457
0.0070472805126864	10.2049152001650647
0.0070472805126864	10.2150200153652317
0.0070517988133018	10.1761294288196549
0.0070579075471619	10.1533265537731250
0.0070617467975434	10.1611854430148050
0.0070617467975434	10.1611854430148050
0.0070713606423271	10.2064353928704357
0.0070713606423271	10.2165417282633051
0.0070757877102186	10.2024134607011039
0.0070828861653947	10.1535389633963380
0.0070867114644293	10.1611857592938311
0.0070867114644293	10.1611857592938311
0.0070964436562376	10.2064202978571217
0.0070964436562376	10.2165266181549814
0.0071008705726039	10.2019761021079454
0.0071077567643751	10.1536060408230906
0.0071115817895331	10.1605689424834971
0.0071115817895331	10.1605689424834971
0.0071217584378162	10.2060469292594700
0.0071217584378162	10.2161528761887315
0.0071261893953387	10.1798028890178127
0.0071326089106609	10.1539503046290847
0.0071364480940070	10.1602273508600049
0.0071364480940070	10.1602273508600049
0.0071470934402211	10.2059336925697881
0.0071470934402211	10.2160395262623602
0.0071515650586694	10.1781727969775186
0.0071578056768853	10.1542536214168386
0.0071616451432270	10.1615690441104771
0.0071616451432270	10.1615690441104771
0.0071716058251931	10.2070363347164079
0.0071716058251931	10.2171432710511247
0.0071760322140120	10.1815213520791588
0.0071825312045100	10.1549069506022427
0.0071863706334824	10.1607680359403858
0.0071863706334824	10.1607680359403858
0.0071972881067426	10.2064559807489683
0.0071972881067426	10.2165623367297176
0.0072018094917250	10.1777124202187181
0.0072079240436974	10.1550426485705483
0.0072117638829026	10.1629977735052552
0.0072117638829026	10.1629977735052552
0.0072213187047382	10.2082076297601017
0.0072213187047382	10.2183157373898634
0.0072257459172301	10.2043722359941249
0.0072329441762563	10.1552473981178597
0.0072367701728626	10.1632093688946412
0.0072367701728626	10.1632093688946412
0.0072463022141742	10.2082978231241306
0.0072463022141742	10.2184060209472563
0.0072507296042344	10.2044870884112182
0.0072579699771127	10.1551737089647887
0.0072617960033716	10.1632539208509822
0.0072617960033716	10.1632539208509822
0.0072712410215562	10.2082233095458612
0.0072712410215562	10.2183314328554093
0.0072756686684420	10.2046673686561462
0.0072830599362126	10.1549609818542539
0.0072868861009775	10.1635176730876324
0.0072868861009775	10.1635176730876324
0.0072960295484207	10.2081921334719006
0.0072960295484207	10.2183002256053701
0.0073004579204101	10.2055894503235454
0.0073083851658253	10.1647762444059513
0.0073083851658253	10.1547113681615429
0.0073122120561978	10.1649887010074433
0.0073202787362871	10.2182272296419754
0.0073247244167602	10.2089033873104231
0.0073247244167602	10.2089033873104231
0.0073346060326051	10.1656977497713505
0.0073346060326051	10.1556319520215794
0.0073384358457808	10.1723502871583378
0.0073430698043437	10.2150577353434269
0.0073475191512424	10.2157317380728756
0.0073475191512424	10.2157317380728756
0.0073522061825883	10.1751657060011684
0.0073581044382534	10.1544133038038566
0.0073619442459162	10.1633265337853889
0.0073619442459162	10.1633265337853889
0.0073708950258272	10.2079190889238252
0.0073708950258272	10.2180269080127513
0.0073753237073080	10.2059921600583792
0.0073836052332640	10.1646163350029255
0.0073836052332640	10.1545516186679201
0.0073874325553887	10.1659934442420425
0.0073948127161970	10.2178123859134100
0.0073992592009450	10.2105999446533069
0.0073992592009450	10.2105999446533069
0.0074103891207906	10.1672052041018155
0.0074103891207906	10.1571378988977123
0.0074143918730089	10.1988499116572111
0.0074188224496690	10.2162398607949498
0.0074232973226246	10.2133382614037842
0.0074232973226246	10.2133382614037842
0.0074289031608970	10.1663389028543918
0.0074337648624070	10.1539797739310949
0.0074337648624070	10.1539797739310949
0.0074375977568471	10.1663646187491334
0.0074444767970663	10.2170632455146073
0.0074489237361612	10.2114486668140323
0.0074489237361612	10.2114486668140323
0.0074609775241464	10.1687688450763236
0.0074609775241464	10.1586999762312473
0.0074661653313028	10.2079412155538733
0.0074705983640005	10.2172849265125887
0.0074705983640005	10.2172849265125887
0.0074750674314935	10.2063044597381332
0.0074840011144995	10.1638724050924854
0.0074840011144995	10.1538084326873950
0.0074878290758885	10.1673743121881248
0.0074940452246355	10.2160740971904520
0.0074984929413992	10.2123813386876776
0.0074984929413992	10.2123813386876776
0.0075046949766505	10.1625604094619391
0.0075090392381282	10.1539272831022416
0.0075090392381282	10.1539272831022416
0.0075128723673596	10.1677338765687661
0.0075189612675547	10.2160389361541402
0.0075234091011227	10.2127255756712305
0.0075234091011227	10.2127255756712305
0.0075293086493321	10.1643409813973484
0.0075339173433871	10.1539185225174933
0.0075339173433871	10.1539185225174933
0.0075377503624305	10.1670825290721663
0.0075441844794240	10.2164695103721712
0.0075486319496957	10.2121475501493126
0.0075486319496957	10.2121475501493126
0.0075556748433226	10.1587311423460669
0.0075594796043606	10.1546513401518332
0.0075594796043606	10.1546513401518332
0.0075633135189325	10.1707809524390669
0.0075682387442107	10.2147853225909291
0.0075726877878036	10.2147382007257761
0.0075726877878036	10.2147382007257761
0.0075774795608599	10.1731820350423288
0.0075832290487940	10.1538403973521341
0.0075870687883569	10.1634147654383167
0.0075870687883569	10.1634147654383167
0.0075956109661959	10.2074479899518291
0.0075956109661959	10.2175553379417821
0.0076000406825703	10.2068022582556992
0.0076090588599725	10.1643467760470099
0.0076090588599725	10.1542823292709610
0.0076128870830179	10.1681253079145826
0.0076189410719418	10.2162579176555290
0.0076233889970858	10.2130022081496907
0.0076233889970858	10.2130022081496907
0.0076292270609144	10.1648766885609341
0.0076338857332993	10.1540574266002679
0.0076338857332993	10.1540574266002679
0.0076377187651988	10.1670537737844580
0.0076442437899524	10.2167089882239441
0.0076486911641886	10.2121169195022574
0.0076486911641886	10.2121169195022574
0.0076613752123608	10.1701098966860943
0.0076613752123608	10.1600396867894105
0.0076722840855855	10.2054429068678729
0.0076722840855855	10.2155482497747414
0.0076768035745465	10.1766076074647920
0.0076829069140831	10.1538031889368625
0.0076867463182082	10.1616559174197700
0.0076867463182082	10.1616559174197700
0.0076963614840178	10.2068960138304945
0.0076963614840178	10.2170028098443275
0.0077007885650125	10.2028638370167943
0.0077078846848062	10.1539837947867095
0.0077117101252495	10.1616202308141403
0.0077117101252495	10.1616202308141403
0.0077214465931019	10.2068476540540143
0.0077214465931019	10.2169544017080653
0.0077258735147510	10.2023843272545225
0.0077327522395384	10.1540243718964351
0.0077365773903386	10.1609609856102381
0.0077365773903386	10.1609609856102381
0.0077467689398110	10.2064349142078914
0.0077467689398110	10.2165412491221002
0.0077512005106541	10.1801365702716513
0.0077576145442015	10.1543319978205133
0.0077614538576792	10.1606366214843398
0.0077614538576792	10.1606366214843398
0.0077720786990976	10.2063310248760413
0.0077720786990976	10.2164372559009191
0.0077765474841775	10.1786351676563473
0.0077827967665744	10.1546201164590908
0.0077866363446198	10.1618863382930993
0.0077866363446198	10.1618863382930993
0.0077966270376980	10.2073618006040743
0.0077966270376980	10.2174690624046764
0.0078010536061894	10.1817462399333412
0.0078075425296272	10.1552322245322468
0.0078113820754677	10.1611512821139254
0.0078113820754677	10.1611512821139254
0.0078222588697666	10.2068332928407219
0.0078222588697666	10.2169400261335639
0.0078267714881823	10.1782334993665735
0.0078329056472935	10.1553657326882867
0.0078367455750144	10.1632217521672565
0.0078367455750144	10.1632217521672565
0.0078463623154432	10.2084752535176086
0.0078463623154432	10.2185836287711300
0.0078507893910909	10.2044402000517902
0.0078578785453169	10.1555869805140020
0.0078617045013378	10.1632003059769591
0.0078617045013378	10.1632003059769591
0.0078714590453048	10.2084504697092431
0.0078714590453048	10.2185588201789468
0.0078758859261379	10.2039308849953283
0.0078827357111862	10.1556385915212406
0.0078865613472318	10.1624787057623998
0.0078865613472318	10.1624787057623998
0.0078968072153860	10.2079342436194356
0.0078968072153860	10.2180420778630587
0.0079012413632177	10.1814360166887905
0.0079076351017713	10.1558067896748110
0.0079114749169298	10.1622115787887406
0.0079114749169298	10.1622115787887406
0.0079220248945994	10.2078583399834706
0.0079220248945994	10.2179660983234513
0.0079264842442506	10.1803965854662799
0.0079327645134433	10.1560344372668681
0.0079366045246806	10.1631220610931656
0.0079366045246806	10.1631220610931656
0.0079467039152539	10.2086195665587454
0.0079467039152539	10.2187280861253083
0.0079511323416581	10.1826366063844560
0.0079575838139263	10.1564916121277840
0.0079614238098789	10.1626215872087897
0.0079614238098789	10.1626215872087897
0.0079721525748505	10.2082713725021819
0.0079721525748505	10.2183795438746792
0.0079766376359921	10.1801817012732609
0.0079828400661468	10.1566138837249778
0.0079866803413171	10.1641160606613123
0.0079866803413171	10.1641160606613123
0.0079965187017888	10.2095017539299402
0.0079965187017888	10.2196111556838733
0.0080009453014220	10.2047496625048666
0.0080076463888324	10.1569310709096250
0.0080114722429823	10.1633105528331900
0.0080114722429823	10.1633105528331900
0.0080220267185649	10.2088610401433826
0.0080220267185649	10.2189698011835262
0.0080264865056790	10.1813390878970260
0.0080327612139667	10.1569418527949598
0.0080366015169973	10.1640067276656954
0.0080366015169973	10.1640067276656954
0.0080467106527322	10.2094870333792969
0.0080467106527322	10.2195964204126746
0.0080511393636411	10.1834595259487415
0.0080575871812750	10.1573322845334815
0.0080614274557035	10.1634752343842312
0.0080614274557035	10.1634752343842312
0.0080721427658116	10.2091031840264392
0.0080721427658116	10.2192121872104646
0.0080766248372150	10.1810497180079658
0.0080828333176052	10.1573722887952584
0.0080866738301107	10.1648159222682324
0.0080866738301107	10.1648159222682324
0.0080965340580734	10.2101509605063754
0.0080965340580734	10.2202610114668833
0.0081009606883388	10.2052989047235734
0.0081076212154188	10.1575559281283994
0.0081114472157235	10.1637988799770795
0.0081114472157235	10.1637988799770795
0.0081220886850342	10.2093438336611673
0.0081220886850342	10.2194530774948227
0.0081265596056115	10.1815144879902100
0.0081327970842359	10.1574761069660084
0.0081366375949882	10.1647275164285862
0.0081366375949882	10.1647275164285862
0.0081466220693860	10.2101326072777372
0.0081466220693860	10.2202426398850097
0.0081510486865965	10.1844952974006908
0.0081575390236239	10.1579004058970526
0.0081613794406275	10.1637856057455505
0.0081613794406275	10.1637856057455505
0.0081722634602514	10.2093990689431298
0.0081722634602514	10.2195083680120753
0.0081767764695677	10.1807354950885021
0.0081829063846034	10.1578167076710333
0.0081867471101292	10.1656440544068509
0.0081867471101292	10.1656440544068509
0.0081963571935742	10.2107912505613463
0.0081963571935742	10.2209019418119063
0.0082007844200244	10.2067254216448333
0.0082078825478081	10.1577641941566252
0.0082117092237434	10.1653862117004792
0.0082117092237434	10.1653862117004792
0.0082214463280021	10.2105747798619326
0.0082214463280021	10.2206852546417952
0.0082258733234709	10.2060831695596246
0.0082327536204551	10.1576554603617843
0.0082365799547318	10.1645786292517233
0.0082365799547318	10.1645786292517233
0.0082467601331733	10.2099616400353703
0.0082467601331733	10.2200715016754060
0.0082511913332286	10.1836474122294565
0.0082576084213318	10.1577270144927194
0.0082614488413021	10.1639797702559687
0.0082614488413021	10.1639797702559687
0.0082720887390159	10.2095912029516747
0.0082720887390159	10.2197006941546231
0.0082765595740532	10.1817937494133623
0.0082828009821992	10.1577781570513821
0.0082866415977390	10.1650485409733928
0.0082866415977390	10.1650485409733928
0.0082966121340780	10.2104392459072191
0.0082966121340780	10.2205495851531243
0.0083010386808338	10.1848419493622817
0.0083075336169358	10.1581908295773040
0.0083113741242402	10.1640457754415134
0.0083113741242402	10.1640457754415134
0.0083222813179450	10.2096698907795158
0.0083222813179450	10.2197794606702921
0.0083268006571079	10.1809086541175997
0.0083329177736550	10.1581362013842931
0.0083367586190187	10.1660404541002318
0.0083367586190187	10.1660404541002318
0.0083463293985422	10.2111946378919871
0.0083463293985422	10.2213057325298795
0.0083507566760725	10.2072701428824040
0.0083579267141426	10.1581418189485255
0.0083617536130976	10.1659950212735648
0.0083617536130976	10.1659950212735648
0.0083713398806057	10.2110631598561437
0.0083713398806057	10.2211741230160058
0.0083757672392289	10.2070446750364248
0.0083829120120512	10.1579031622770426
0.0083867387937509	10.1656615708062539
0.0083867387937509	10.1656615708062539
0.0083963754513729	10.2107279270895130
0.0083963754513729	10.2208385550166021
0.0084008027373291	10.2065317340235779
0.0084078562805585	10.1576077303383929
0.0084116828391458	10.1650733956811603
0.0084116828391458	10.1650733956811603
0.0084215099868352	10.2102779826972245
0.0084215099868352	10.2203881606799225
0.0084259368254978	10.2054815117772186
0.0084326575150061	10.1574823045789966
0.0084364835704432	10.1638988843063451
0.0084364835704432	10.1638988843063451
0.0084469982019160	10.2093789564854056
0.0084469982019160	10.2194882354418866
0.0084514535778945	10.1819628508282278
0.0084577420910844	10.1573727264287808
0.0084615825162879	10.1643339717486292
0.0084615825162879	10.1643339717486292
0.0084717570069553	10.2098325288780316
0.0084717570069553	10.2199422614069064
0.0084761878850739	10.1835883153535409
0.0084826124282947	10.1576976436719022
0.0084864528453076	10.1639719091776577
0.0084864528453076	10.1639719091776577
0.0084970787559198	10.2095830403568435
0.0084970787559198	10.2196925233971978
0.0085015476728615	10.1818344086383448
0.0085077951426196	10.1577591924141686
0.0085116357465981	10.1649988092319958
0.0085116357465981	10.1649988092319958
0.0085216264108511	10.2104009170134145
0.0085216264108511	10.2205112179304312
0.0085260531359256	10.1847398976689387
0.0085325413500857	10.1581930232356115
0.0085363818692827	10.1641073360691063
0.0085363818692827	10.1641073360691063
0.0085472570051115	10.2097657900127139
0.0085472570051115	10.2198754558027307
0.0085517690933456	10.1811497513987543
0.0085579052000153	10.1582327179082395
0.0085617460667919	10.1660700146594856
0.0085617460667919	10.1660700146594856
0.0085713593845332	10.2112566855626739
0.0085713593845332	10.2213678422482399
0.0085757865642807	10.2071966517012420
0.0085828817087315	10.1582591238863600
0.0085867085421220	10.1658739027441829
0.0085867085421220	10.1658739027441829
0.0085964476442842	10.2110526692777235
0.0085964476442842	10.2211636219469977
0.0086008746519620	10.2065485479344584
0.0086077514743131	10.1581188603526762
0.0086115779544596	10.1650280440064495
0.0086115779544596	10.1650280440064495
0.0086217647164123	10.2104025608916746
0.0086217647164123	10.2205128634525622
0.0086261961925545	10.1840602919109706
0.0086326107695262	10.1581555810958886
0.0086364513320062	10.1644182822385396
0.0086364513320062	10.1644182822385396
0.0086470821752673	10.2100180418744326
0.0086470821752673	10.2201279599163044
0.0086515517604763	10.1822455121203852
0.0086577968958545	10.1581825168089459
0.0086616376399932	10.1654289791721215
0.0086616376399932	10.1654289791721215
0.0086716215125504	10.2108175522209201
0.0086716215125504	10.2209282697731396
0.0086760481488259	10.1851720519185260
0.0086825385392972	10.1585607191329554
0.0086863791722680	10.1644395476584233
0.0086863791722680	10.1644395476584233
0.0086972636250345	10.2100360616710013
0.0086972636250345	10.2201459977326774
0.0087017777393953	10.1813592758232421
0.0087079066059873	10.1584646004388937
0.0087117475484111	10.1663079228907662
0.0087117475484111	10.1663079228907662
0.0087213556803623	10.2114850534985475
0.0087213556803623	10.2215964385520515
0.0087257828803767	10.2074384109087788
0.0087328871399381	10.1584714622712280
0.0087367140550200	10.1661137193891733
0.0087367140550200	10.1661137193891733
0.0087464342771574	10.2112745321170291
0.0087464342771574	10.2213857066491425
0.0087508613355243	10.2068276085797649
0.0087577711642727	10.1583021064875751
0.0087615977498670	10.1653142383027060
0.0087615977498670	10.1653142383027060
0.0087717161334090	10.2106565797655851
0.0087717161334090	10.2207671363453532
0.0087761452451913	10.1845323444659250
0.0087825841769526	10.1583667615383586
0.0087864247846451	10.1644877183644677
0.0087864247846451	10.1644877183644677
0.0087971486686008	10.2100895642142380
0.0087971486686008	10.2201995537784516
0.0088016320993416	10.1819906463310677
0.0088078362654385	10.1583312740339622
0.0088116770944901	10.1657849953337465
0.0088116770944901	10.1657849953337465
0.0088215255263211	10.2110905474366742
0.0088215255263211	10.2212015379841077
0.0088259522167387	10.2062638494027755
0.0088326402184202	10.1584001999575015
0.0088364665281826	10.1647202071912641
0.0088364665281826	10.1647202071912641
0.0088470399218568	10.2101862325182111
0.0088470399218568	10.2202963187507354
0.0088515020469377	10.1825571354224724
0.0088577657630778	10.1581958921618636
0.0088616064793433	10.1652775363239183
0.0088616064793433	10.1652775363239183
0.0088716976249662	10.2107196114270184
0.0088716976249662	10.2208302310384482
0.0088761259091858	10.1847315011492761
0.0088825796624897	10.1585119879566559
0.0088864203166285	10.1646084203175278
0.0088864203166285	10.1646084203175278
0.0088971598299657	10.2102077928377035
0.0088971598299657	10.2203179006305458
0.0089016458154086	10.1820520466198694
0.0089078429080952	10.1584598142761262
0.0089116837853521	10.1659479049061687
0.0089116837853521	10.1659479049061687
0.0089215092430446	10.2112357741118380
0.0089215092430446	10.2213469098859502
0.0089259359904890	10.2064802654319440
0.0089326570980250	10.1585368593300736
0.0089364835016446	10.1649636847719567
0.0089364835016446	10.1649636847719567
0.0089469975337918	10.2104680812068125
0.0089469975337918	10.2205784492880181
0.0089514527783572	10.1830597535129730
0.0089577435982432	10.1584621643494941
0.0089615843828889	10.1654251994349742
0.0089615843828889	10.1654251994349742
0.0089717516815237	10.2108950497422164
0.0089717516815237	10.2210058447919554
0.0089761823141193	10.1846583321384703
0.0089826091352602	10.1587186980174664
0.0089864498838007	10.1649696952474020
0.0089864498838007	10.1649696952474020
0.0089970854153638	10.2105564350093978
0.0089970854153638	10.2206668914444059
0.0090015556418471	10.1827597197263380
0.0090077985481937	10.1587063575841885
0.0090116394653338	10.1659585390311911
0.0090116394653338	10.1659585390311911
0.0090216167159977	10.2113312683879709
0.0090216167159977	10.2214424996563604
0.0090260433714404	10.1856991526905727
0.0090325358630518	10.1590845209460099
0.0090363766694599	10.1649647108185253
0.0090363766694599	10.1649647108185253
0.0090472694681940	10.2105994064384795
0.0090472694681940	10.2207099058449220
0.0090517852433921	10.1819059020000697
0.0090579123824104	10.1590550023471327
0.0090617535248996	10.1669255548858768
0.0090617535248996	10.1669255548858768
0.0090713410295235	10.2120730773398218
0.0090713410295235	10.2221850504171616
0.0090757682978761	10.2080843293931061
0.0090829088552761	10.1590094438103637
0.0090867359956305	10.1667633457597866
0.0090867359956305	10.1667633457597866
0.0090963813981687	10.2118576716356646
0.0090963813981687	10.2219694293073005
0.0091008086478866	10.2076410968783087
0.0091078495272903	10.1587498213385157
0.0091116764403854	10.1661733124228189
0.0091116764403854	10.1661733124228189
0.0091215246824921	10.2113647912192498
0.0091215246824921	10.2214760560104754
0.0091259515128754	10.2064870526808278
0.0091326355900372	10.1585675380309031
0.0091364619473977	10.1648621230106819
0.0091364619473977	10.1648621230106819
0.0091470512279487	10.2103257787250428
0.0091470512279487	10.2204360045037674
0.0091515153198194	10.1826398863608993
0.0091577722503367	10.1583428875028687
0.0091616130206374	10.1654579727438232
0.0091616130206374	10.1654579727438232
0.0091716815082921	10.2108857408982825
0.0091716815082921	10.2209965266391798
0.0091761092919266	10.1849680175829533
0.0091825708577190	10.1586617582573382
0.0091864115529721	10.1647107956373262
0.0091864115529721	10.1647107956373262
0.0091971817836259	10.2103071995272447
0.0091971817836259	10.2204174067267726
0.0092016729900203	10.1820407928174905
0.0092078560441390	10.1585837262791578
0.0092116969740616	10.1661405474469593
0.0092116969740616	10.1661405474469593
0.0092214772822349	10.2113956548316409
0.0092214772822349	10.2215069504864697
0.0092259041376988	10.2067816281840251
0.0092327039800249	10.1586111158774273
0.0092365305173320	10.1652851064069960
0.0092365305173320	10.1652851064069960
0.0092468810197188	10.2107511720899229
0.0092468810197188	10.2208618232620161
0.0092513216276199	10.1838876678675803
0.0092576774009152	10.1586245974658347
0.0092615181785791	10.1652368218992653
0.0092615181785791	10.1652368218992653
0.0092719151097601	10.2107813131847358
0.0092719151097601	10.2208919944979257
0.0092763593186918	10.1837916927403622
0.0092827002170297	10.1587447006528802
0.0092865410567981	10.1654769233533226
0.0092865410567981	10.1654769233533226
0.0092968583491874	10.2109955707171363
0.0092968583491874	10.2211064662878552
0.0093012966818537	10.1842669735853626
0.0093076682028688	10.1589006077813817
0.0093115090645783	10.1654627170544352
0.0093115090645783	10.1654627170544352
0.0093219375691127	10.2110087620957479
0.0093219375691127	10.2211196708578438
0.0093263849307252	10.1839096427629894
0.0093327131248430	10.1590176103063818
0.0093365540701936	10.1658349947900195
0.0093365540701936	10.1658349947900195
0.0093468259207883	10.2113810605367306
0.0093468259207883	10.2214923415972692
0.0093512617067869	10.1848177811486398
0.0093576524842741	10.1593164119237205
0.0093614934735416	10.1658116490806307
0.0093614934735416	10.1658116490806307
0.0093719759962181	10.2114100343004992
0.0093719759962181	10.2215213443348034
0.0093764284686095	10.1841453081028348
0.0093827373149840	10.1594823382316886
0.0093865784359821	10.1664249885373668
0.0093865784359821	10.1664249885373668
0.0093967655636993	10.2119279345954155
0.0093967655636993	10.2220397625300148
0.0094011971533272	10.1856332735210415
0.0094076188730504	10.1597968722801344
0.0094114599891957	10.1661117120682505
0.0094114599891957	10.1661117120682505
0.0094220592387643	10.2117182616471105
0.0094220592387643	10.2218298799087588
0.0094265252008081	10.1840506174169327
0.0094327853976058	10.1598689506009396
0.0094366266892474	10.1670635395774962
0.0094366266892474	10.1670635395774962
0.0094466470496157	10.2124801026727194
0.0094466470496157	10.2225924827753953
0.0094510741093944	10.1867150499094556
0.0094575541242214	10.1602500836103324
0.0094613953302819	10.1662201398605330
0.0094613953302819	10.1662201398605330
0.0094722214075943	10.2118280338017300
0.0094722214075943	10.2219397618355305
0.0094767236330288	10.1833589223391048
0.0094828821302929	10.1601752385696500
0.0094867236113101	10.1678794317840797
0.0094867236113101	10.1678794317840797
0.0094964120546425	10.2130800547647027
0.0094964120546425	10.2231930348194666
0.0095008391234776	10.2087581107003462
0.0095078023289381	10.1601244141345433
0.0095116295860244	10.1673092204845936
0.0095116295860244	10.1673092204845936
0.0095216372345407	10.2126052480884990
0.0095216372345407	10.2227177533365889
0.0095260641998822	10.1868301587053480
0.0095325432822363	10.1602374454428421
0.0095363844673736	10.1661316157884780
0.0095363844673736	10.1661316157884780
0.0095472489106686	10.2116861465223412
0.0095472489106686	10.2217977326688647
0.0095517578180379	10.1830590323945884
0.0095578960077537	10.1600044465456101
0.0095617374394667	10.1677643974487193
0.0095617374394667	10.1677643974487193
0.0095713790173499	10.2128870881688769
0.0095713790173499	10.2229998752570399
0.0095758062433274	10.2086943130326819
0.0095828558859099	10.1597883240845341
0.0095866831497089	10.1672394660120702
0.0095866831497089	10.1672394660120702
0.0095965078208724	10.2123925815778644
0.0095965078208724	10.2225048741594406
0.0096009347403022	10.2075766357743909
0.0096076598389947	10.1595145906594180
0.0096114865614268	10.1659318134702570
0.0096114865614268	10.1659318134702570
0.0096219892781772	10.2113598322831294
0.0096219892781772	10.2214710921154133
0.0096264433972370	10.1839542822489530
0.0096327360160794	10.1592751364091249
0.0096365770585796	10.1661933455026610
0.0096365770585796	10.1661933455026610
0.0096467691206890	10.2116537429127057
0.0096467691206890	10.2217652966556170
0.0096512007550987	10.1853251139385428
0.0096576184254243	10.1594630289905332
0.0096614594262196	10.1657588377818957
0.0096614594262196	10.1657588377818957
0.0096720609611996	10.2113230643845956
0.0096720609611996	10.2214342874489841
0.0096765266495723	10.1836322524793879
0.0096827838160551	10.1594182645776474
0.0096866249527258	10.1665884841266081
0.0096866249527258	10.1665884841266081
0.0096966516486773	10.2119706754700506
0.0096966516486773	10.2220825461455238
0.0097010788392142	10.1861709021318898
0.0097075544710858	10.1597211973590458
0.0097113955029528	10.1656960555867037
0.0097113955029528	10.1656960555867037
0.0097222213673550	10.2113171736871653
0.0097222213673550	10.2214283908608525
0.0097267235648719	10.1828565259768204
0.0097328823986459	10.1596817871755007
0.0097367237184259	10.1673902296874026
0.0097367237184259	10.1673902296874026
0.0097464121056972	10.2126019668981645
0.0097464121056972	10.2227144688650640
0.0097508391579395	10.2082863834112647
0.0097578024593421	10.1596641033327284
0.0097616295668409	10.1668522302382236
0.0097616295668409	10.1668522302382236
0.0097716375883681	10.2121592133714501
0.0097716375883681	10.2222712725848268
0.0097760645426203	10.1863896040052069
0.0097825436098325	10.1598075950301308
0.0097863846543903	10.1657059701940913
0.0097863846543903	10.1657059701940913
0.0097972487717060	10.2112714883550773
0.0097972487717060	10.2213826598434387
0.0098017576259600	10.1826518950895100
0.0098078961776336	10.1596039004368723
0.0098117374784420	10.1673670476776170
0.0098117374784420	10.1673670476776170
0.0098213791719758	10.2124988371229133
0.0098213791719758	10.2226112359600396
0.0098258063841849	10.2083107127892170
0.0098328558290847	10.1594148127040320
0.0098366829711207	10.1668677891771040
0.0098366829711207	10.1668677891771040
0.0098465084916666	10.2120300017187073
0.0098465084916666	10.2221419317204241
0.0098509353962786	10.2072160473425733
0.0098576590027811	10.1591668919908056
0.0098614856100666	10.1655816895861406
0.0098614856100666	10.1655816895861406
0.0098719918964495	10.2110188716098129
0.0098719918964495	10.2211297904814273
0.0098764463897934	10.1836063520207230
0.0098827376801438	10.1589487849138482
0.0098865786173081	10.1658776642612683
0.0098865786173081	10.1658776642612683
0.0098967655110734	10.2113437641012421
0.0098967655110734	10.2214550078653446
0.0099011969234523	10.1850365896342065
0.0099076165545539	10.1591613757701769
0.0099114574548308	10.1654490319109723
0.0099114574548308	10.1654490319109723
0.0099220661200977	10.2110216528638489
0.0099220661200977	10.2211325745167088
0.0099265327360676	10.1833108180791623
0.0099327869875054	10.1591332067412505
0.0099366280337658	10.1663218274206031
0.0099366280337658	10.1663218274206031
0.0099466443158738	10.2117053408381917
0.0099466443158738	10.2218169461790360
0.0099510713571350	10.1859428863564521
0.0099575505987161	10.1594609983005650
0.0099613915418140	10.1654168902241651
0.0099613915418140	10.1654168902241651
0.0099722315710185	10.2110443071239771
0.0099722315710185	10.2211552514311013
0.0099767365280506	10.1825365546122875
0.0099828887954498	10.1594321350205252
0.0099867300394594	10.1671758272566350
0.0099867300394594	10.1671758272566350
0.0099963970766395	10.2123772103930452
0.0099963970766395	10.2224894876034433
