0.0000000000000000	0.0000000000000000
0.0000012890470448	-0.0020000000000000
0.0000025841255277	-0.0030018803052803
0.0000038765760555	-0.0079996264758635
0.0000051644556833	-0.0149644996337848
0.0000064531572242	-0.0239136215057349
0.0000077527542188	-0.0349402222947314
0.0000090484134178	-0.0499365709933104
0.0000103650435433	-0.0631717231764147
0.0000116642690447	-0.0802127982204540
0.0000129578795660	-0.0991664131009393
0.0000142627155708	-0.1202654789333259
0.0000155740484955	-0.1434769006855730
0.0000168829197094	-0.1686489882801202
0.0000182109543409	-0.1962321138268682
0.0000195357781718	-0.2257797299784414
0.0000208421690700	-0.2568976225258378
0.0000221692786334	-0.2905166296115109
0.0000234933572120	-0.3260671891984805
0.0000248219755499	-0.3637465199253291
0.0000342721736390	-0.6399641645543886
0.0000388997968078	-0.7713789807990968
0.0000432751188349	-0.8935601701705961
0.0000474265291227	-1.0074214822850380
0.0000512038835283	-1.1091992612277282
0.0000551101039550	-1.2123848392751044
0.0000591085784732	-1.3156756990714435
0.0000631754822734	-1.4181533027358839
0.0000672949150537	-1.5191382785774541
0.0000714556914150	-1.6180970870355071
0.0000756495596175	-1.7145907374806182
0.0000798676384021	-1.8081883310419333
0.0000839810853856	-1.8959776772760466
0.0000881484950653	-1.9812809790721426
0.0000923596878283	-2.0636251143463289
0.0000966071933588	-2.1426214423560359
0.0001006795419969	-2.2142149016732482
0.0001026773116082	-2.2450533455353212
0.0001046632616501	-2.2712590563009072
0.0001066760019802	-2.2933031092435505
0.0001086963841845	-2.3108231642612544
0.0001107191766382	-2.3237527083242862
0.0001127511930502	-2.3320821749180265
0.0001147836253193	-2.3357523653990495
0.0001168213032601	-2.3347489210975758
0.0001168213032601	-2.3347489210975758
0.0001188441617473	-2.3290992774179666
0.0001208825999313	-2.3187425609743597
0.0001229185809176	-2.3037485295679510
0.0001249604602825	-2.2840770738725857
0.0001294054075488	-2.2339218593583148
0.0001340142911135	-2.1774985892392378
0.0001386395376529	-2.1164890946752095
0.0001432843791291	-2.0509478366104488
0.0001479530463025	-1.9809171999212134
0.0001526504848144	-1.9064259444518512
0.0001573827358367	-1.8274811969273310
0.0001621587332544	-1.7440348845944045
0.0001669004337128	-1.6576515026200940
0.0001716716691271	-1.5673818148235132
0.0001764807843907	-1.4732205260865658
0.0001813387334224	-1.3751031844446842
0.0001862606486442	-1.2728696249121472
0.0001912684897870	-1.1662013883828579
0.0001964034928667	-1.0543427793482509
0.0002005082628022	-0.9630147255160916
0.0002013212126967	-0.9426970869571352
0.0002021344580061	-0.9203708019376990
0.0002029480342013	-0.8960342125577690
0.0002037539876230	-0.8699342075065307
0.0002045702089499	-0.8415123436250203
0.0002053867635894	-0.8110776484579724
0.0002062063349514	-0.7785259997233768
0.0002070265564041	-0.7439560592631975
0.0002078471144454	-0.7073707016521433
0.0002086680093518	-0.6687690931672250
0.0002094952951856	-0.6278583463069798
0.0002103208128678	-0.5850411279524812
0.0002111466715007	-0.5402049865912145
0.0002119728713663	-0.4933490802137784
0.0002128119632409	-0.4437455919737194
0.0002136433790574	-0.3925927835530935
0.0002144751407157	-0.3394174495093829
0.0002153092004180	-0.2840916023412205
0.0002161473246273	-0.2265251582342347
0.0002169858002835	-0.1669333172380923
0.0002178246276816	-0.1053152190393308
0.0002186724065604	-0.0410280489477955
0.0002191793494080	-0.0016414175534844
0.0002200256675173	0.0657122620131836
0.0002208725738813	0.1351137562000629
0.0002217267403878	0.2071196245089934
0.0002225818685817	0.2811746102508560
0.0002234373626323	0.3572625628970287
0.0002242932228529	0.4353843667148151
0.0002251975498470	0.5219876879955171
0.0002288951048421	0.8694682898217699
0.0002319012977834	1.1503227761443835
0.0002351942773167	1.4559875584207296
0.0002387478344242	1.7829360758430814
0.0002424013538511	2.1154666787528082
0.0002459396007324	2.4336594324020879
0.0002496819307835	2.7656800091283911
0.0002535545397721	3.1038751013611576
0.0002575166006286	3.4437069047507358
0.0002615430740534	3.7821414687871124
0.0002656078997892	4.1161749777964607
0.0002695421970937	4.4316930231709044
0.0002735654668517	4.7459772811779457
0.0002776559011187	5.0563397318336207
0.0002817987828231	5.3607646343037052
0.0002859836526252	5.6576520047459340
0.0002902027711249	5.9456788087398253
0.0002944501842699	6.2237160763156565
0.0002987211183509	6.4907771180336171
0.0003020674981489	6.6879926111494443
0.0003038249258003	6.8154714780403891
0.0003056180249237	6.9591776448981220
0.0003074454940727	7.1195556405123694
0.0003092933780477	7.2958764706419439
0.0003111919226887	7.4916547508957470
0.0003131124493525	7.7046647371055093
0.0003150705054830	7.9370601459757788
0.0003170867591578	8.1922482342295311
0.0003191329724691	8.4674916887277121
0.0003212350086203	8.7669060552971789
0.0003234097453217	9.0942203698075819
0.0003258201069315	9.4947768760440656
0.0003299409892754	10.1436501795782004
0.0003341229549634	10.7817839298881424
0.0003381843888485	11.3808565103315580
0.0003423088917572	11.9675432442126422
0.0003464835710623	12.5381779256648311
0.0003506991746667	13.0898171787010700
0.0003549487703474	13.6200052868063288
0.0003592269934279	14.1266404002693360
0.0003635295482450	14.6078888695824052
0.0003678528544111	15.0621284934943986
0.0003721937688655	15.4879095394035673
0.0003765422379464	15.8832565892778241
0.0003808479363070	16.2434332305967928
0.0003851838389619	16.5741421217437654
0.0003895456752497	16.8739445289295098
0.0003939301138934	17.1416289741589658
0.0003983342500658	17.3761586254926748
0.0004038776123680	17.6314093026235525
0.0004067810354289	17.8305397512079402
0.0004097308144642	18.0683549519444995
0.0004127405060721	18.3473139000567862
0.0004158032933280	18.6681533304516520
0.0004189235400689	19.0325799598662222
0.0004221116040078	19.4431613984490070
0.0004254239532079	19.9489210289329115
0.0004297191138352	20.5503044139510749
0.0004340594783307	21.1168244345967722
0.0004383479720158	21.6350695819344310
0.0004426685007457	22.1147091594246525
0.0004470164457753	22.5536283857883504
0.0004513882287033	22.9500424286881390
0.0004557808072115	23.3024183742390001
0.0004601914078472	23.6094401006379684
0.0004646140949605	23.8697849412860634
0.0004690086677055	24.0810446099916184
0.0004735290139073	24.2014979352610062
0.0004834797858197	24.6125910683186220
0.0004948690609305	25.0783982688276268
0.0005031068353799	25.4072534857799148
0.0005071998155932	25.6551709022450325
0.0005113843883074	25.9602917497171433
0.0005156344315744	26.3222134496239200
0.0005199926481301	26.7460362603957940
0.0005244986085607	27.2380992425325452
0.0005298681190774	27.8845278137811050
0.0005341978904783	28.3013666860649202
0.0005385759310311	28.6670869683147060
0.0005429794246721	28.9779023386232204
0.0005474050288053	29.2322933847740636
0.0005602144865418	29.7946468489480445
0.0005790938506642	30.7257082915904753
0.0005937052199783	31.3395822639283281
0.0006080940458362	31.8798744510113465
0.0006144059429885	32.2342058619465774
0.0006210668001060	32.6733652193808695
0.0006318414564875	33.4701250005907482
0.0006362695676912	33.6710675241626589
0.0006407245284007	33.8056160301234314
0.0006461126947293	33.8259203953981853
0.0006568712731485	34.0058027924692468
0.0006671467813519	33.9770856581881660
0.0006777063392281	33.9824297363352770
0.0006777063392281	33.9483474065989412
0.0006879822297636	33.8514722919097579
0.0006982315662499	33.6868050709797302
0.0007090048063685	33.5114297905025182
0.0007168830332823	33.4612203727326332
0.0007248345483405	33.4782480559366959
0.0007248345483405	33.4782480559366959
0.0007295223626840	33.5079074736767453
0.0007295223626840	33.5413152811504176
0.0007339922193305	33.4688809294058274
0.0007384815054054	33.3291258570300641
0.0007434288294292	33.1046804172880371
0.0007541942161091	32.5459664822237187
0.0007653614363442	31.8363655999956841
0.0007772250174311	31.1480512732822774
0.0007894283964759	30.3106735373721961
0.0008097857192385	28.8378881533324112
0.0008153629184445	28.5485494142987761
0.0008209034532832	28.3184185756433777
0.0008340720696401	27.8675257561513519
0.0008385788626868	27.5972549284758273
0.0008431202837073	27.2694168727913357
0.0008489375802448	26.7868733271398121
0.0008810865548505	24.1103217977131443
0.0008956144129261	22.9548449198744571
0.0009032766971834	22.3385969613354192
0.0009071224632513	22.1057556886807731
0.0009109448015158	21.9187151330122205
0.0009147333276896	21.7772850978902532
0.0009185150732303	21.6798348574429056
0.0009222899799835	21.6261172634819978
0.0009266258637153	21.6543047819040488
0.0009310749264028	21.6159432466256085
0.0009355701561341	21.5339808498648324
0.0009400765429521	21.4085184478229635
0.0009445970567139	21.2395827411660214
0.0009491251958717	21.0276021040334591
0.0009549509375199	20.7064359907410349
0.0009637628609716	20.2421031476289386
0.0009722720573013	19.7946890463775276
0.0009804526736749	19.4821575681695904
0.0009885764147140	19.1719801031591253
0.0009963796907411	18.9127722013502790
