0.0000000000000000	0.0000000000000000
0.2301308439397783	0.0000200000000000
0.2330554835768075	0.0000087739142141
0.2350749285159147	0.0000315229822881
0.2376185742188098	0.0000247668034621
0.2397239474345182	0.0000508675855928
0.2430705537349095	0.0000557226091768
0.2452280236017448	0.0000850092811161
0.2480318675402017	0.0000885790440236
0.2498601754804876	0.0001208578944233
0.2552299653193286	0.0001888699019282
0.2570878954404256	0.0002147726889861
0.2600524074749826	0.0002718716100929
0.2623333383350462	0.0003278018141249
0.2641622211943102	0.0003938364812709
0.2660331874482125	0.0004854412330765
0.2675832671160202	0.0005853609209127
0.2689095542418550	0.0006919449547008
0.2701368294243777	0.0008122873220193
0.2712202232603947	0.0009386992727183
0.2721996987696998	0.0010719368006234
0.2731213830189043	0.0012156754111108
0.2740524827640586	0.0013812706769635
0.2748922331999226	0.0015502551676745
0.2757310169443254	0.0017394800693623
0.2765292692979884	0.0019399234998372
0.2772932022396439	0.0021517784406363
0.2780269363259537	0.0023750444701502
0.2787332995489817	0.0026095301381389
0.2794205314588091	0.0028570906924869
0.2801248063017735	0.0031319658295321
0.2807931227839025	0.0034138316276521
0.2814267637488242	0.0037011168058764
0.2820230736752689	0.0039904782723655
0.2826335002841103	0.0043067204536002
0.2832241264928423	0.0046330306682437
0.2837929274058874	0.0049672589751489
0.2843420768021636	0.0053095377225571
0.2848731577968828	0.0056598266708750
0.2853901884994602	0.0060198712665869
0.2859128268136608	0.0064039294473585
0.2864068721566747	0.0067866515153123
0.2869081613213597	0.0071953649750638
0.2873944650050497	0.0076123561611899
0.2878666934496690	0.0080374632561247
0.2883257387178173	0.0084705854671517
0.2887723837201081	0.0089115985048042
0.2892070491570146	0.0093600737408409
0.2896327569986503	0.0098183714627039
0.2900653157555129	0.0103040891493618
0.2904807142101291	0.0107903602580750
0.2909010668754749	0.0113028461104500
0.2913117193657544	0.0118239519747088
0.2917136055354434	0.0123541267504425
0.2921075092577329	0.0128937467226444
0.2924940213583096	0.0134430273248382
0.2928736194612811	0.0140020991512065
0.2932466192701811	0.0145709112968379
0.2936141357532330	0.0151506876002224
0.2939887516183125	0.0157619149240093
0.2943537080293648	0.0163775946442970
0.2947089033044369	0.0169964818365166
0.2950691110658871	0.0176443968020484
0.2954235316136986	0.0183022883017802
0.2957725499840339	0.0189703776175126
0.2961164316797431	0.0196487120322490
0.2964554032476152	0.0203372997393716
0.2967896363788209	0.0210360675634599
0.2971192391579843	0.0217448287976344
0.2974442168909562	0.0224631773097529
0.2977651850079822	0.0231920709354647
0.2980923898744597	0.0239553632662617
0.2984129247201780	0.0247233515382552
0.2987263846375456	0.0254942056324137
0.2990441709367186	0.0262960890960178
0.2993577889370835	0.0271079454380026
0.2996673890226225	0.0279297520746489
0.2999730934070637	0.0287614325409173
0.3002750181802039	0.0296029110320395
0.3005732816306844	0.0304541346344473
0.3008679889165558	0.0313150297612162
0.3011592391965328	0.0321855197903258
0.3014469739850809	0.0330650591812339
0.3017314326596882	0.0339540102321399
0.3020132667389534	0.0348540853376563
0.3022995604233269	0.0357884273311024
0.3025809447734822	0.0367267612590754
0.3028654405250850	0.0376959879491529
0.3031468924954218	0.0386754159626303
0.3034253732967564	0.0396649460812535
0.3037009177603957	0.0406643515888562
0.3039737262903987	0.0416740208235138
0.3042439205562256	0.0426940891908382
0.3045116274450642	0.0437247364992304
0.3047769654302995	0.0447661359898597
0.3050400478290984	0.0458184648845388
0.3053009819923551	0.0468818997404744
0.3055597823750643	0.0479562528083196
0.3058166325110082	0.0490420493493461
0.3060719199310581	0.0501407274866506
0.3063318912555479	0.0512797501109915
0.3065890188803745	0.0524265896991029
0.3068434351439259	0.0535813935932484
0.3070952942069842	0.0547444424785318
0.3073447610979668	0.0559161076752659
0.3075918731332009	0.0570961993370952
0.3078433268685699	0.0583171109183036
0.3080933453846199	0.0595513108610998
0.3083420051245548	0.0607990117465967
0.3085893754186301	0.0620604069618419
0.3088355240986296	0.0633356972026429
0.3090805103577324	0.0646250525241805
0.3093243870782061	0.0659286216644566
0.3095672048346936	0.0672465513956045
0.3098089121314069	0.0685784347414866
0.3100495946103383	0.0699246117925999
0.3102893195950419	0.0712853401105339
0.3105281438112403	0.0726608324447533
0.3107661153067519	0.0740512638573693
0.3110032752732935	0.0754567791914030
0.3112396596953250	0.0768775003799554
0.3114754102367638	0.0783141956212956
0.3117158892842705	0.0798001711896102
0.3119552798117834	0.0813000502861995
0.3121936070681633	0.0828138091276067
0.3124309045995465	0.0843414808687050
0.3126671954369714	0.0858830367567353
0.3129025059278224	0.0874384733863549
0.3131368649605900	0.0890078090118750
0.3133703032967212	0.0905910803024689
0.3136028600804074	0.0921883879267775
0.3138345761910931	0.0937998539836228
0.3140654949604677	0.0954256279025733
0.3142956626486051	0.0970658909557693
0.3145251280830036	0.0987208549684030
0.3147539429348590	0.1003907654817879
0.3149821616364404	0.1020759023785669
0.3152098252447362	0.1037764612294807
0.3154422676202618	0.1055328714717802
0.3156745644438070	0.1073085490985015
0.3159065408512380	0.1091021299342008
0.3161382364023218	0.1109138656248519
0.3163696893176715	0.1127440067022029
0.3166009375586833	0.1145928106415210
0.3168320188256364	0.1164605416521908
0.3170629704965841	0.1183474699673297
0.3172938295006945	0.1202538705433452
0.3175245856349370	0.1221796351536010
0.3177501674038901	0.1240817414410351
0.3179757931481815	0.1260035165722581
0.3182015529974898	0.1279457339489826
0.3184275164897022	0.1299090138896478
0.3186537530567431	0.1318939943643452
0.3188803311260232	0.1339013227479581
0.3191073179413225	0.1359316535363261
0.3193347785540386	0.1379856384835189
0.3195627760052526	0.1400639270537131
0.3197913713044072	0.1421671650649231
0.3200206233558681	0.1442959928131426
0.3202505888269492	0.1464510425853310
0.3204813172991124	0.1486328916783381
0.3207129136547560	0.1508426556285111
0.3209454548637111	0.1530812058815854
0.3211788134871288	0.1553474447577218
0.3214130954164212	0.1576425118576898
0.3216483102671533	0.1599666192842811
0.3218845485259684	0.1623207804322554
0.3221218951383522	0.1647059723698543
0.3223604285214136	0.1671231228890609
0.3226002067220060	0.1695729660324962
0.3228413856110248	0.1720572525518922
0.3230840249226378	0.1745767704289598
0.3233276959892528	0.1771272199372853
0.3235680563711967	0.1796626141281705
0.3238110275301860	0.1822451038736526
0.3240563452980332	0.1848722615451312
0.3243042483448812	0.1875469857392597
0.3245549618785200	0.1902720843775078
0.3248087011932502	0.1930503064074108
0.3250656916585330	0.1958845559936258
0.3253261656728160	0.1987778599317432
0.3255903717112244	0.2017334627391471
0.3258518779624684	0.2046791183104214
0.3261155358642923	0.2076690956064140
0.3263769279542292	0.2106527985932139
0.3266434925567308	0.2137150000467025
0.3269154763673376	0.2168592221020415
0.3271927599966715	0.2200847512633735
0.3274758837744170	0.2233985109637955
0.3277648094800890	0.2268007152253021
0.3280515398712767	0.2301969550689470
0.3283480863210625	0.2337294791248418
0.3286562440185136	0.2374209966584849
0.3289646421606872	0.2411356635939235
0.3292814365964089	0.2449717180805600
0.3295997212449520	0.2488454236130898
0.3299347235767833	0.2529425599223956
0.3302891194296345	0.2572977847339389
0.3306457289120363	0.2617006520949113
0.3310226627383445	0.2663743228318436
0.3314193736252048	0.2713139085402715
0.3318553490014520	0.2767632292171259
0.3322978241037400	0.2823136041462423
0.3328014314722557	0.2886512557573733
0.3334663941260545	0.2970412473496017
0.3344967707618117	0.3100483553830284
0.3355271762238767	0.3230689904140140
0.3361016208707769	0.3303074129260758
0.3365952026360338	0.3365068202493443
0.3370216256768933	0.3418429009295051
0.3374178862752453	0.3467816991613696
0.3377747952565894	0.3512108821897981
0.3381430564218908	0.3557606125531907
0.3384693768840807	0.3597728538008894
0.3387937564595468	0.3637407685839681
0.3390975417021234	0.3674366276014679
0.3393890907496599	0.3709641596022277
0.3396721900317182	0.3743697235623715
0.3399490745237299	0.3776805321504598
0.3402168607009837	0.3808627995506658
0.3404833499790655	0.3840093883626132
0.3407368997153655	0.3869832794038017
0.3409869901770972	0.3898966700737126
0.3412313127270344	0.3927230440766292
0.3414754227320981	0.3955265828502972
0.3417115109835058	0.3982177947904774
0.3419403879621168	0.4008071388956501
0.3421676890449962	0.4033587827295011
0.3423914757223436	0.4058511038885843
0.3426156706365112	0.4083275460517615
0.3428342593199162	0.4107217397012209
0.3430476436045958	0.4130390094559557
0.3432565291712830	0.4152878471534146
0.3434611727781706	0.4174717200785575
0.3436674651591088	0.4196534405112299
0.3438742254906145	0.4218196800764313
0.3440770658391098	0.4239244960632804
0.3442763750072763	0.4259725945223347
0.3444724774794502	0.4279679017847754
0.3446655872570601	0.4299131256828556
0.3448561715223368	0.4318134401402313
0.3450479693467801	0.4337059604314227
0.3452398622363269	0.4355790000649140
0.3454291396390529	0.4374061630784283
0.3456160086805089	0.4391899035060687
0.3458006448262999	0.4409323070829671
0.3459831983496401	0.4426351665939289
0.3461637684953623	0.4442997560561937
0.3463427389512563	0.4459299217944910
0.3465230208374844	0.4475519269336090
0.3467007511809835	0.4491309065159424
0.3468759209925363	0.4506673440959479
0.3470521352760613	0.4521928479541424
0.3472267745375117	0.4536845794868399
0.3473999293184751	0.4551435802320754
0.3475716580493642	0.4565705954976610
0.3477420759139544	0.4579668177896629
0.3479112984875878	0.4593334014928984
0.3480824272180106	0.4606950597825213
0.3482518216253274	0.4620225338165485
0.3484195597143018	0.4633168226496141
0.3485857224594202	0.4645789197926508
0.3487504030210973	0.4658098805682499
0.3489135937989361	0.4670099827019736
0.3490754134909756	0.4681804261141366
0.3492385015063892	0.4693401182270328
0.3494007024774127	0.4704734963038357
0.3495620694795836	0.4715810697534640
0.3497226457197001	0.4726632620015160
0.3498825443230666	0.4737209488636977
0.3500441999684133	0.4747698630949444
0.3502047684130803	0.4757912450887908
0.3503643001971898	0.4767856628125312
0.3505226976205855	0.4777527581676206
0.3506800658918767	0.4786934374831646
0.3508364695740035	0.4796083230680057
0.3509919693630667	0.4804979876485969
0.3511466225163667	0.4813629589200057
0.3513004827275895	0.4822037208133217
0.3514536010023449	0.4830207202313744
0.3516060239091479	0.4838143594536131
0.3517577944237026	0.4845850030076343
0.3519089523356856	0.4853329817794308
0.3520595345683636	0.4860585964072533
0.3522096051677075	0.4867622615425667
0.3523615382809430	0.4874547517831410
0.3525125321413816	0.4881229801544718
0.3526650389005568	0.4887775801025103
0.3528169488202080	0.4894092165496582
0.3529682947784888	0.4900181594192831
0.3531191066328084	0.4906046530046888
0.3532694118619367	0.4911689202444502
0.3534192358873858	0.4917111653496374
0.3535686023528711	0.4922315760366052
0.3537175333670745	0.4927303254211562
0.3538660497136181	0.4932075736202359
0.3540141710302334	0.4936634690972103
0.3541619159552234	0.4940981497729537
0.3543093022704852	0.4945117440155279
0.3544563470377010	0.4949043715043843
0.3546030674060062	0.4952761457413705
0.3547494566033247	0.4956271169647481
0.3548955386992981	0.4959574103522268
0.3550413347655531	0.4962671344484676
0.3551868639933543	0.4965563852374021
0.3553321439586274	0.4968252478459456
0.3554771908399015	0.4970737979560997
0.3556220196489606	0.4973021030643162
0.3557666444055989	0.4975102234772326
0.3559110783314604	0.4976982131921065
0.3560553340001145	0.4978661205748435
0.3561994523191377	0.4980140205099602
0.3563454665196573	0.4981435918453804
0.3564912323174791	0.4982525474362779
0.3566367641982190	0.4983409626715770
0.3567820765419294	0.4984089071636951
0.3569271847259340	0.4984564451793979
0.3570721039148486	0.4984836347019532
0.3572168491947903	0.4984905275583486
0.3573614356093472	0.4984771694512315
0.3575058781969777	0.4984435999645585
0.3576501919607449	0.4983898525641800
0.3577944132166450	0.4983159451481703
0.3579384811124599	0.4982219412648918
0.3580824152354628	0.4981078749706235
0.3582262346563179	0.4979737721309852
0.3583699580753555	0.4978196506093113
0.3585136038215513	0.4976455205289761
0.3586571898386427	0.4974513845574059
0.3588007336687117	0.4972372382076541
0.3589442524365565	0.4970030701543595
0.3590877628354705	0.4967488625622069
0.3592312811148174	0.4964745914247608
0.3593748230698375	0.4961802269110206
0.3595184040333768	0.4958657337181664
0.3596620462939905	0.4955310546468062
0.3598057226720161	0.4951762454419354
0.3599494512398491	0.4948012597034264
0.3600932488829952	0.4944060466091478
0.3602371339366244	0.4939905441507260
0.3603811241513694	0.4935546843527684
0.3605252368751782	0.4930983931209547
0.3606694894538829	0.4926215892653836
0.3608138974485278	0.4921241906568580
0.3609584764949444	0.4916061088073327
0.3611032420312634	0.4910672499073658
0.3612482092692158	0.4905075151238572
0.3613933931648716	0.4899268009264275
0.3615388083878656	0.4893249994470286
0.3616844692894481	0.4887019988727738
0.3618303898700291	0.4880576838701511
0.3619765837377397	0.4873919360792347
0.3621230640856841	0.4867046345567795
0.3622698436591310	0.4859956562902255
0.3624169347199483	0.4852648767550383
0.3625643486203770	0.4845121724720016
0.3627120922083691	0.4837374407274806
0.3628601758680154	0.4829405582677625
0.3630064199067111	0.4821336293215012
0.3631531306935545	0.4813042900478682
0.3633003343013584	0.4804522757231104
0.3634480567057238	0.4795773116635045
0.3635963237014747	0.4786791139037571
0.3637451610527512	0.4777573885022673
0.3638945946336291	0.4768118307905494
0.3640446505860130	0.4758421244022769
0.3641953693543978	0.4748478495544002
0.3643445379360240	0.4738438909654277
0.3644942804661233	0.4728162464599301
0.3646446047477420	0.4717647400971158
0.3647955173196915	0.4706892051765013
0.3649469983656407	0.4695896681389117
0.3650990671906770	0.4684658801049895
0.3652517400750200	0.4673176096902434
0.3654050298827710	0.4661446481530524
0.3655589454618292	0.4649468164806352
0.3657133957889361	0.4637247204893320
0.3658662084666074	0.4624959055774943
0.3660200112751591	0.4612395212694943
0.3661748116173056	0.4599552720870199
0.3663306183109309	0.4586428528549097
0.3664874493658608	0.4573018821049570
0.3666452491491770	0.4559326151678796
0.3668040375894283	0.4545346739407202
0.3669639102154026	0.4531070006793115
0.3671249087343108	0.4516489861200811
0.3672870729658150	0.4501600249746684
0.3674504434362585	0.4486394932954980
0.3676152128093234	0.4470853293592458
0.3677781110851661	0.4455286319352714
0.3679398379285078	0.4439635174074860
0.3681030338971332	0.4423645880507356
0.3682676292184193	0.4407322216543569
0.3684336656944786	0.4390657169939537
0.3686011841962885	0.4373643725387193
0.3687702218018514	0.4356275170826506
0.3689408107789484	0.4338545231789295
0.3691129758477118	0.4320448392850572
0.3692865698924495	0.4301997319225271
0.3694590056467861	0.4283469381198513
0.3696337153740155	0.4264496920604259
0.3698078565244911	0.4245388821161987
0.3699839479868173	0.4225869154577023
0.3701620106545609	0.4205932068292732
0.3703420807328596	0.4185570027951894
0.3705241487864998	0.4164780728029075
0.3707080707708396	0.4143577464735869
0.3708909255683732	0.4122299307527245
0.3710768989412360	0.4100459881729736
0.3712660967673334	0.4078040384944928
0.3714589629174158	0.4054981557678980
0.3716510820186654	0.4031810732811183
0.3718458578293068	0.4008118650432756
0.3720427645323781	0.3983965781226791
0.3722395304123886	0.3959632972557963
0.3724405430629720	0.3934576437543260
0.3726457672063611	0.3908792924356571
0.3728557919996224	0.3882200756284163
0.3730658384766914	0.3855403623157115
0.3732747205314646	0.3828559604576375
0.3734889242358825	0.3800836049598680
0.3737088423970457	0.3772173274570712
0.3739346724672408	0.3742536387212962
0.3741661734157343	0.3711948231858693
0.3743942094954586	0.3681621261268103
0.3746300436170787	0.3650060494090098
0.3748736060053006	0.3617263963998749
0.3751239055974381	0.3583355156270123
0.3753798517967545	0.3548478810203039
0.3756413011272078	0.3512652661015338
0.3759119391244748	0.3475364650490735
0.3761885331059550	0.3437056848755397
0.3764856561188878	0.3395699193638674
0.3767868586390328	0.3353568137833939
0.3771055771459418	0.3308786062824170
0.3774476223548115	0.3260514505190551
0.3778043997028704	0.3209961372414526
0.3781962885198296	0.3154228295853910
0.3786188418234756	0.3093933424055124
0.3791416026151874	0.3019123600984897
0.3797999007898685	0.2924715503840832
0.3811967216553639	0.2724533519791814
0.3817264330474002	0.2648776291751958
0.3821851879082346	0.2583369072454138
0.3825844056088187	0.2526648665001672
0.3829602462734632	0.2473448877708410
0.3833060361640753	0.2424697934723866
0.3836391127711938	0.2377939632031443
0.3839716410809799	0.2331464288113020
0.3842736913734096	0.2289441895878269
0.3845689380983474	0.2248562659696068
0.3848572339603901	0.2208846779859967
0.3851357090484175	0.2170681523807379
0.3854133937396786	0.2132827688398804
0.3856790090742551	0.2096819423960365
0.3859344781768554	0.2062379645328163
0.3861908035829057	0.2028021089708663
0.3864484690736131	0.1993688371072178
0.3866983435281382	0.1960598341529361
0.3869418420822469	0.1928552766579041
0.3871799610276195	0.1897411830271419
0.3874138063593076	0.1867024023025483
0.3876499137877129	0.1836541939579548
0.3878852175315330	0.1806369528038313
0.3881163392134888	0.1776937673646881
0.3883439116488486	0.1748159836539311
0.3885683858464779	0.1719974155374678
0.3887900817715049	0.1692336385648992
0.3890092622688304	0.1665210199355019
0.3892267226279523	0.1638494325390804
0.3894459734179846	0.1611761234492674
0.3896621309227352	0.1585607726506573
0.3898754687239792	0.1559995311233152
0.3900862219991089	0.1534890884189039
0.3902945026494170	0.1510276587209430
0.3905005081542343	0.1486124856580533
0.3907090365297514	0.1461875777274824
0.3909162723107805	0.1437976852486366
0.3911223389773488	0.1414412364966352
0.3913273584251142	0.1391167106951463
0.3915357674837534	0.1367743213528862
0.3917427763590707	0.1344684000383266
0.3919482475171933	0.1322002230111363
0.3921523306387526	0.1299678617203340
0.3923551561430922	0.1277696447596442
0.3925568399803555	0.1256040975804026
0.3927574863138847	0.1234699074127413
0.3929571899201044	0.1213658926886350
0.3931560397209842	0.1192909619833357
0.3933541152594610	0.1172441479922947
0.3935514892525467	0.1152245772073588
0.3937482366164849	0.1132313750861563
0.3939443418417742	0.1112645957398102
0.3941398934198144	0.1093232501241363
0.3943349666577892	0.1074065072274199
0.3945296272320446	0.1055136535462667
0.3947239379865232	0.1036440230085635
0.3949179525307421	0.1017970565422341
0.3951117188209720	0.0999722641138120
0.3953052803780192	0.0981692107195938
0.3954986772102125	0.0963875058064449
0.3956919465067831	0.0946267953235535
0.3958851231620688	0.0928867557009099
0.3960782401429110	0.0911670895272357
0.3962713288048794	0.0894675218881849
0.3964644299023472	0.0877877032936442
0.3966574975353972	0.0861280392973960
0.3968505675556062	0.0844882197053377
0.3970436720718761	0.0828679755380538
0.3972368346208545	0.0812671170272358
0.3974300923456341	0.0796853481484346
0.3976234787798080	0.0781224121869886
0.3978170259162648	0.0765780736476279
0.3980107651078562	0.0750521103380224
0.3982047232769257	0.0735443425524208
0.3983989273734095	0.0720545966985325
0.3985934036055025	0.0705827110449739
0.3987881773093910	0.0691285362844213
0.3989832727515370	0.0676919365043267
0.3991787128636592	0.0662727905166885
0.3993745189042021	0.0648709935438542
0.3995707100324338	0.0634864593067208
0.3997673027739815	0.0621191226016502
0.3999642181552194	0.0607695790122055
0.4001577956442384	0.0594623818085123
0.4003521798273715	0.0581690705888728
0.4005473850698842	0.0568897088852793
0.4007434261652469	0.0556243580837044
0.4009403182538078	0.0543730780271697
0.4011381065412108	0.0531357396404832
0.4013366550869396	0.0519133407073988
0.4015360084390149	0.0507057296745297
0.4017362103410519	0.0495127716417749
0.4019373038042774	0.0483343473778257
0.4021393308585264	0.0471703541967468
0.4023423323020926	0.0460207066849458
0.4025463474304971	0.0448853373890043
0.4027514137468362	0.0437641974345863
0.4029575664602991	0.0426572581073722
0.4031648381286166	0.0415645113756364
0.4033732580458565	0.0404859715085391
0.4035828513957310	0.0394216775216736
0.4037935439725034	0.0383721699836570
0.4040010646703754	0.0373582544531448
0.4042103258085766	0.0363555226895283
0.4044213837745640	0.0353640148839281
0.4046339874026831	0.0343852023761981
0.4048484050858144	0.0334181168234471
0.4050647429269177	0.0324625943604555
0.4052831176149286	0.0315184555407509
0.4054992071084758	0.0306041007880358
0.4057169896068591	0.0297024088014207
0.4059365189087388	0.0288133942258952
0.4061578432671489	0.0279371029275045
0.4063810040811006	0.0270736141180499
0.4066060354526581	0.0262230385043632
0.4068327090353667	0.0253864673986039
0.4070565878691834	0.0245798382309255
0.4072830433837744	0.0237834855897555
0.4075121907755293	0.0229974077579244
0.4077441500606526	0.0222216133712633
0.4079790466708302	0.0214561207987391
0.4082170143820771	0.0207009503516546
0.4084581980394078	0.0199561185584647
0.4087032671336888	0.0192200786531050
0.4089450364251007	0.0185141674648861
0.4091894582333274	0.0178205699629992
0.4094365403979061	0.0171395606656880
0.4096859064502266	0.0164724522817260
0.4099330024963963	0.0158310073152285
0.4101841371744750	0.0151986726590865
0.4104395000194695	0.0145755487282686
0.4106992974469615	0.0139617338961497
0.4109637580848315	0.0133573172958644
0.4112335689800371	0.0127614063824095
0.4115009446499166	0.0121910648883056
0.4117720988373894	0.0116327444970122
0.4120468735632560	0.0110871387503105
0.4123181128723262	0.0105680049974720
0.4125951173706270	0.0100572409583366
0.4128781845630430	0.0095550437663588
0.4131676474122654	0.0090616015575563
0.4134638950476517	0.0085770688096539
0.4137682922433106	0.0081001113291524
0.4140699149811096	0.0076478108148636
0.4143770637450016	0.0072073928222915
0.4146885763999665	0.0067809541406564
0.4149993894553020	0.0063750237768146
0.4153190539878430	0.0059772426644309
0.4156481707812316	0.0055878739539789
0.4159876692067776	0.0052068971565099
0.4163275902316574	0.0048456202487812
0.4166754512856518	0.0044960706587298
0.4170300279053495	0.0041600348881940
0.4173844795521671	0.0038436017064811
0.4177522179522515	0.0035350048548558
0.4181344384386323	0.0032345672394059
0.4185340512362470	0.0029414761008819
0.4189339236660093	0.0026686034974716
0.4193445524140332	0.0024086845670660
0.4197556788714865	0.0021678319049785
0.4201874854537150	0.0019345076103667
0.4206425182616084	0.0017091030748944
0.4211285903333232	0.0014898300964366
0.4216141036491406	0.0012915562941404
0.4220955494349455	0.0011140391698203
0.4226089774772116	0.0009438984594028
0.4231605028185259	0.0007813626383860
0.4237657919785371	0.0006246589616352
0.4243785653578071	0.0004869414246799
0.4250259779576613	0.0003622689681088
0.4257123889326408	0.0002501803285923
0.4264344886694872	0.0001517195827664
0.4272281453338717	0.0000635842713015
0.4281149866653820	-0.0000136054577604
0.4290324695101820	-0.0000735032882916
0.4300202104010616	-0.0001199804168750
0.4311713377874997	-0.0001546820169569
0.4325845357277406	-0.0001751778713488
0.4343872463550368	-0.0001753483053545
0.4367577666601631	-0.0001537592344607
0.4424535329039709	-0.0001140140734051
0.4452094645461787	-0.0000793435976683
0.4471714629690836	-0.0000858844776473
0.4498229534640257	-0.0000585327965403
0.4518270686835999	-0.0000679432403241
0.4545142474533930	-0.0000421264367168
0.4564310423891237	-0.0000518438063788
0.4595757273566935	-0.0000265049936253
0.4613921602269621	-0.0000406974610337
0.4646463320525488	-0.0000280100273795
0.4670475754368829	-0.0000527305320933
0.4687212589095061	-0.0000428990941912
0.4794045197044012	-0.0000342551525337
0.4826361566054720	-0.0000326961804998
0.4854716157433706	-0.0000048573887119
0.4870308493567861	-0.0000182300097998
0.4896134864624448	0.0000035166585912
0.4922575987446622	-0.0000118122103622
0.4947056888309913	-0.0000015100992698
0.4979659394757942	-0.0000226759064216
0.4996091312461092	-0.0000059731897256
0.5043112863418495	0.0000130277194073
0.5103932423610416	0.0000326849019457
0.5123276213969834	0.0000254403048747
0.5150400772603621	0.0000505997940233
0.5170083727982304	0.0000365906633702
0.5192650100504692	0.0000542028743966
0.5223123839527751	0.0000397276541059
0.5242012892656150	0.0000578203852642
0.5288223299651746	0.0000593423170149
0.5309216634885159	0.0000944308362289
0.5344006154067642	0.0001171482350928
0.5364376851153323	0.0001602821009459
0.5421546670288150	0.0002446581517868
0.5439797007617834	0.0002970773378688
0.5472201592482974	0.0003940121836926
0.5494015387290633	0.0004759093792639
0.5514587994441845	0.0005754926487634
0.5529975552164178	0.0006694203402308
0.5545248233465973	0.0007828936629784
0.5559246432858954	0.0009072778198387
0.5572164807720756	0.0010420639665762
0.5583755357149192	0.0011819904994974
0.5594332673978504	0.0013275248310193
0.5605032764187182	0.0014944800910333
0.5615462180982601	0.0016791468223269
0.5624984927283238	0.0018688578672291
0.5633757574041162	0.0020635372564992
0.5641955333436596	0.0022644960461510
0.5649801455953273	0.0024754407958564
0.5657744196830506	0.0027092943815151
0.5664988994055463	0.0029421457412877
0.5672270192853733	0.0031963878607558
0.5679236110800014	0.0034598301139955
0.5685938517574780	0.0037332010472216
0.5692403507858257	0.0040165384237481
0.5698669479352684	0.0043105962314079
0.5705129801257682	0.0046348767548029
0.5711267155022816	0.0049639556183454
0.5717089430480506	0.0052961014927956
0.5722651315843318	0.0056324563443793
0.5728342802597414	0.0059967670549951
0.5733889517148216	0.0063722018004739
0.5739299566721944	0.0067586063838475
0.5744566067859755	0.0071547440417811
0.5749702877810015	0.0075608698917208
0.5754720230470626	0.0079770843948394
0.5759622252357329	0.0084030556120457
0.5764417378880581	0.0088388458775115
0.5769325567930440	0.0093051855039879
0.5774081118861725	0.0097772963232224
0.5778674227989956	0.0102529461643040
0.5783363042869004	0.0107590718863034
0.5787959781457761	0.0112760385008664
0.5792447270831736	0.0118012406249513
0.5796831634091002	0.0123345791110161
0.5801121197665091	0.0128763057662969
0.5805321907970089	0.0134264759843217
0.5809437659303401	0.0139849449394779
0.5813472137901254	0.0145515814692957
0.5817435078875660	0.0151271568937546
0.5821473657772526	0.0157336216770636
0.5825550167647908	0.0163668384317644
0.5829554191394208	0.0170098722906169
0.5833486893982399	0.0176623362992837
0.5837349499234814	0.0183238495157784
0.5841143356998185	0.0189940516293609
0.5844869979062335	0.0196726140907530
0.5848531143041106	0.0203592650013625
0.5852123299222424	0.0210527156674001
0.5855652228298598	0.0217534392361681
0.5859122820673847	0.0224618293266613
0.5862539185377444	0.0231782009307882
0.5865912945507795	0.0239045321758596
0.5869447485509344	0.0246861515558172
0.5872931065427215	0.0254775787387064
0.5876365229474826	0.0262786856615188
0.5879751454745252	0.0270893446678783
0.5883091165145284	0.0279094310005110
0.5886385753752152	0.0287388279195690
0.5889636598785355	0.0295774309491812
0.5892845072079375	0.0304251506906546
0.5896012923795445	0.0312820164765460
0.5899137548796106	0.0321468788064308
0.5902222701416038	0.0330203166557247
0.5905271310975319	0.0339027478061198
0.5908285776756128	0.0347944927439392
0.5911271287025694	0.0356967513165314
0.5914313233977535	0.0366358929984606
0.5917397350969650	0.0376088475512977
0.5920450341755812	0.0385928652671105
0.5923473176261010	0.0395879290838329
0.5926466654632593	0.0405939784244495
0.5929431523691933	0.0416109448322732
0.5932368498920820	0.0426387584644221
0.5935278282413314	0.0436773540120697
0.5938161576614723	0.0447266757960995
0.5941019728968914	0.0457869152181204
0.5943849708126456	0.0468566357023110
0.5946653705562597	0.0479363252074595
0.5949433498892321	0.0490263609552609
0.5952190625303292	0.0501270656468179
0.5954926396835446	0.0512387057604147
0.5957641926019043	0.0523614947249447
0.5960338154078030	0.0534955981961270
0.5963016773700530	0.0546415198396366
0.5965753392391309	0.0558322152603890
0.5968459415760039	0.0570296754370097
0.5971209398483296	0.0582672603448802
0.5973941933575778	0.0595178008718720
0.5976657338421456	0.0607812442133968
0.5979356030705750	0.0620575879015805
0.5982038320739045	0.0633467832989369
0.5984704512419663	0.0646487820349839
0.5987354974726526	0.0659635713324459
0.5989990057306570	0.0672911341040241
0.5992610867080687	0.0686318428395447
0.5995214289558296	0.0699839048461165
0.5997801403723791	0.0713476423434622
0.6000373213721615	0.0727233651118788
0.6002930694251638	0.0741113926675216
0.6005474783043400	0.0755120491206405
0.6008006374243867	0.0769256581835609
0.6010526313363410	0.0783525387429637
0.6013035394143326	0.0797930012892253
0.6015534357472525	0.0812473453810909
0.6018023892268641	0.0827158582069546
0.6020504638072265	0.0841988141996067
0.6022977188993613	0.0856964755798103
0.6025442098599766	0.0872090936505126
0.6027899885327461	0.0887369106360640
0.6030351038050029	0.0902801618623881
0.6032796691214837	0.0918395023668670
0.6035297419844744	0.0934542400859499
0.6037788128846112	0.0950829892873516
0.6040269289810692	0.0967259011600087
0.6042741396274823	0.0983831519752688
0.6045205055880559	0.1000550064398902
0.6047660886835374	0.1017417512207726
0.6050109522999300	0.1034436989362806
0.6052551613136097	0.1051611882682189
0.6054987819233196	0.1068945833652811
0.6057418814154659	0.1086442726754861
0.6059845278818633	0.1104106673090050
0.6062267899085616	0.1121941990414469
0.6064687362528873	0.1139953180686262
0.6067104355236235	0.1158144906182970
0.6069519558250237	0.1176521961227541
0.6071933645283210	0.1195089251885591
0.6074347280430782	0.1213851774424360
0.6076761795448518	0.1232819902977232
0.6079174949014304	0.1251976010111599
0.6081587572882896	0.1271326372645621
0.6084000517827902	0.1290877635563365
0.6086414642377298	0.1310636725791472
0.6088830807731228	0.1330610811705596
0.6091249914733308	0.1350807609453707
0.6093672723753943	0.1371233880804376
0.6096100025964142	0.1391896832409006
0.6098532634283862	0.1412804048006203
0.6100971383976119	0.1433963499982637
0.6103417126529062	0.1455383502354162
0.6105870738961449	0.1477072796786041
0.6108333117433814	0.1499040502990350
0.6110805182666056	0.1521296172077475
0.6113287884635991	0.1543849835611928
0.6115782208064592	0.1566712063832629
0.6118289176167111	0.1589894010301127
0.6120809852483405	0.1613407440182082
0.6123345549147271	0.1637266695080996
0.6125895941067822	0.1661470872644350
0.6128463202475232	0.1686042798651995
0.6130986173370955	0.1710391909429506
0.6133523168864400	0.1735075806697735
0.6136075256232806	0.1760106457634345
0.6138643406074418	0.1785495072095588
0.6141228438911390	0.1811251523167031
0.6143827426511959	0.1837348281476673
0.6146382751170129	0.1863200912412016
0.6148967550739650	0.1889545150905304
0.6151582828158720	0.1916395436050475
0.6154229668914721	0.1943767169237875
0.6156907038519840	0.1971653758048183
0.6159617810825151	0.2000089119612571
0.6162364812192412	0.2029107265679177
0.6165151008444111	0.2058744242042850
0.6167979317104164	0.2089036135870861
0.6170853578695832	0.2120029468860243
0.6173692067355876	0.2150839741599302
0.6176496338662280	0.2181471853808580
0.6179358332758064	0.2212927499082547
0.6182281857963506	0.2245255558756809
0.6185269745710721	0.2278494549056149
0.6188323282607443	0.2312665816084823
0.6191449064561666	0.2347850137526368
0.6194629818793006	0.2383859569710302
0.6197837696396551	0.2420376950558221
0.6201182390357023	0.2458657289784771
0.6204547422857765	0.2497372278380074
0.6208016038934245	0.2537481498558063
0.6211511615333654	0.2578098033478403
0.6215236705717596	0.2621581558080706
0.6219180992277423	0.2667834318376823
0.6223100197554041	0.2713988203943852
0.6227380299878291	0.2764590808727186
0.6231795078833480	0.2816982609291072
0.6236903159229531	0.2877810362051826
0.6242395195910578	0.2943413695534146
0.6251218390948247	0.3049057727631557
0.6268758846635802	0.3259008041760985
0.6274666762212647	0.3329542251457237
0.6279681746790526	0.3389210835657255
0.6283987466466843	0.3440250309863530
0.6288092664358991	0.3488716997164730
0.6291823037425077	0.3532563525521614
0.6295392034592466	0.3574313211542754
0.6299166869976658	0.3618258247904416
0.6302375705094050	0.3655407959938682
0.6305502609035488	0.3691412248423751
0.6308608303739467	0.3726967716976765
0.6311529903444193	0.3760214412566488
0.6314373962613337	0.3792379103835976
0.6317146296062298	0.3823534696713871
0.6319888316647175	0.3854146001917701
0.6322517465181805	0.3883296823765164
0.6325053075985443	0.3911216245983681
0.6327578929670407	0.3938830692687508
0.6330108413332050	0.3966279618641902
0.6332558509070704	0.3992662993085505
0.6334941427449613	0.4018123558663911
0.6337265327978321	0.4042757753152718
0.6339539946185138	0.4066676602141672
0.6341862292808500	0.4090893631339758
0.6344132098260226	0.4114358021124331
0.6346354987931521	0.4137135698533305
0.6348535311859338	0.4159278045529285
0.6350676642571033	0.4180827455450214
0.6352787992419316	0.4201879821517693
0.6354903954872027	0.4222778603752261
0.6357012475766484	0.4243399770910393
0.6359088196567080	0.4263497175952414
0.6361131801742063	0.4283082576103049
0.6363146889677838	0.4302195329011727
0.6365136125982809	0.4320864882921511
0.6367104327105454	0.4339139970834883
0.6369085326015284	0.4357332171803578
0.6371033351833605	0.4375020371863355
0.6372949220326676	0.4392218441132912
0.6374870820844746	0.4409266996063920
0.6376771328948422	0.4425927469577872
0.6378652491010051	0.4442218394481778
0.6380515721510734	0.4458154884419295
0.6382362130459377	0.4473749027017396
0.6384195646956993	0.4489036236838023
0.6386041991979752	0.4504227821401794
0.6387864328845798	0.4519019585913783
0.6389664421653556	0.4533430826152267
0.6391443875736093	0.4547478928694088
0.6393204174479891	0.4561179735528053
0.6394944859644014	0.4574533538205406
0.6396703021622192	0.4587823040268803
0.6398449334414420	0.4600823321965303
0.6400184258178317	0.4613539489183336
0.6401910430758281	0.4625992357682520
0.6403651466368745	0.4638348736571473
0.6405376292661683	0.4650386084980563
0.6407085752925633	0.4662113740099423
0.6408780637118217	0.4673540366309067
0.6410461707856853	0.4684674151715570
0.6412129697934604	0.4695522803544087
0.6413785333354124	0.4706093708978438
0.6415429300076750	0.4716393727238761
0.6417062246389749	0.4726429223111485
0.6418684572054669	0.4736204819015880
0.6420296525203710	0.4745724056385607
0.6421928122060838	0.4755161075547013
0.6423576569542855	0.4764491227891163
0.6425214655823833	0.4773557605469797
0.6426842762749554	0.4782364513983558
0.6428461248606431	0.4790915999470504
0.6430070474225468	0.4799215995706155
0.6431670771615875	0.4807268162413283
0.6433262454358860	0.4815075951807420
0.6434845823930998	0.4822642648205605
0.6436421174383556	0.4829971395393464
0.6437988795832166	0.4837065215243717
0.6439548673561271	0.4843925692467477
0.6441101257888318	0.4850556432195822
0.6442646955448863	0.4856960672578828
0.6444186133362515	0.4863141326785055
0.6445719134163560	0.4869101064723116
0.6447247081774961	0.4874845411922535
0.6448792094634773	0.4880454085635719
0.6450328335582145	0.4885830508735673
0.6451855632233257	0.4890976420549855
0.6453398565707295	0.4895972268090791
0.6454936018611681	0.4900746754521472
0.6456468156306596	0.4905301545217220
0.6457995137304747	0.4909638233045572
0.6459517115536323	0.4913758348049502
0.6461034356969220	0.4917663667304876
0.6462546413931930	0.4921354122993885
0.6464053557048136	0.4924831552789686
0.6465556064302390	0.4928097698857568
0.6467054189923092	0.4931154138265310
0.6468548171080847	0.4934002310213928
0.6470038170527060	0.4936643420962259
0.6471524732698387	0.4939079232377904
0.6473008082170747	0.4941310775740238
0.6474488424404057	0.4943338964121503
0.6475965951178878	0.4945164610814464
0.6477440842125533	0.4946788439585088
0.6478913266124056	0.4948211093624356
0.6480383382582188	0.4949433143320946
0.6481851342591193	0.4950455092965038
0.6483317289960082	0.4951277386494593
0.6484781362130567	0.4951900412395913
0.6486243809156697	0.4952324550224043
0.6487726336963269	0.4952551915375504
0.6489206328276009	0.4952574980544847
0.6490683741703364	0.4952394424880063
0.6492157795492942	0.4952011150776459
0.6493628699876791	0.4951426099132761
0.6495096667275603	0.4950640118418678
0.6496561912302989	0.4949653962967435
0.6498024651184028	0.4948468291800904
0.6499485101073261	0.4947083668055330
0.6500943479569189	0.4945500558795651
0.6502400003316300	0.4943719336337579
0.6503854887416027	0.4941740279636395
0.6505308344765675	0.4939563576290826
0.6506760585448833	0.4937189325019837
0.6508211816188034	0.4934617538543029
0.6509662239871453	0.4931848146782257
0.6511112055176088	0.4928881000269170
0.6512561456079190	0.4925715874112329
0.6514010631709544	0.4922352471589258
0.6515459766201857	0.4918790427871505
0.6516909038602009	0.4915029313752297
0.6518358619925868	0.4911068647044184
0.6519808689162576	0.4906907852625875
0.6521259405603721	0.4902546340308994
0.6522710925707981	0.4897983465106689
0.6524163402608332	0.4893218531034985
0.6525616985658254	0.4888250795099583
0.6527071820937663	0.4883079468256433
0.6528528051534500	0.4877703716822703
0.6529985817778193	0.4872122663864989
0.6531445257445728	0.4866335390527268
0.6532906505946851	0.4860340937297802
0.6534369696501309	0.4854138305180174
0.6535834960312852	0.4847726456755196
0.6537302426753311	0.4841104317075980
0.6538772262992080	0.4834270593720852
0.6540244271029799	0.4827225685503235
0.6541718638322989	0.4819968214386456
0.6543195543465143	0.4812496773218656
0.6544675169479274	0.4804809862719064
0.6546157680039834	0.4796906015468750
0.6547643245312961	0.4788783667596170
0.6549132036848460	0.4780441184253000
0.6550624227227390	0.4771876861376001
0.6552119989712603	0.4763088927752011
0.6553619497936769	0.4754075547177219
0.6555122925611528	0.4744834820778068
0.6556630446235530	0.4735364789611876
0.6558142232846278	0.4725663437257793
0.6559658036191142	0.4715731427157742
0.6561156399169398	0.4705712906077369
0.6562660918166636	0.4695453256606265
0.6564172284749991	0.4684946100229433
0.6565666618224529	0.4674360314652000
0.6567166955513077	0.4663535827719331
0.6568672597845312	0.4652476361501696
0.6570183773488886	0.4641179089975174
0.6571700697443574	0.4629641208591459
0.6573223574171958	0.4617859922973675
0.6574752597170556	0.4605832460586523
0.6576287948342743	0.4593556084368210
0.6577829799150156	0.4581028092567071
0.6579378296804325	0.4568245940815900
0.6580933584254473	0.4555207091562554
0.6582495791699547	0.4541909091289845
0.6584065032920402	0.4528349612252637
0.6585641366090609	0.4514526806301283
0.6587223561008041	0.4500450225106718
0.6588790941691284	0.4486307162886678
0.6590368541963981	0.4471874100044611
0.6591956740768132	0.4457145177061580
0.6593555910790651	0.4442114466169776
0.6595166406267456	0.4426776093964958
0.6596788602427290	0.4411123875527420
0.6598422893121053	0.4395151328103338
0.6600071172367209	0.4378837088952923
0.6601702915604192	0.4362485506274712
0.6603344329843589	0.4345837123534899
0.6604995663524346	0.4328887809227893
0.6606656971570105	0.4311635401954743
0.6608326058102901	0.4294101281209526
0.6609982792270933	0.4276500204640412
0.6611655695818839	0.4258530701292301
0.6613345028883532	0.4240186459576253
0.6615051110560772	0.4221460505416457
0.6616773549750133	0.4202353708864761
0.6618513179339303	0.4182853497586482
0.6620270768808852	0.4162947758792950
0.6622048028131787	0.4142613451777018
0.6623812198505811	0.4122227084954690
0.6625558809516050	0.4101848073577735
0.6627328121972378	0.4081009133989267
0.6629118583779920	0.4059724167522513
0.6630931147553776	0.4037977853749730
0.6632766509917626	0.4015757738197597
0.6634625177840038	0.3993053573652848
0.6636506964338886	0.3969863626350890
0.6638408875063903	0.3946221103900532
0.6640309383385767	0.3922395093660740
0.6642211852662993	0.3898347720257139
0.6644144470929378	0.3873721563548833
0.6646107652325135	0.3848506275267136
0.6648101156648115	0.3822700111896704
0.6650121313745015	0.3796346237244093
0.6652139856936470	0.3769814997231260
0.6654207122002427	0.3742443423308317
0.6656326408778539	0.3714178785110481
0.6658451272661002	0.3685638207044592
0.6660609996586798	0.3656441385006915
0.6662772141877626	0.3627001582586395
0.6664996984420293	0.3596509719447734
0.6667289783974615	0.3564883347491236
0.6669655640619561	0.3532041321900646
0.6671967966076833	0.3499745670636416
0.6674370414468511	0.3465995473230234
0.6676864787501581	0.3430752059835355
0.6679433213148177	0.3394256233048362
0.6682027896281978	0.3357190165081671
0.6684740168070810	0.3318243594037624
0.6687468296310067	0.3278872973960779
0.6690414319638145	0.3236156962218894
0.6693439140427017	0.3192095109861589
0.6696650451525217	0.3145116395897703
0.6699971537117337	0.3096331460988745
0.6703575170149431	0.3043198505871857
0.6707523568650547	0.2984779262274486
0.6712272219584173	0.2914310186722851
0.6717940005446389	0.2829987456273803
0.6738604861983845	0.2522516889575405
0.6743148564065023	0.2455189299090771
0.6747208192487323	0.2395238960248106
0.6750876952566425	0.2341255861801105
0.6754373199984524	0.2290011045564324
0.6757644317922322	0.2242265130397749
0.6760699441363779	0.2197866967942552
0.6763673649786681	0.2154844719730324
0.6766792270647944	0.2109944191185693
0.6769584914457460	0.2069942363403142
0.6772247322853306	0.2031998634270733
0.6774976159500993	0.1993312377129134
0.6777593195777142	0.1956416305023791
0.6780121075235158	0.1920976283206595
0.6782585946463457	0.1886615002365626
0.6785052604261078	0.1852429013505389
0.6787430503119318	0.1819670842226962
0.6789805033861797	0.1787158660396426
0.6792132439704693	0.1755491104134027
0.6794425782839898	0.1724485183964325
0.6796730477244206	0.1693529512827972
0.6798983545330692	0.1663470099640118
0.6801191007577642	0.1634218249318161
0.6803356529338827	0.1605717999957693
0.6805484031765355	0.1577911139985234
0.6807630089046248	0.1550059294412169
0.6809804080491689	0.1522050545987388
0.6811946941166412	0.1494649610399431
0.6814058564711817	0.1467852508698314
0.6816142764478447	0.1441605620504555
0.6818202569699527	0.1415866349666989
0.6820240463480067	0.1390599825186654
0.6822258557356584	0.1365776512440119
0.6824258056629784	0.1341378575914221
0.6826242082843003	0.1317365283382076
0.6828253010598986	0.1293227602374959
0.6830240613156292	0.1269571660785066
0.6832207018851622	0.1246367560346819
0.6834154127179802	0.1223588800385920
0.6836082326458895	0.1201227115590105
0.6838035010467285	0.1178781841713288
0.6839975222777397	0.1156681444010616
0.6841904424128009	0.1134907349152503
0.6843823735026815	0.1113445278912945
0.6845734083361213	0.1092283454528095
0.6847636252576133	0.1071411974924203
0.6849530913449356	0.1050822402005673
0.6851418651906686	0.1030507407555002
0.6853299986272103	0.1010460549342490
0.6855176317445658	0.0990666165901578
0.6857081565183436	0.0970771397735255
0.6858977030988833	0.0951184647068659
0.6860863532037942	0.0931895443703383
0.6862741834617159	0.0912894113045692
0.6864612661870184	0.0894171674325074
0.6866476708730881	0.0875719671784377
0.6868334600237849	0.0857530570857870
0.6870186983920800	0.0839596827660231
0.6872034455375399	0.0821911615136861
0.6873877571939315	0.0804468667938431
0.6875716857433299	0.0787262219219697
0.6877552808707951	0.0770286923575665
0.6879385897781378	0.0753537824341415
0.6881216575051891	0.0737010312439517
0.6883045271415690	0.0720700096904157
0.6884872399826173	0.0704603181567777
0.6886698356397304	0.0688715846616674
0.6888523526691498	0.0673034586044107
0.6890348350127081	0.0657555552038042
0.6892172573200425	0.0642280829689204
0.6893996651330707	0.0627206509323216
0.6895820988225692	0.0612329251603477
0.6897645956462047	0.0597646095851964
0.6899471900737317	0.0583154417570482
0.6901299140691576	0.0568851891366575
0.6903127973357659	0.0554736458506885
0.6904958675409058	0.0540806297522101
0.6906791542958162	0.0527059512475384
0.6908626367455424	0.0513498008224413
0.6910463500269630	0.0500119492176733
0.6912303222738190	0.0486922277363673
0.6914145819888974	0.0473904726823877
0.6915991567202110	0.0461065345804882
0.6917840728617811	0.0448402789596820
0.6919693553977654	0.0435915873819173
0.6921550275824506	0.0423603587233122
0.6923411105372537	0.0411465107831113
0.6925275925990977	0.0399501772961771
0.6927110026008486	0.0387931272603869
0.6928951500135846	0.0376508574908665
0.6930800608287977	0.0365233574942346
0.6932657625405882	0.0354106135803637
0.6934522816111872	0.0343126243781078
0.6936396442052716	0.0332293959465418
0.6938278749229196	0.0321609486904083
0.6940169996204949	0.0311073006821651
0.6942070451378484	0.0300684696335489
0.6943980474902521	0.0290444288810681
0.6945899533071594	0.0280356292529329
0.6947828169880148	0.0270419402832409
0.6949766915344450	0.0260632546107845
0.6951716293627581	0.0250994830679895
0.6953676825781164	0.0241505527899929
0.6955649031178102	0.0232164060934242
0.6957633432484689	0.0222969977725269
0.6959630536210574	0.0213923037917802
0.6961640121100517	0.0205026390153383
0.6963625587137444	0.0196438302264591
0.6965586733209416	0.0188150456806896
0.6967563904111770	0.0179989195980668
0.6969557143419407	0.0171957157165410
0.6971566589283188	0.0164056532752743
0.6973591246733141	0.0156293810233368
0.6975631761394654	0.0148668894508587
0.6977688723179513	0.0141182045128508
0.6979762659578993	0.0133833867158229
0.6981853995724692	0.0126625413767567
0.6983963109733912	0.0119557946585591
0.6986089864286176	0.0112634450619747
0.6988231779433316	0.0105865358664968
0.6990356597892302	0.0099349129391968
0.6992509933938426	0.0092944622191073
0.6994689985473092	0.0086662098558007
0.6996901530209194	0.0080492567177056
0.6999091320113963	0.0074582871165024
0.7001305403972987	0.0068805982185079
0.7003544640264305	0.0063163060673610
0.7005809789033777	0.0057655644511790
0.7008101465085694	0.0052285704253526
0.7010416236562528	0.0047064534691250
0.7012711766811248	0.0042084119424558
0.7015044115710667	0.0037221207191866
0.7017415556165970	0.0032476773512087
0.7019826849023089	0.0027855278206258
0.7022288588868303	0.0023342991766700
0.7024730626176819	0.0019068037522110
0.7027209404403324	0.0014929231407224
0.7029725655637928	0.0010929693047822
0.7032272615934346	0.0007084114442530
0.7034811672398282	0.0003447697713840
0.7037140952694395	0.0000280526109542
0.7039791020418474	-0.0003131373582604
0.7042501053331678	-0.0006415255175180
0.7045279502231129	-0.0009573158338831
0.7048038920791615	-0.0012506139802975
0.7050771207350318	-0.0015216387454771
0.7053576648058211	-0.0017805490943590
0.7056460369443083	-0.0020269029154713
0.7059427362666699	-0.0022601635789414
0.7062498350879671	-0.0024809022967942
0.7065577529090031	-0.0026817536514113
0.7068630394301499	-0.0028614278631945
0.7071794414206728	-0.0030281539306188
0.7075081899383393	-0.0031812764563832
0.7078520019992430	-0.0033205822746158
0.7081972036298894	-0.0034400645117323
0.7085516092065398	-0.0035424127267109
0.7089098634768337	-0.0036262448354346
0.7092864060902441	-0.0036943279844438
0.7096862062096113	-0.0037456403115559
0.7100896124527261	-0.0037769024845394
0.7104948120170795	-0.0037889630458421
0.7109290517251046	-0.0037822370240359
0.7113973003932494	-0.0037541277098848
0.7118785929800259	-0.0037047483959430
0.7123721245470064	-0.0036347565814912
0.7129216325641290	-0.0035367056477202
0.7135448440081430	-0.0034033153366787
0.7141719031477064	-0.0032491413138220
0.7149269519800989	-0.0030424672209929
0.7157884991153423	-0.0027866951218186
0.7169923617813979	-0.0024055446363453
0.7187829974524182	-0.0018564687254332
0.7201494469632170	-0.0014394338091853
0.7211828502526103	-0.0011436842428389
0.7221402525295111	-0.0008900832904144
0.7232187500091878	-0.0006278477142197
0.7240997298583333	-0.0004355212703803
0.7249056949742312	-0.0002795251694278
0.7256928968881406	-0.0001462480924741
0.7264802916182576	-0.0000320881328381
0.7272791460286263	0.0000642697361056
0.7280988534618784	0.0001432621385399
0.7289470246452850	0.0002047496855077
0.7297545573450903	0.0002453055723211
0.7306456480166750	0.0002722062320518
0.7316710342101465	0.0002833891943561
0.7328530526459809	0.0002743734091608
0.7345144109544669	0.0002383119829102
0.7386143478582672	0.0001520852821469
0.7445170826963035	0.0000497618574061
0.7497653741914808	-0.0000177197711987
0.7538620737879650	-0.0000462955128928
0.7574242974721296	-0.0000557435301866
0.7724843461839033	-0.0000667185223592
0.7777422111848501	-0.0000343725211530
0.7799195616988415	-0.0000400025247178
0.7824557956321720	-0.0000055720119417
0.7845005435531771	-0.0000072106384050
0.7873460988087349	0.0000283352319806
0.7889201174763386	0.0000181945555883
0.7921710860612048	0.0000450991229540
0.7936722929456440	0.0000268248305199
0.7964795802344915	0.0000385286237621
0.7985529635976953	0.0000139479007184
0.8007643585988333	0.0000200012220156
0.8033192627556569	-0.0000080759990907
0.8052596191594429	0.0000020715490026
0.8080012256729456	-0.0000196131651289
0.8100555360500762	-0.0000035669767337
0.8127032938073442	-0.0000170897851551
0.8151076922385487	0.0000005882179254
0.8177448576512046	-0.0000131640715098
0.8201523630374555	0.0000044228596259
0.8229642754719375	-0.0000048008256105
0.8256618921156679	0.0000158951379779
0.8276133338419440	0.0000032683634661
0.8307091345385939	0.0000246390954338
0.8325181130438327	0.0000098922065607
0.8360790232357798	0.0000220496090042
0.8385125567567419	-0.0000003864968745
0.8412681175659065	0.0000019941909459
0.8443510097581485	-0.0000273076615657
0.8459375996315774	-0.0000154039362504
0.8497177064054094	-0.0000360685670807
0.8516818220357986	-0.0000149124161380
0.8540107820982323	-0.0000207757644195
0.8579932906316653	0.0000116910522737
0.8598165405320904	-0.0000079376761492
0.8625829020594676	0.0000061779426262
0.8653603383664401	-0.0000133749864423
0.8673662121039977	-0.0000008342047015
0.8704225708979499	-0.0000194288412680
0.8726479602364939	-0.0000026748239179
0.8752932824300983	-0.0000133372020590
0.8779830083542446	0.0000076679072997
0.8800481156457822	-0.0000057382813232
0.8828800619693681	0.0000099383050640
0.8852079110115922	-0.0000101009091374
0.8869988390801746	0.0000036421311157
0.8897729203968867	-0.0000179675113357
0.8915121807352534	-0.0000001032744003
0.8942333309301793	-0.0000096250471593
0.8966962337956534	0.0000193419773338
0.8984050786058674	0.0000125476287797
0.9055547295933716	0.0000104259215358
0.9074580987550587	0.0000226458585496
0.9099234440729875	-0.0000048328583151
0.9115191278452454	0.0000057079421980
0.9147095366916537	-0.0000216771116830
0.9164399907509090	-0.0000037119743248
0.9189840653581920	-0.0000120774429952
0.9238460499785192	0.0000020856842994
0.9270100311670603	0.0000084460578390
0.9307559865078613	-0.0000082425723517
0.9336609723901419	0.0000124359378801
0.9365840230291359	-0.0000093892563819
0.9393568442601039	0.0000073516393355
0.9439472928578165	-0.0000131443099415
0.9452841816402145	0.0000081064427141
0.9478567758286637	-0.0000020766322340
0.9508405597558336	0.0000235357866640
0.9526671471990584	0.0000138768444283
0.9562900642780741	0.0000371376966154
0.9579551343986735	0.0000163161594912
0.9604788961715270	0.0000218583638228
0.9633784680489831	-0.0000113919198010
0.9652589771987919	-0.0000011129374378
0.9687043240892506	-0.0000313886544409
0.9703325687008632	-0.0000126649029904
0.9727441515317450	-0.0000225448535580
0.9751358826697309	0.0000070395027235
0.9766337973821896	-0.0000025627668396
0.9889356067197093	-0.0000077249317294
0.9911541597946181	0.0000092217476517
0.9938028062299293	-0.0000151740800611
0.9953371788284395	0.0000091113535467
0.9971874629667541	-0.0000005359629397
