0.0000000000000000	0.0000000000000000
0.3154926406440790	0.0000200000000000
0.3176787238259666	0.0000041419245603
0.3195861216789180	0.0000258203223740
0.3218975953236671	0.0000139244395541
0.3237470881619683	0.0000364235761341
0.3268603722028772	0.0000344812724761
0.3288465265814683	0.0000634831955217
0.3314764661435580	0.0000672721619352
0.3337757402623778	0.0001022417575468
0.3366955483618159	0.0001134399651795
0.3386501987288079	0.0001476921012162
0.3428650481863414	0.0001760461437293
0.3442073518824600	0.0002185218318066
0.3504865283586518	0.0003598726484717
0.3525433296752246	0.0004302693315462
0.3544057013226168	0.0005127735294465
0.3557810612919399	0.0005928825008498
0.3572162391551987	0.0006966764207698
0.3585937332415083	0.0008198165959792
0.3598398087380563	0.0009539132375446
0.3609443555809143	0.0010940855707870
0.3618924215463608	0.0012334640159856
0.3628386260022759	0.0013924516416473
0.3637201762691503	0.0015604913998651
0.3645515698192201	0.0017384292800926
0.3653490342970169	0.0019282959831409
0.3661666156170713	0.0021441491923861
0.3669273664859673	0.0023657994679569
0.3676436826474033	0.0025940348997798
0.3683257952830313	0.0028299939154575
0.3689800239373514	0.0030742935769704
0.3696538894949465	0.0033453306123305
0.3703098774417137	0.0036289998646227
0.3709489151462649	0.0039251103025141
0.3716106768284914	0.0042533840977792
0.3722446265475213	0.0045896784584744
0.3728505947419604	0.0049321874380679
0.3734282750886113	0.0052789277011556
0.3739743682504988	0.0056259719726784
0.3745275894316678	0.0059976294661290
0.3750638125350015	0.0063780961250117
0.3755837727373922	0.0067670251104738
0.3760880446646566	0.0071639781247449
0.3765771186327028	0.0075684619549125
0.3770525615211275	0.0079808940660785
0.3775368170141078	0.0084212948709814
0.3779971030897632	0.0088599376092379
0.3784598014864322	0.0093214174544524
0.3789096633030416	0.0097905718933744
0.3793480010875139	0.0102678859030061
0.3797760007245377	0.0107538698667535
0.3801946531999602	0.0112489586975637
0.3806047803073250	0.0117535064906641
0.3810077211227223	0.0122686142029544
0.3814192302257543	0.0128151183892235
0.3818196019186585	0.0133672938445171
0.3822094787604663	0.0139249429114825
0.3826018005281104	0.0145066060752816
0.3829868490058602	0.0150979406296954
0.3833654148880389	0.0156995759887951
0.3837381258274661	0.0163120040000015
0.3841054543093914	0.0169355558663319
0.3844677440701425	0.0175704121188089
0.3848252481489235	0.0182166402803872
0.3851781441399427	0.0188742011921813
0.3855265503809664	0.0195429617406619
0.3858715151755488	0.0202246069698161
0.3862221030582250	0.0209376967155865
0.3865655109818661	0.0216564617776970
0.3869020322410260	0.0223806701807330
0.3872310749500442	0.0231082143020191
0.3875663178311552	0.0238695679736319
0.3878975652607631	0.0246421383842660
0.3882249445099030	0.0254258808543657
0.3885485425654907	0.0262206711719203
0.3888684203747639	0.0270263299062905
0.3891846175800607	0.0278426268876977
0.3894971588613669	0.0286692916575762
0.3898060512687395	0.0295060020922456
0.3901112015043698	0.0303521486471525
0.3904130503130356	0.0312085974281797
0.3907205481722681	0.0321013028331966
0.3910224858964130	0.0329981151074152
0.3913183535705710	0.0338967413016464
0.3916184855510414	0.0348287194440181
0.3919152287752142	0.0357706889091985
0.3922086811411570	0.0367226069873103
0.3924989387088952	0.0376844401449638
0.3927860956325548	0.0386561634098472
0.3930702449460137	0.0396377626818288
0.3933514793135361	0.0406292372404320
0.3936298908796724	0.0416305993144360
0.3939055710752225	0.0426418734499011
0.3941786111146754	0.0436630983744157
0.3944490953115042	0.0446943019162023
0.3947171160440396	0.0457355548023950
0.3949906162052769	0.0468182670166626
0.3952601811088990	0.0479056522258926
0.3955258498210263	0.0489972557168049
0.3957948030123465	0.0501227890269704
0.3960614112849078	0.0512590119940206
0.3963258103623052	0.0524062192787294
0.3965881365186102	0.0535647384538612
0.3968485128162739	0.0547348686253283
0.3971070558034497	0.0559169071027888
0.3973638753164359	0.0571111464194342
0.3976190744111904	0.0583178718469080
0.3978727494291392	0.0595373595001099
0.3981249901878056	0.0607698750584916
0.3983758802730823	0.0620156730571391
0.3986254974050401	0.0632749966622730
0.3988739128638352	0.0645480728187945
0.3991211381401266	0.0658348319310575
0.3993672880031148	0.0671357492105781
0.3996126678842530	0.0684523414956174
0.3998628093340786	0.0698149294192803
0.4001113500251216	0.0711893880094460
0.4003583794868293	0.0725759598632762
0.4006039853926153	0.0739748995874126
0.4008482530397218	0.0753864703353546
0.4010912654506595	0.0768109437120799
0.4013331023661931	0.0782485931489373
0.4015738406525315	0.0796996952863173
0.4018135544564624	0.0811645299943596
0.4020523153026562	0.0826433800955865
0.4022901921462637	0.0841365308393417
0.4025272513972567	0.0856442692073710
0.4027635569314534	0.0871668831309148
0.4029991701015332	0.0887046606987444
0.4032341497587952	0.0902578894274362
0.4034685523461973	0.0918268560031766
0.4037024329343936	0.0934118524250933
0.4039358584131649	0.0950132653939494
0.4041687454551324	0.0966304551040733
0.4044011789025015	0.0982639357247321
0.4046332319057325	0.0999141623600346
0.4048649700088581	0.1015815559324970
0.4050964519574160	0.1032665059806904
0.4053277305674020	0.1049693742954613
0.4055588536157055	0.1066904991346750
0.4057898647044853	0.1084301996698586
0.4060208041671641	0.1101887811598649
0.4062517095008027	0.1119665369157553
0.4064826161714337	0.1137637533822894
0.4067135581524658	0.1155807134897806
0.4069445687282107	0.1174177023487586
0.4071756785261501	0.1192749910980804
0.4074069187796776	0.1211528622257509
0.4076383211896631	0.1230516085583138
0.4078699179791283	0.1249715337786992
0.4081017832604883	0.1269132971457737
0.4083337424255584	0.1288754725126114
0.4085658491786627	0.1308585252075640
0.4087981595256919	0.1328629537257981
0.4090307313184990	0.1348892864808651
0.4092636239653911	0.1369380797778929
0.4094968980732583	0.1390099150116542
0.4097306150896865	0.1411053956604260
0.4099648369180718	0.1432251438301278
0.4101996255092694	0.1453697963646757
0.4104350431203094	0.1475400068450095
0.4106711463961820	0.1497363903091349
0.4109079939295316	0.1519595914953475
0.4111456445985492	0.1542102693640154
0.4113841560420930	0.1564890821391633
0.4116235861389140	0.1587967004894489
0.4118639893083804	0.1611337709952672
0.4121054034828784	0.1635007868789268
0.4123478612650257	0.1658981898610990
0.4125914206444113	0.1683266756232025
0.4128299942155755	0.1707249403267787
0.4130703798208790	0.1731607404452259
0.4133127037996011	0.1756356368516844
0.4135570970828107	0.1781512639231483
0.4138036922448429	0.1807092996111286
0.4140526233917624	0.1833114636105109
0.4143040224307977	0.1859594773394678
0.4145580056381937	0.1886549197382791
0.4148146090737989	0.1913985255731486
0.4150740786138588	0.1941932811454349
0.4153366580220544	0.1970422019687595
0.4156025787448388	0.1999482176968871
0.4158719661996525	0.2029131365176533
0.4161313835578042	0.2057879269349697
0.4163954342255025	0.2087334008810360
0.4166638648669407	0.2117473275851603
0.4169370305817847	0.2148342432855531
0.4172152793374962	0.2179986595895350
0.4174988321704146	0.2212436844521579
0.4177869529579852	0.2245614396590986
0.4180738101836816	0.2278844657945953
0.4183694041848872	0.2313286727919711
0.4186750605675403	0.2349106627519959
0.4189816201932540	0.2385233779389294
0.4192960478011147	0.2422489801848093
0.4196094922253562	0.2459823599634409
0.4199380081798194	0.2499148855023328
0.4202828443913347	0.2540632058960123
0.4206436263539745	0.2584244801524154
0.4210030794979266	0.2627893876774771
0.4213885292327327	0.2674900326160578
0.4217841488047108	0.2723344611812415
0.4222287845282738	0.2777997972860674
0.4227050883994284	0.2836746545730852
0.4232318212016138	0.2901912953631753
0.4238570884537348	0.2979476292179187
0.4249051396337498	0.3109732979292957
0.4258522618535523	0.3227177113370592
0.4264710846920903	0.3303831592918884
0.4269545109498104	0.3363519007525766
0.4274019055083954	0.3418563388562113
0.4278129109103009	0.3468928651242944
0.4281907111719608	0.3515025646004729
0.4285369716065517	0.3557080130026339
0.4288847474054265	0.3599115195853108
0.4292062177947377	0.3637780204571556
0.4295180863978958	0.3675091472374372
0.4298187305034705	0.3710858480729822
0.4301080611150747	0.3745082246429614
0.4303938728829816	0.3778687470777994
0.4306641408171530	0.3810267523837940
0.4309308370137140	0.3841232215236892
0.4311912544385293	0.3871270251220673
0.4314493735780749	0.3900840396765210
0.4316978006914076	0.3929100420675167
0.4319371256755546	0.3956131478046153
0.4321765980080616	0.3982982400181398
0.4324173736381669	0.4009774403392066
0.4326506846747064	0.4035531464015393
0.4328776260757418	0.4060386020625059
0.4330990172944039	0.4084437373378805
0.4333149734408532	0.4107706337757639
0.4335377326555961	0.4131505038648247
0.4337553069795949	0.4154544030231166
0.4339681776917655	0.4176882864850239
0.4341768669045789	0.4198583892216695
0.4343817632801104	0.4219694118116761
0.4345832287008865	0.4240256688571460
0.4347857767085172	0.4260731416543658
0.4349885830009131	0.4281028074496170
0.4351881135999171	0.4300793392110679
0.4353846059404015	0.4320056401537821
0.4355782649208986	0.4338842257504861
0.4357692121681216	0.4357167515186505
0.4359576603144473	0.4375057030145676
0.4361479742852785	0.4392923185826136
0.4363348138570827	0.4410262894604180
0.4365222838768030	0.4427458280208382
0.4367075768705519	0.4444251246638213
0.4368908219886172	0.4460657221133835
0.4370720702472894	0.4476684320070556
0.4372514939601147	0.4492351151441889
0.4374292273279282	0.4507672426458016
0.4376055519705014	0.4522675037994714
0.4377832966897712	0.4537596887849038
0.4379588082322042	0.4552129783631648
0.4381321897691191	0.4566287166545898
0.4383033328067770	0.4580064951470841
0.4384758265238548	0.4593751355875157
0.4386469469856080	0.4607127977436060
0.4388167953911896	0.4620205066691627
0.4389854569709771	0.4632991286016539
0.4391530039174895	0.4645494014362333
0.4393195469378643	0.4657723234248700
0.4394879284993629	0.4669884203293246
0.4396548202485424	0.4681733615462140
0.4398202896929753	0.4693279594140274
0.4399842852943966	0.4704521850226817
0.4401469027506396	0.4715470309197659
0.4403082325752651	0.4726134159914219
0.4404683644218078	0.4736522163783669
0.4406273801252316	0.4746642213763407
0.4407852643545406	0.4756495744005608
0.4409448613570304	0.4766257667401730
0.4411037536742320	0.4775776691595759
0.4412619705129062	0.4785055616707826
0.4414196174341218	0.4794101583003731
0.4415790400624481	0.4803045367806240
0.4417374668463250	0.4811728389039308
0.4418949355574929	0.4820155060918297
0.4420514864678490	0.4828329786539000
0.4422071565917686	0.4836256646116295
0.4423619677900967	0.4843938816909460
0.4425160029396063	0.4851382343322225
0.4426693022061526	0.4858590893963666
0.4428219037791085	0.4865567882398139
0.4429738443976537	0.4872316501151695
0.4431251594519313	0.4878839733800283
0.4432758842220790	0.4885140414744701
0.4434260258436649	0.4891220096882907
0.4435756321730483	0.4897081913764010
0.4437247429888635	0.4902728483618548
0.4438733932803203	0.4908162077080595
0.4440216817433341	0.4913387106263010
0.4441717265425877	0.4918474530979754
0.4443210947866180	0.4923338729885993
0.4444698216156745	0.4927982638458436
0.4446179076617253	0.4932407981976809
0.4447676683152582	0.4936681063134546
0.4449170222761148	0.4940739185437475
0.4450659880445962	0.4944583707078495
0.4452145833168036	0.4948215896390809
0.4453628256235864	0.4951636951401554
0.4455107315207936	0.4954847982726672
0.4456583256953910	0.4957850210594500
0.4458055730180879	0.4960643620693982
0.4459524985432995	0.4963229459289635
0.4460991249286739	0.4965608825144860
0.4462454733482901	0.4967782698048610
0.4463915636205022	0.4969751950107997
0.4465374143298810	0.4971517355967423
0.4466830429430105	0.4973079602005586
0.4468284659192086	0.4974439294577291
0.4469736988136150	0.4975596967325954
0.4471187563733912	0.4976553087641879
0.4472636526266274	0.4977308062328188
0.4474084009619960	0.4977862242533881
0.4475530141393407	0.4978215927850894
0.4476975047917646	0.4978369370972501
0.4478418848712761	0.4978322778738979
0.4479861658689073	0.4978076316044667
0.4481303588840762	0.4977630108625277
0.4482744746778917	0.4976984245381906
0.4484185237121616	0.4976138780379432
0.4485625161774371	0.4975093734629366
0.4487064620116681	0.4973849097747712
0.4488503705071369	0.4972404833334129
0.4489942417205345	0.4970760985932239
0.4491380869417208	0.4968917473558137
0.4492819164424319	0.4966874189798483
0.4494257398727834	0.4964631004149500
0.4495695663256953	0.4962187765287525
0.4497134043564286	0.4959544304650761
0.4498572620019562	0.4956700439869614
0.4500011465207739	0.4953655983796047
0.4501450637697675	0.4950410764945400
0.4502890229098982	0.4946964521497729
0.4504330006468344	0.4943317765173733
0.4505750390855950	0.4939524258759505
0.4507172020790773	0.4935532791987413
0.4508595055458874	0.4931342562684720
0.4510019651708035	0.4926952712406384
0.4511445957651031	0.4922362349392766
0.4512874115428659	0.4917570545173151
0.4514304261813416	0.4912576336842767
0.4515736528706590	0.4907378729260968
0.4517171043570612	0.4901976697113443
0.4518607929905509	0.4896369186482468
0.4520047309417130	0.4890555109365501
0.4521489290516273	0.4884533393153228
0.4522933982975701	0.4878302926870157
0.4524381495937307	0.4871862569691555
0.4525831937921630	0.4865211151868162
0.4527285416554802	0.4858347477020804
0.4528742038247631	0.4851270324915123
0.4530201907922133	0.4843978454282034
0.4531665158667369	0.4836470454354784
0.4533131572771777	0.4828746728018977
0.4534601339458219	0.4820805614875590
0.4536074634983980	0.4812645456609181
0.4537551628274005	0.4804264573928598
0.4539032483940823	0.4795661255130085
0.4540517345556459	0.4786833859187061
0.4542006355622927	0.4777780708787470
0.4543499649308010	0.4768500131652279
0.4544997352197643	0.4758990480848044
0.4546499295033867	0.4749251973159507
0.4547983170889693	0.4739432892002799
0.4549473930957670	0.4729371464727465
0.4550971719664511	0.4719064955522654
0.4552476692434376	0.4708510516196305
0.4553989166269637	0.4697704114342762
0.4555508556989598	0.4686648153571846
0.4557035269387318	0.4675338044309857
0.4558569660239038	0.4663769393746018
0.4560112106293165	0.4651937516584638
0.4561663001250968	0.4639837447806576
0.4563223601084006	0.4627457281616396
0.4564768385604425	0.4615002028109658
0.4566320266068035	0.4602290016494445
0.4567879398300300	0.4589318648741479
0.4569445910111522	0.4576085540536268
0.4571019861701953	0.4562588878066123
0.4572600498857122	0.4548833909655258
0.4574164716767762	0.4535025168263842
0.4575740119527217	0.4520921738991912
0.4577327054548574	0.4506517963201525
0.4578925873979207	0.4491808036794253
0.4580536935438909	0.4476786003854728
0.4582160605665581	0.4461445722416808
0.4583797253830776	0.4445780926152671
0.4585447309841559	0.4429784662862341
0.4587110777364091	0.4413454046559595
0.4588789759591009	0.4396765471456704
0.4590454367933796	0.4380018075310354
0.4592129374399029	0.4362965505482609
0.4593785544100685	0.4345908959682846
0.4595458818607621	0.4328481322904721
0.4597149380825433	0.4310677081938190
0.4598857458465436	0.4292490277216752
0.4600582767109336	0.4273920454528682
0.4602326348496943	0.4254952982011305
0.4604089137749258	0.4235574061184094
0.4605872032270606	0.4215770026522982
0.4607677231245882	0.4195512415596941
0.4609468962703136	0.4175204150707026
0.4611250675998275	0.4154813486752845
0.4613055601771451	0.4133961237564084
0.4614885017842698	0.4112628258325276
0.4616740042048369	0.4090796932934266
0.4618621738546101	0.4068450012912490
0.4620530933364558	0.4045572864176782
0.4622468450422563	0.4022150755497708
0.4624361878959972	0.3999065684534940
0.4626288478208015	0.3975381991863694
0.4628249280363599	0.3951081140679265
0.4630245453939688	0.3926142743214250
0.4632277965567651	0.3900548843103583
0.4634349315703186	0.3874261980096595
0.4636456721242349	0.3847311461742713
0.4638535739486720	0.3820527211450084
0.4640661474137722	0.3792944599419945
0.4642838072306442	0.3764502454082416
0.4645067804570099	0.3735163317661466
0.4647347021421507	0.3704967672970584
0.4649654331903920	0.3674197411361008
0.4651981893976824	0.3642958827360355
0.4654383409691370	0.3610527440105579
0.4656859851550565	0.3576880040521027
0.4659365782986983	0.3542631134461015
0.4661930263633786	0.3507385308266628
0.4664607389324378	0.3470390281312858
0.4667385494182230	0.3431794071953330
0.4670202008323910	0.3392468022979702
0.4673196182820029	0.3350460720131120
0.4676263381716795	0.3307230292690053
0.4679570139521493	0.3260426361378279
0.4683088179989123	0.3210425503631592
0.4686899941242747	0.3156051421216332
0.4691170503688807	0.3094928921555234
0.4696013204689451	0.3025416396944797
0.4703110049813584	0.2923325738979399
0.4714984906934869	0.2752682608590243
0.4720391471757425	0.2675126161869296
0.4724834027850837	0.2611598162923926
0.4728700561168276	0.2556500592623942
0.4732405194687253	0.2503912177010139
0.4735741603514869	0.2456746462122254
0.4738973230584309	0.2411257914695970
0.4742032748733599	0.2368386050102674
0.4745102118916570	0.2325578470775000
0.4747973894797430	0.2285730069833175
0.4750740930165244	0.2247536077102909
0.4753505897864574	0.2209574382502382
0.4756112596805916	0.2173986764847800
0.4758710604191541	0.2138718774032609
0.4761186778394637	0.2105302302046609
0.4763619732535427	0.2072661313384307
0.4766012572845157	0.2040754535150038
0.4768347638586770	0.2009810335874798
0.4770683371987036	0.1979053619942955
0.4772997798182798	0.1948778334483140
0.4775278605981502	0.1919142262963748
0.4777562029975925	0.1889676867458891
0.4779789173974741	0.1861140652087879
0.4781982168832484	0.1833241778696120
0.4784196033600027	0.1805282737118423
0.4786359497191364	0.1778165073004865
0.4788485208303065	0.1751721694124098
0.4790591471204267	0.1725719776888407
0.4792711888471820	0.1699747997611613
0.4794793678223068	0.1674453392191911
0.4796845761527970	0.1649720798150428
0.4798879368384034	0.1625410519190508
0.4800896772585099	0.1601493134346893
0.4802882796092596	0.1578145185808519
0.4804845551276298	0.1555265704083234
0.4806794157767280	0.1532745006343585
0.4808774604863768	0.1510056134326080
0.4810726782719831	0.1487891689722340
0.4812656037844116	0.1466185372045039
0.4814570020317727	0.1444847249436987
0.4816478726799984	0.1423764180000480
0.4818410902397961	0.1402623818358847
0.4820321444591310	0.1381922307005983
0.4822214935180832	0.1361605679420353
0.4824095841859342	0.1341623005013406
0.4825973175708890	0.1321877087331510
0.4827871843997579	0.1302110899480983
0.4829750405255450	0.1282758009455692
0.4831614053296042	0.1263760646075058
0.4833466031160195	0.1245082851110173
0.4835274973737850	0.1227033474687254
0.4837116817739327	0.1208853968556162
0.4838945402655709	0.1191004972660274
0.4840763715364183	0.1173454624663873
0.4842574686016888	0.1156172840015276
0.4844381689183897	0.1139126526148076
0.4846224208517124	0.1121948898125100
0.4848051038934313	0.1105122534021560
0.4849866052583029	0.1088608038036717
0.4851671267312275	0.1072384326081009
0.4853466735364949	0.1056448725500079
0.4855229240844616	0.1041000599022251
0.4857026218579789	0.1025449585602988
0.4858814360103299	0.1010176023267129
0.4860595422606948	0.0995162900090977
0.4862372126874215	0.0980385952406710
0.4864146074760548	0.0965831246860962
0.4865922750590406	0.0951453860068469
0.4867720072221971	0.0937114060007243
0.4869476709988173	0.0923298301692197
0.4871230801169226	0.0909699519158128
0.4872983615215579	0.0896307661049677
0.4874739915079407	0.0883086856316210
0.4876531165438979	0.0869806938256031
0.4878313030711128	0.0856801922548064
0.4880082851972126	0.0844088194090179
0.4881818181114410	0.0831819089173159
0.4883557996222963	0.0819713831520955
0.4885306938277919	0.0807742185722276
0.4887085470578373	0.0795771286579537
0.4888856603954141	0.0784054332969234
0.4890617309301395	0.0772608806660718
0.4892345814805926	0.0761568810998476
0.4894083826072996	0.0750663573255722
0.4895861778776077	0.0739710352597411
0.4897633643245859	0.0728999238682309
0.4899397055667279	0.0718542258986949
0.4901123437240412	0.0708501259641587
0.4902859453746580	0.0698599291590473
0.4904640575877610	0.0688642670596219
0.4906415628625873	0.0678924996216625
0.4908181142500947	0.0669462792292048
0.4909910789045378	0.0660389313459674
0.4911652620297640	0.0651447334465962
0.4913439127945039	0.0642479097215614
0.4915218275176259	0.0633752995919906
0.4916983478846970	0.0625298180260198
0.4918727922040471	0.0617139842775963
0.4920485723581454	0.0609116450937672
0.4922278969982115	0.0601135480186011
0.4924057180770363	0.0593426037370541
0.4925809340023425	0.0586027497883224
0.4927571472242056	0.0578784397904254
0.4929347804101242	0.0571682443950297
0.4931108568419406	0.0564841854208690
0.4932877008356254	0.0558169264514525
0.4934652562616113	0.0551668841038674
0.4936433649056500	0.0545348059745912
0.4938214848422260	0.0539226884039923
0.4940002355402039	0.0533284193087781
0.4941791651458821	0.0527536127059890
0.4943550347074773	0.0522081505012278
0.4945357482385818	0.0516676494178288
0.4947164739400564	0.0511473855362807
0.4948957421589537	0.0506514257002389
0.4950750081830709	0.0501751307851416
0.4952578492782936	0.0497096669716700
0.4954355426260906	0.0492770796844912
0.4956156170731664	0.0488582507654729
0.4958003225054220	0.0484490792717068
0.4959803461693434	0.0480702795085552
0.4961614625632607	0.0477089165653292
0.4963442629915445	0.0473640735937480
0.4965263350741277	0.0470405647625793
0.4967095262056185	0.0467349785497121
0.4968929137121597	0.0464490703763719
0.4970781023718480	0.0461804523517223
0.4972628854415308	0.0459326203213063
0.4974457424313670	0.0457070014895699
0.4976313068406197	0.0454979445742651
0.4978154849561241	0.0453103747510075
0.4980015179480404	0.0451407535400859
0.4981877449772696	0.0449909662198866
0.4983761776967602	0.0448595232456605
0.4985628390814869	0.0447494813052195
0.4987507715962408	0.0446583873489433
0.4989394611986113	0.0445872453308013
0.4991281667360202	0.0445359045726232
0.4993191692577509	0.0445043905753382
0.4995087278674434	0.0444930996371635
0.4996993470617335	0.0445018014761613
0.4998902198024636	0.0445306097984491
0.5000792916773257	0.0445787509909902
0.5002715659657445	0.0446478195182835
0.5004633579919600	0.0447364896702759
0.5006567324894197	0.0448462407834381
0.5008499022979787	0.0449757372911138
0.5010436273302862	0.0451256347505453
0.5012373562575323	0.0452955676333100
0.5014333492671081	0.0454876033660010
0.5016283639602874	0.0456985240576372
0.5018240810703891	0.0459305506389992
0.5020202318288743	0.0461828780927953
0.5022163825873596	0.0464552055465913
0.5024181084184867	0.0467555574203583
0.5026145827257038	0.0470682132851341
0.5028131845073709	0.0474045248505205
0.5030118093128464	0.0477606707237014
0.5032104341183219	0.0481368165968823
0.5034109208765118	0.0485365822866064
0.5036107926459004	0.0489549619263287
0.5038146277156068	0.0494018359980936
0.5040154794259660	0.0498615437369608
0.5042191441810892	0.0503478300052965
0.5044216099739075	0.0508512336261143
0.5046247228322218	0.0513759630949635
0.5048278356905361	0.0519206925638128
0.5050338270193188	0.0524932835359034
0.5052385425794600	0.0530822433256464
0.5054441874838268	0.0536939222043613
0.5056506812495420	0.0543278661942439
0.5058479141371194	0.0549529304414511
0.5060552248452738	0.0556295726851014
0.5062626389994839	0.0563265575566480
0.5064688376834076	0.0570389972930689
0.5066775430164101	0.0577801910375508
0.5068872869634172	0.0585447799953314
0.5070974233694550	0.0593311782144832
0.5073083012428117	0.0601401384088435
0.5075179922626271	0.0609644893675764
0.5077294972825985	0.0618158347821652
0.5079428100128914	0.0626945420220029
0.5081563543906317	0.0635943911567301
0.5083659735013110	0.0644972245625945
0.5085832764533728	0.0654533110586234
0.5087926944511291	0.0663944035538170
0.5090076374367114	0.0673798141839963
0.5092256352011637	0.0683997157148591
0.5094403989306493	0.0694243811387126
0.5096571877813548	0.0704786098021783
0.5098740607161987	0.0715532512394092
0.5100923324064528	0.0726548451964393
0.5103103110266359	0.0737750232012641
0.5105256076298056	0.0749008802284071
0.5107472364140382	0.0760799653323780
0.5109684118486104	0.0772769905803128
0.5111843100216401	0.0784650057045554
0.5114034352970832	0.0796902516816194
0.5116290858575512	0.0809724451534614
0.5118530611406424	0.0822657252191099
0.5120729179504032	0.0835550065974164
0.5122944769584119	0.0848739716454375
0.5125175345576527	0.0862217531954198
0.5127462599634897	0.0876244565136409
0.5129698090702368	0.0890155843444601
0.5131943520691589	0.0904328436708010
0.5134196701076480	0.0918750136064373
0.5136455233385794	0.0933406603764744
0.5138713003781176	0.0948258505789163
0.5140932707263212	0.0963054068194888
0.5143226242240400	0.0978542437772171
0.5145523642387243	0.0994261246876904
0.5147825358819257	0.1010213877054076
0.5150130202791617	0.1026392318925543
0.5152436951106009	0.1042787889827969
0.5154739341350749	0.1059355441210835
0.5156998414541076	0.1075807260685269
0.5159271329837444	0.1092554842488359
0.5161556218440317	0.1109587061749195
0.5163851426382787	0.1126893766753219
0.5166155520425250	0.1144465915706371
0.5168466838562735	0.1162292223932009
0.5170785764375795	0.1180376810323669
0.5173111153394647	0.1198711817463702
0.5175439241123657	0.1217268209261367
0.5177721377960632	0.1235651833674602
0.5180074502743667	0.1254806636225235
0.5182435544793540	0.1274228749103766
0.5184804180971097	0.1293916665911098
0.5187179638651828	0.1313864998456220
0.5189564170713160	0.1334093765252198
0.5191957977570769	0.1354606088836551
0.5194361249499694	0.1375405035230567
0.5196774279838172	0.1396494598971191
0.5199197451820385	0.1417879625972046
0.5201631235266260	0.1439565818657251
0.5204076907870235	0.1461566227988066
0.5206475715835481	0.1483346687917264
0.5208883933507208	0.1505412301217557
0.5211301475808774	0.1527763380378888
0.5213728234212729	0.1550399923175357
0.5216161889211219	0.1573301107439590
0.5218548371102391	0.1595951755028155
0.5220952274839049	0.1618959716168693
0.5223373453057111	0.1642326257556197
0.5225811884460961	0.1666053738471636
0.5228267764358780	0.1690146540733236
0.5230741433871555	0.1714610445884941
0.5233233323570978	0.1739452123455565
0.5235744126568831	0.1764680890495228
0.5238272699397782	0.1790287535181978
0.5240820479567245	0.1816288729932327
0.5243388954290099	0.1842701949210462
0.5245979473546764	0.1869543540427079
0.5248593344880910	0.1896829647023771
0.5251231546293125	0.1924573162711825
0.5253821179090388	0.1952002131021678
0.5256448229967211	0.1980022415083582
0.5259114473202999	0.2008658233084868
0.5261821721310133	0.2037934481967384
0.5264570078299553	0.2067857659695971
0.5267362152480893	0.2098461527240369
0.5270214046302630	0.2129928944848536
0.5273034580688464	0.2161252403123408
0.5275898586074859	0.2193259434291660
0.5278809805539404	0.2225996224507256
0.5281679548899741	0.2258461132869504
0.5284630084168532	0.2292034350401219
0.5287666439551697	0.2326783335696088
0.5290793842917882	0.2362778328315235
0.5294035928435743	0.2400302764391375
0.5297271785427622	0.2437959143880680
0.5300474064027842	0.2475417748808287
0.5303827707451282	0.2514840464185887
0.5307345898941978	0.2556398629414903
0.5311026678575842	0.2600085259012276
0.5314800984626692	0.2645086037467776
0.5318708847308551	0.2691877689504947
0.5322890239363980	0.2742149073497090
0.5327368174406754	0.2796189397965200
0.5332153072009264	0.2854137512103309
0.5337489235527597	0.2918963873711418
0.5344871980094580	0.3008872698072251
0.5366828543999832	0.3276285968796600
0.5372388138628753	0.3343749007346821
0.5376782343211696	0.3396885115461219
0.5381077509970100	0.3448629348854744
0.5384944221923300	0.3495017305452760
0.5388626726017700	0.3538995645351605
0.5392280141170298	0.3582421199895016
0.5395505680777926	0.3620571206968373
0.5398772584599107	0.3659007774316194
0.5401829201569595	0.3694768822558263
0.5404750036936077	0.3728747974544764
0.5407686526431590	0.3762704594592514
0.5410491208721000	0.3794933801691803
0.5413191645273197	0.3825767473137728
0.5415823033487656	0.3855618206826371
0.5418387947728939	0.3884517813377920
0.5420927903356109	0.3912936668538827
0.5423402653146598	0.3940427462400946
0.5425894671638343	0.3967905444994635
0.5428301666142650	0.3994242107665422
0.5430635360314495	0.4019578820837572
0.5432950917448913	0.4044518941415955
0.5435224206772675	0.4068804853258419
0.5437517643399563	0.4093100849846770
0.5439754208017940	0.4116589130569691
0.5441940174090649	0.4139344806215501
0.5444078166818279	0.4161403483303209
0.5446174640475562	0.4182839304892504
0.5448275855021174	0.4204125478975180
0.5450396399289756	0.4225402305018919
0.5452479106840965	0.4246093780331021
0.5454526558970612	0.4266231924415613
0.5456540035298034	0.4285835360226323
0.5458523156961275	0.4304944998128140
0.5460478864595817	0.4323594069002625
0.5462409989291979	0.4341813842634533
0.5464358367587508	0.4359996951942425
0.5466309114480251	0.4377997100986161
0.5468233623337826	0.4395550844598292
0.5470134150364938	0.4412683419668030
0.5472012317911661	0.4429413635237627
0.5473870087612759	0.4445762734979929
0.5475708913778206	0.4461746880838303
0.5477530026155164	0.4477379824362446
0.5479336382204023	0.4492689670417740
0.5481157790945844	0.4507926236217056
0.5482955134078767	0.4522760844990538
0.5484729232678999	0.4537205483282796
0.5486514240908167	0.4551537686259674
0.5488284434515548	0.4565549278249484
0.5490040625487366	0.4579249182397302
0.5491783510142317	0.4592645161597300
0.5493513600798996	0.4605743356140094
0.5495231268445129	0.4618548708811324
0.5496937380900798	0.4631069722343483
0.5498663225222099	0.4643532671931092
0.5500372470865841	0.4655672231736868
0.5502065855989331	0.4667497363158493
0.5503744112318451	0.4679016709634676
0.5505408004337415	0.4690238860611796
0.5507058281123234	0.4701172009151839
0.5508695020794134	0.4711819651704477
0.5510347251332499	0.4722368483659908
0.5511990288897498	0.4732658093851878
0.5513624711951974	0.4742693640229290
0.5515250996917413	0.4752479442659425
0.5516869532364385	0.4762019124683531
0.5518480644341488	0.4771315810746840
0.5520085773733976	0.4780378884753789
0.5521707597327734	0.4789332699328966
0.5523319099170351	0.4798025323147819
0.5524920480090253	0.4806460205569513
0.5526511947962529	0.4814640778520676
0.5528093913875672	0.4822571445291033
0.5529665724750386	0.4830251245973734
0.5531227892915670	0.4837685116554413
0.5532780910399054	0.4844877682455260
0.5534325253723636	0.4851833290056191
0.5535861406661949	0.4858556115236458
0.5537389608062532	0.4865049072496623
0.5538933806621631	0.4871411116138895
0.5540472951698536	0.4877552338738149
0.5542007276218299	0.4883474446799682
0.5543536978852411	0.4889178933883467
0.5545062238533255	0.4894667152001436
0.5546583388763233	0.4899940939029896
0.5548123925374184	0.4905077734313112
0.5549658518994122	0.4909989265591202
0.5551187586014790	0.4914678178859133
0.5552710190260148	0.4919142959781674
0.5554226631006485	0.4923386062498002
0.5555737194026519	0.4927409777645816
0.5557242156896358	0.4931216253680158
0.5558741789793523	0.4934807503486147
0.5560236356013305	0.4938185409766662
0.5561726112261118	0.4941351729587052
0.5563211308810950	0.4944308098464123
0.5564692189528979	0.4947056034119774
0.5566168991830621	0.4949596940140186
0.5567641946608514	0.4951932109660784
0.5569111278139919	0.4954062729114002
0.5570577204007306	0.4955989882101325
0.5572039934920936	0.4957714553234402
0.5573499678228575	0.4959237636082562
0.5574956631815269	0.4960559929656332
0.5576410986025923	0.4961682145748286
0.5577862924411666	0.4962604914149134
0.5579312624224633	0.4963328787184893
0.5580760244472482	0.4963854238521437
0.5582205885494639	0.4964181669272829
0.5583649758091715	0.4964311456199983
0.5585092052393900	0.4964243888138023
0.5586533411582898	0.4963979124726877
0.5587993855957555	0.4963509338724317
0.5589451535971145	0.4962837782055504
0.5590906669921708	0.4961965129689634
0.5592359603092719	0.4960891876413801
0.5593810004011718	0.4959618954376919
0.5595258094180118	0.4958146924692118
0.5596704100095113	0.4956476245055885
0.5598148260610651	0.4954607257604212
0.5599590785001409	0.4952540239424720
0.5601031902616865	0.4950275345281057
0.5602471839764459	0.4947812633692997
0.5603910820161222	0.4945152068224721
0.5605349064658237	0.4942293519950068
0.5606786790086975	0.4939236771996692
0.5608224209060808	0.4935981522901446
0.5609661529715952	0.4932527390297223
0.5611098955498420	0.4928873914712617
0.5612536685000157	0.4925020563432034
0.5613974911925392	0.4920966734146772
0.5615413824753456	0.4916711759538678
0.5616853606853079	0.4912254910757002
0.5618294436544271	0.4907595400996759
0.5619736487183024	0.4902732388968607
0.5621179927284196	0.4897664982183262
0.5622624920668230	0.4892392240064734
0.5624071627105862	0.4886913175103791
0.5625520198628752	0.4881226770439564
0.5626970785537511	0.4875331961058001
0.5628423536000704	0.4869227637128978
0.5629878596107012	0.4862912645682051
0.5631336148646060	0.4856385621477425
0.5632796016057200	0.4849646800533441
0.5634258400953985	0.4842694725840746
0.5635723499261308	0.4835527893538004
0.5637191505371107	0.4828144731512537
0.5638662611866909	0.4820543602516608
0.5640137008661175	0.4812722810605920
0.5641614886051611	0.4804680587035432
0.5643096431837198	0.4796415106860629
0.5644581833333571	0.4787924479965596
0.5646071269614026	0.4779206797518603
0.5647564922643832	0.4770260071199947
0.5649062974065386	0.4761082252251214
0.5650564789166418	0.4751676289206293
0.5652050921031383	0.4742167405129376
0.5653544008399949	0.4732413473076252
0.5655020652422021	0.4722570100127558
0.5656503330225022	0.4712490478817946
0.5657992207642856	0.4702172028209117
0.5659486637869168	0.4691617861413692
0.5660986863099498	0.4680825058467108
0.5662493103244685	0.4669790778366295
0.5664005565465425	0.4658512203485498
0.5665524429720846	0.4646986658643822
0.5667049873198122	0.4635211441550916
0.5668582064396881	0.4623183872838026
0.5670121161249033	0.4610901318284759
0.5671667308491857	0.4598361218640404
0.5673220634697046	0.4585561124351635
0.5674780984968243	0.4572500928160311
0.5676323560151596	0.4559391566852392
0.5677877273305753	0.4545990330654954
0.5679441213232664	0.4532302450681443
0.5681015795865787	0.4518321874080442
0.5682601453296331	0.4504042253314617
0.5684198638144172	0.4489456898599622
0.5685807991362692	0.4474557224328362
0.5687405303832841	0.4459569293859455
0.5689012378902761	0.4444290616115331
0.5690629366467659	0.4428717963822307
0.5692256370887155	0.4412848552222896
0.5693893305437058	0.4396681511410477
0.5695539773350887	0.4380219136960726
0.5697169130244385	0.4363731167831440
0.5698813690072839	0.4346893320472616
0.5700473822063590	0.4329698464991774
0.5702149848403054	0.4312139882242563
0.5703842134261874	0.4294210343773439
0.5705551064539096	0.4275902341597403
0.5707276966323329	0.4257208917988327
0.5709019806421205	0.4238127017467447
0.5710753377435794	0.4218945252422948
0.5712499506359244	0.4199423919337822
0.5714227764838938	0.4179906660752075
0.5715977616020070	0.4159950411717831
0.5717749368909696	0.4139547238492433
0.5719543301856396	0.4118689570707084
0.5721359166865527	0.4097376058523294
0.5723198031005438	0.4075590028781375
0.5725060838153800	0.4053315997325542
0.5726948275712229	0.4030541352183685
0.5728790151641491	0.4008120040312678
0.5730661347026701	0.3985147167033882
0.5732560316301544	0.3961636450918031
0.5734488675552768	0.3937562972380134
0.5736447476506190	0.3912908517590341
0.5738437311143675	0.3887660542917186
0.5740454023037027	0.3861867050130851
0.5742473041052338	0.3835843295633677
0.5744501724342550	0.3809498218802005
0.5746570269047468	0.3782437297492702
0.5748677623262146	0.3754668235123013
0.5750823808460591	0.3726185192432343
0.5752960793385796	0.3697626892268161
0.5755162286677464	0.3668007988976697
0.5757433899259633	0.3637241640198017
0.5759720428612051	0.3606071412407030
0.5762049985022474	0.3574112723634841
0.5764399553331985	0.3541682134615498
0.5766838792151007	0.3507813316061330
0.5769373377164171	0.3472413933051253
0.5771859256844314	0.3437499132021708
0.5774470607095642	0.3400626558336578
0.5777199550136083	0.3361890602704234
0.5779967484977107	0.3322401250047088
0.5782872803451411	0.3280754617362654
0.5785900499337339	0.3237150224658645
0.5789129750882186	0.3190440137084450
0.5792372141051760	0.3143345562729201
0.5795959506421547	0.3091043229507889
0.5799929257094337	0.3032959440196538
0.5804357958296062	0.2967954316020650
0.5809730626000957	0.2888897000651570
0.5817686860228801	0.2771592788243794
0.5827527205622253	0.2626761170670928
0.5832782926940798	0.2549511540490349
0.5837002646282365	0.2487674001336621
0.5841040608763568	0.2428694559782529
0.5844624412229764	0.2376546641416963
0.5848078263889622	0.2326488037025904
0.5851313680605893	0.2279793927160338
0.5854514576543546	0.2233797811104393
0.5857501315316874	0.2191075519277235
0.5860444716314667	0.2149176573676512
0.5863218936344676	0.2109884838118168
0.5865888263914043	0.2072270086730250
0.5868600325591464	0.2034256253694210
0.5871209200377255	0.1997891569329424
0.5873738097779522	0.1962839550823001
0.5876215890346400	0.1928691245047281
0.5878676690855346	0.1894976787419940
0.5881057409490561	0.1862555784794494
0.5883434603999805	0.1830381468268596
0.5885770602747297	0.1798963598722209
0.5888132003171082	0.1767409486464755
0.5890436795224188	0.1736817314169541
0.5892694094111560	0.1707057076187454
0.5894910357901091	0.1678036321497618
0.5897088963160959	0.1649704574788896
0.5899236162910316	0.1621975098245239
0.5901360565627075	0.1594732605077556
0.5903539368863108	0.1566995944014325
0.5905689700778559	0.1539826952683677
0.5907811077969476	0.1513227050151783
0.5909907726023443	0.1487138681491303
0.5911982616020729	0.1461521130441802
0.5914038062300753	0.1436342650082139
0.5916075911369865	0.1411577879373087
0.5918097557646763	0.1387207456930971
0.5920106792608925	0.1363183633434266
0.5922140030026373	0.1339075140505525
0.5924151936524510	0.1315422287354480
0.5926144383113378	0.1292199024613327
0.5928119056578137	0.1269382046932494
0.5930077557731014	0.1246949583646237
0.5932021504040716	0.1224880190465718
0.5933950953520649	0.1203170510574490
0.5935867820681064	0.1181796439397583
0.5937773162408377	0.1160744040058884
0.5939706766955278	0.1139577613124944
0.5941633142566309	0.1118690243345934
0.5943552893534414	0.1098074523110440
0.5945466538351366	0.1077724127542274
0.5947374533231067	0.1057633526576477
0.5949277967062281	0.1037790675915968
0.5951211847855510	0.1017835829710263
0.5953139503141738	0.0998152243335789
0.5955059250178857	0.0978755865479705
0.5956971849099814	0.0959637467112739
0.5958877985161513	0.0940788816398617
0.5960778288906224	0.0922202444441814
0.5962673346450900	0.0903871518883901
0.5964563705063454	0.0885789769005512
0.5966449881228733	0.0867951390584256
0.5968332365752387	0.0850350983369007
0.5970211627310021	0.0832983506006579
0.5972088115012144	0.0815844242063636
0.5973962259141327	0.0798928784094716
0.5975834489563882	0.0782232860208186
0.5977705214024458	0.0765752525705890
0.5979574813971914	0.0749484188443953
0.5981443658128421	0.0733424479065150
0.5983312102447091	0.0717570244783258
0.5985180491053489	0.0701918534976974
0.5987049156882223	0.0686466589822283
0.5988918421913464	0.0671211832499400
0.5990788597057196	0.0656151864298439
0.5992659982106061	0.0641284459009833
0.5994532865334278	0.0626607559957370
0.5996407507452781	0.0612119398414735
0.5998284070941813	0.0597819011665534
0.6000163110565097	0.0583702503854395
0.6002043904509011	0.0569775602908825
0.6003926778595970	0.0556036058999358
0.6005811429635285	0.0542486263622070
0.6007664524300543	0.0529360517666877
0.6009521872210642	0.0516400218428048
0.6011383982013718	0.0503602612446736
0.6013251324231531	0.0490965366136239
0.6015124347206477	0.0478486437804350
0.6017003414743425	0.0466164475157451
0.6018888879824105	0.0453998294439788
0.6020781081065473	0.0441986895882070
0.6022680342498998	0.0430129456289014
0.6024586973828584	0.0418425318474533
0.6026501268463142	0.0406873994287703
0.6028423504304851	0.0395475150041739
0.6030353943457856	0.0384228598642439
0.6032292569622633	0.0373135805965891
0.6034240135216143	0.0362193857519069
0.6036197172584069	0.0351401291011786
0.6038164207576916	0.0340756833033287
0.6040141761529439	0.0330259383005324
0.6042130352924134	0.0319907999950281
0.6044130501773335	0.0309701876195423
0.6046142205248022	0.0299642983202709
0.6048126468220522	0.0289922256276751
0.6050128364777417	0.0280315387960594
0.6052105397901402	0.0271023576881003
0.6054097323225642	0.0261856715483845
0.6056104266065445	0.0252816805066496
0.6058126392028675	0.0243905639449189
0.6060164086799620	0.0235124037838730
0.6062216267248650	0.0226479064818466
0.6064283694069126	0.0217969724386643
0.6066367028471261	0.0209595619579600
0.6068466889036175	0.0201356681876918
0.6070583854686673	0.0193253135227348
0.6072718441049976	0.0185285561333965
0.6074869309049995	0.0177461467659979
0.6076995223112924	0.0169927022491953
0.6079146486046703	0.0162501239408629
0.6081323760878745	0.0155186316801309
0.6083528917762228	0.0147980590771471
0.6085713580840627	0.0141040226108710
0.6087920404826657	0.0134227240136334
0.6090148611805184	0.0127547019088198
0.6092399079384329	0.0120999759235343
0.6094672225441069	0.0114587143480881
0.6096969596110507	0.0108307817082068
0.6099291847234265	0.0102163165069976
0.6101581369411354	0.0096301690299347
0.6103907177330141	0.0090543228993185
0.6106270183260160	0.0084891393889979
0.6108671595811459	0.0079349252881965
0.6111115569493738	0.0073913442379277
0.6113538754728260	0.0068723648573928
0.6115993195510963	0.0063665938654114
0.6118480381734139	0.0058740996463679
0.6121001517890666	0.0053950311308163
0.6123554751158379	0.0049301198259810
0.6126077595268469	0.0044903511218614
0.6128653143119183	0.0040609953463878
0.6131283146162628	0.0036425306103563
0.6133966841406161	0.0032358396947098
0.6136718536806953	0.0028395519026830
0.6139443161597561	0.0024673317646582
0.6142216813327896	0.0021084784589144
0.6145041080798482	0.0017633080202834
0.6147903247557140	0.0014338356068641
0.6150768821518012	0.0011237341735334
0.6153710864265137	0.0008253288478965
0.6156739915241968	0.0005385388283647
0.6159773983590243	0.0002712998838241
0.6162880475327356	0.0000177640505426
0.6166054528095798	-0.0002210261702653
0.6169205423947817	-0.0004385830766069
0.6172468339554641	-0.0006443230909292
0.6175857953428647	-0.0008378893430890
0.6179399824495918	-0.0010192745879864
0.6182953127843819	-0.0011808633557413
0.6186600610075401	-0.0013264327664652
0.6190290966143782	-0.0014541263710150
0.6194179567536178	-0.0015686549479833
0.6198303607020759	-0.0016691492498532
0.6202474096146302	-0.0017503067823033
0.6206708703381926	-0.0018133294579917
0.6211278634241537	-0.0018614212764160
0.6216223180691036	-0.0018922728280523
0.6221059252230439	-0.0019032777226367
0.6226463926623188	-0.0018962550685585
0.6232497080005198	-0.0018672788697364
0.6238666104494003	-0.0018185248663146
0.6246075871073489	-0.0017398509107024
0.6254586906711374	-0.0016286188835750
0.6265915281848046	-0.0014595826916750
0.6300890397126561	-0.0009466546924042
0.6316257033352262	-0.0007415988090172
0.6340088349668747	-0.0004536131410491
0.6354206827608830	-0.0003062372694660
0.6367547780610758	-0.0001869657035365
0.6380122778200282	-0.0000942431802536
0.6391938484402698	-0.0000262828848764
0.6403464407658126	0.0000211858165886
0.6415250977292709	0.0000504909905302
0.6429672669735194	0.0000619320986136
0.6443139777294969	0.0000507162005150
0.6524420059723300	-0.0000320141407485
0.6575909994557236	-0.0000741401996934
0.6604208962983341	-0.0000636084547103
0.6680521510180184	-0.0000396589385297
0.6696612991152262	-0.0000586533724530
0.6716400577609312	-0.0000303500751803
0.6744615021137115	-0.0000416378249986
0.6766848419443833	-0.0000113112309671
0.6792674623976500	-0.0000207109240967
0.6822605986758422	0.0000144816560471
0.6840357710188317	0.0000007568867624
0.6874412081888922	0.0000276230881580
0.6886699664475571	0.0000060004730977
0.6911773794878363	0.0000156964800962
0.6933570066843577	-0.0000126016389618
0.6951698360743223	-0.0000056134490641
0.6984367920968851	-0.0000370220003210
0.6998433061254379	-0.0000204129971527
0.7029796022975708	-0.0000340813828272
0.7049103108532285	-0.0000085335622840
0.7070469200766423	-0.0000130416682086
0.7098737061976182	0.0000190675674453
0.7117317360415399	0.0000100380444863
0.7146803154502699	0.0000324135945225
0.7167228990147387	0.0000147033062676
0.7192633762733368	0.0000255253134549
0.7220816974378335	0.0000060645384758
0.7243927676147701	0.0000214615732810
0.7265788533437025	0.0000078482366125
0.7294669930417890	0.0000297661268199
0.7312124113226676	0.0000148735011969
0.7346688704906793	0.0000062924131880
0.7382143078397384	-0.0000002985539612
0.7406214351372146	0.0000116382412689
0.7439274924871059	-0.0000168311748883
0.7461783293260842	-0.0000117451003387
0.7505686567950950	-0.0000119556146707
0.7539738710958429	-0.0000145875204364
0.7590062295214599	-0.0000192576507505
0.7611724142947600	0.0000135188326693
0.7627207123715307	-0.0000059477009577
0.7650447596465363	0.0000194588842054
0.7665866000647231	0.0000037296775081
0.7692857375226921	0.0000192459283963
0.7711873679369250	-0.0000053433997062
0.7730410096694713	0.0000036037941328
0.7847641554417738	0.0000188109422454
0.7877422093313393	0.0000014234846055
0.7899221931212325	0.0000252570309152
0.7912600458947068	0.0000008383009909
0.7935340377955659	0.0000132123811897
0.7962507799194966	-0.0000132919510762
0.7983612156109064	-0.0000105774823498
0.8076974126803144	-0.0000196688117451
0.8100027675513611	-0.0000310602387432
0.8126281170369893	-0.0000040733736241
0.8149458411953919	-0.0000163229808382
0.8191245553433457	0.0000213344925801
0.8208080527623570	0.0000105059192824
0.8281917665378984	-0.0000010933006662
0.8307947437625639	0.0000084094384465
0.8343827143258006	-0.0000081979539776
0.8377489689958720	-0.0000105952942985
0.8399479378560969	-0.0000131085206641
0.8415680022970089	-0.0000128291858347
0.8440767156399867	-0.0000159405064786
0.8454104066041759	-0.0000084211827435
0.8478394548511450	-0.0000094111902966
0.8512384952704564	0.0000224970073524
0.8528665001144019	0.0000043331086878
0.8579178467757130	0.0000174686028031
0.8606261950800637	-0.0000058509613940
0.8628812954489155	0.0000097460204435
0.8670481588308850	-0.0000126251048165
0.8686528548274395	0.0000032514075577
0.8700612008437533	0.0000123176816854
0.8717906116375717	-0.0000014384700994
0.8746618705523260	0.0000257832199793
0.8763667150765755	0.0000170035087630
0.8855254850246987	0.0000085648071604
0.8889857662123802	0.0000112844076140
0.8912655739736590	-0.0000185658154034
0.8929020945658700	0.0000005810843672
0.8983594742625491	-0.0000216136176204
0.9013832416888742	0.0000018462183267
0.9038997138345717	-0.0000127090920924
0.9060887260354876	0.0000052360782335
0.9082493598947751	-0.0000091376367320
0.9112402584417416	0.0000087801506615
0.9132365453516271	-0.0000066090713377
0.9162808340440333	0.0000061130970113
0.9183808353210013	-0.0000166222232694
0.9204984243298883	-0.0000085431571865
0.9238788673931211	-0.0000369751323361
0.9253847209661353	-0.0000221944836751
0.9291632568684979	-0.0000157174624331
0.9314240076306352	-0.0000085780910414
0.9347748030443134	-0.0000142754281856
0.9370450445415601	0.0000199261285647
0.9389369517303157	0.0000055005092312
0.9410856631657352	0.0000372165885737
0.9426283858372858	0.0000171275045803
0.9449003255040180	0.0000338567378558
0.9476595632195131	0.0000118235243115
0.9497087002032446	0.0000192550283096
0.9530235456124382	-0.0000083045300745
0.9549732925299669	0.0000058664208125
0.9577965170352849	-0.0000062149329653
0.9607592406864072	0.0000179363314254
0.9627454009780073	-0.0000002602174564
0.9654542481523195	0.0000261081556679
0.9674081914695375	0.0000059163433062
0.9711188950613452	0.0000234560281668
0.9727859673045328	0.0000016063897691
0.9747918450880872	0.0000138651515649
0.9772413135206461	-0.0000105186553058
0.9791547501673777	0.0000020097689303
0.9818655306753623	-0.0000164845643440
0.9840501808182325	0.0000025589538493
0.9864097068731891	-0.0000075181851523
0.9895207246084839	0.0000136542505672
0.9917675439128901	-0.0000004089469019
0.9942624982124582	0.0000142681765774
0.9968659071232403	-0.0000047930819497
0.9993851994114780	0.0000027150745075
