0.0000000000000000	0.0000000000000000
0.1250340560604171	0.0000200000000000
0.1265983896065941	0.0000001203627874
0.1284080865819594	0.0000286184314807
0.1302839862552974	0.0000119547866172
0.1324426560294844	0.0000339156366201
0.1377360979415091	0.0000497451469205
0.1396262250638309	0.0000800804348251
0.1423208436333550	0.0000881526342311
0.1442541189028485	0.0001263415245480
0.1465206046251836	0.0001360203715123
0.1486308390368849	0.0001799509555087
0.1527609358728462	0.0002288684884364
0.1543403759736961	0.0002833112261775
0.1562101799920274	0.0003485536965189
0.1576623728578792	0.0004162471192010
0.1589658509594073	0.0004980226900938
0.1600686324754279	0.0005860462624023
0.1610463246533193	0.0006808227040606
0.1621762853933830	0.0008120742295925
0.1632175104316226	0.0009558664575122
0.1641901229000687	0.0011118834450298
0.1651044799501265	0.0012793551992938
0.1659665491274744	0.0014572400854754
0.1667761196116521	0.0016434476188332
0.1675440977275838	0.0018385622248897
0.1682740364418693	0.0020419619825215
0.1689726215867892	0.0022541391678614
0.1697378385737295	0.0025077993605292
0.1704641249127490	0.0027705499849345
0.1711511328372047	0.0030403254038436
0.1718016577620380	0.0033162160198945
0.1724182505735501	0.0035973624701047
0.1730040487918703	0.0038833594708039
0.1735604032266388	0.0041731742282478
0.1741296898795693	0.0044890846660093
0.1746819527101389	0.0048152988200909
0.1752488063183804	0.0051714380372454
0.1757886396315602	0.0055319154556064
0.1763043306897672	0.0058967519449782
0.1767981952767571	0.0062658683927317
0.1772727230585307	0.0066395878525172
0.1777512204230646	0.0070362810825791
0.1782180161029346	0.0074432406294299
0.1786739530587642	0.0078605870281379
0.1791193814501163	0.0082880502063009
0.1795768104743193	0.0087480562289851
0.1800182807758340	0.0092131433438943
0.1804450016246998	0.0096831813412271
0.1808582827509945	0.0101583227403305
0.1812594635430961	0.0106389484224578
0.1816495031314558	0.0111251781868927
0.1820451148555918	0.0116380871918278
0.1824338048064599	0.0121619467609796
0.1828157463782880	0.0126965560250754
0.1831917187304795	0.0132425931292294
0.1835758356978237	0.0138213080101175
0.1839500240910853	0.0144059933329612
0.1843148970525804	0.0149965882812824
0.1846710731829707	0.0155931409205000
0.1850191670714432	0.0161957965598709
0.1853597798720989	0.0168047826920638
0.1856927764508280	0.0174190957645403
0.1860319480156618	0.0180644951402482
0.1863664893791451	0.0187210156010848
0.1866965911818057	0.0193886942463397
0.1870227573532485	0.0200682309677882
0.1873551827823943	0.0207815373060039
0.1876810875133706	0.0215016658118564
0.1880007775859338	0.0222285292778186
0.1883145621670393	0.0229621023838902
0.1886227573893713	0.0237024336473942
0.1889256876600649	0.0244496524194107
0.1892236410844559	0.0252038615092985
0.1895254702917392	0.0259877720813521
0.1898240720948763	0.0267833316138291
0.1901195407879136	0.0275905187325846
0.1904118983417949	0.0284091206478978
0.1907012329717040	0.0292391103543496
0.1909881955589737	0.0300821100158249
0.1912800376823744	0.0309600439007946
0.1915676863066907	0.0318460443529812
0.1918512941772554	0.0327400297239822
0.1921310243811820	0.0336419808682339
0.1924070515176211	0.0345519495664514
0.1926795617775379	0.0354700637327555
0.1929487511842257	0.0363965262586988
0.1932148223507483	0.0373316078376803
0.1934778511904289	0.0382751767462520
0.1937453002129852	0.0392544211707446
0.1940107838226874	0.0402464788977534
0.1942743692070033	0.0412514221622585
0.1945360361206975	0.0422689932486848
0.1947959051926686	0.0432994809701826
0.1950544115204825	0.0443444567615569
0.1953171991983521	0.0454273425739068
0.1955773021500078	0.0465198623537706
0.1958349271437747	0.0476225018013961
0.1960901726504165	0.0487353270870607
0.1963431377414218	0.0498584292774586
0.1965939250589970	0.0509919386544934
0.1968426400143206	0.0521360228417365
0.1970893896574462	0.0532908829879575
0.1973342813432805	0.0544567484203567
0.1975774193553392	0.0556338608367156
0.1978189096209069	0.0568224966343725
0.1980588555342665	0.0580229469363971
0.1982973582952680	0.0592355185585959
0.1985345076995310	0.0604604860073906
0.1987703357759901	0.0616978429985978
0.1990049790418249	0.0629481470124430
0.1992387033446280	0.0642126863807955
0.1994769461446094	0.0655214638183932
0.1997188816373310	0.0668711608965369
0.1999595698048932	0.0682346565258979
0.2001990640167449	0.0696120796524712
0.2004374142579773	0.0710035519615583
0.2006746674835438	0.0724091887137215
0.2009108679832983	0.0738290998125085
0.2011460577643248	0.0752633911521650
0.2013802769501848	0.0767121662545707
0.2016135641709612	0.0781755280431787
0.2018459569391995	0.0796535807186235
0.2020774919318897	0.0811464312157887
0.2023082054113218	0.0826541917044795
0.2025381335471403	0.0841769816431544
0.2027673125120520	0.0857149284794112
0.2029957809006393	0.0872681841543684
0.2032235764807327	0.0888369038291452
0.2034507370203706	0.0904212513908308
0.2036773222936917	0.0920215539837859
0.2039032292863735	0.0936369894271986
0.2041285314059939	0.0952679758655969
0.2043532881176487	0.0969148502555600
0.2045775571544355	0.0985779531969817
0.2048013937727887	0.1002576225385657
0.2050248510208385	0.1019541943392320
0.2052479800327444	0.1036680041619877
0.2054708303348385	0.1053993886054400
0.2056934501355711	0.1071486868595655
0.2059158866955552	0.1089162430362545
0.2061381862338194	0.1107024049665629
0.2063603942816516	0.1125075265740355
0.2065825559109295	0.1143319693870426
0.2068047158036064	0.1161761028424929
0.2070269184426595	0.1180403056378283
0.2072492081987977	0.1199249662811475
0.2074716293684349	0.1218304832555863
0.2076942261704909	0.1237572648332134
0.2079170427060305	0.1257057285477917
0.2081401228945295	0.1276763004247415
0.2083635101340275	0.1296694117096921
0.2085872461320663	0.1316854879329318
0.2088113745670442	0.1337249812842268
0.2090359386633566	0.1357883488915415
0.2092609814701471	0.1378760550144345
0.2094865455546853	0.1399885678253603
0.2097126675052004	0.1421263071609270
0.2099393427404507	0.1442893041681160
0.2101666320240454	0.1464782116875652
0.2103945953826684	0.1486936888280251
0.2106232902546709	0.1509363819763564
0.2108527709163687	0.1532069174694976
0.2110829994871913	0.1555050149928945
0.2113088090501981	0.1577785104799572
0.2115360335994180	0.1600856066816549
0.2117647518911687	0.1624273400638626
0.2119950448268411	0.1648047852504871
0.2122269952401189	0.1672190529706567
0.2124606871827948	0.1696712825761880
0.2126962059165766	0.1721626415923020
0.2129334968156045	0.1746928186013216
0.2131727151316555	0.1772637281222721
0.2134140240038663	0.1798774062876319
0.2136575875361306	0.1825359369005771
0.2139035686765509	0.1852414269203670
0.2141521238409088	0.1879959447438500
0.2144033765822883	0.1908012231821115
0.2146452480735176	0.1935212776571804
0.2148902543305200	0.1962957831426403
0.2151386643034673	0.1991282263165410
0.2153907080899752	0.2020217033600203
0.2156465914192049	0.2049790686872651
0.2159064706763723	0.2080026319759375
0.2161703400447962	0.2110928128421020
0.2164384096469097	0.2142525408739951
0.2167030063225009	0.2173910138437490
0.2169745077763801	0.2206310675478196
0.2172532781174008	0.2239780241002600
0.2175398516575885	0.2274392871303392
0.2178268551862819	0.2309259374526433
0.2181194078307829	0.2345001559547830
0.2184111215271865	0.2380835750384240
0.2187148202560609	0.2418338454854581
0.2190305593709380	0.2457530689508505
0.2193579459610257	0.2498376740109106
0.2196820546824367	0.2539008561118626
0.2200255478277726	0.2582267265304089
0.2203861044651641	0.2627878784153714
0.2207622132000636	0.2675658063207572
0.2211746409973900	0.2728262640504406
0.2216062248328089	0.2783513048252051
0.2221035211928239	0.2847384308497505
0.2226383340463217	0.2916279856845920
0.2233349494534730	0.3006228232312337
0.2250530490143030	0.3227962230662543
0.2256080631283581	0.3299389464168311
0.2260618101669397	0.3357586462881862
0.2264833930527158	0.3411461083223160
0.2268694660743651	0.3460602422925475
0.2272263082443541	0.3505822899790036
0.2275609015227966	0.3548025881138815
0.2278829200922793	0.3588445195709777
0.2281942253990272	0.3627316993191505
0.2284875645667127	0.3663748824412261
0.2287754097119268	0.3699300060684062
0.2290553455629378	0.3733671608020946
0.2293238927043560	0.3766446553623871
0.2295852094226473	0.3798144120359793
0.2298411093943077	0.3828986587592061
0.2300927171479230	0.3859111124642495
0.2303371370825476	0.3888176584933768
0.2305769844911138	0.3916501305344023
0.2308143874453087	0.3944336208892370
0.2310440419628243	0.3971065017153736
0.2312718433372893	0.3997378943399301
0.2314955896043400	0.4023025771009606
0.2317203569108471	0.4048585259023157
0.2319394094654670	0.4073291093460277
0.2321529702169579	0.4097178055737374
0.2323618297182314	0.4120343500089583
0.2325660943075761	0.4142806801469835
0.2327723225003477	0.4165288986032633
0.2329791726983607	0.4187634726359632
0.2331818913082122	0.4209330689915081
0.2333809645878621	0.4230436087158453
0.2335767546465815	0.4250995473102193
0.2337695675172184	0.4271046392366332
0.2339597649571563	0.4290631195072945
0.2341509611693312	0.4310120660199420
0.2343427297877969	0.4329464744101739
0.2345317965056295	0.4348332941470530
0.2347183666907460	0.4366750543605331
0.2349026071582345	0.4384738393482454
0.2350846580287670	0.4402314216240547
0.2352645796147374	0.4419487663514773
0.2354428603081342	0.4436308749676494
0.2356223505769645	0.4453044067900864
0.2357990913619160	0.4469323695813003
0.2359766860819344	0.4485479865872714
0.2361525473210102	0.4501276054379759
0.2363267745294433	0.4516724256983274
0.2364994505327606	0.4531834675022674
0.2366706284826861	0.4546614687119460
0.2368404193408025	0.4561076443414988
0.2370089570418620	0.4575233644951364
0.2371792438815401	0.4589335448124053
0.2373476826161861	0.4603081490619597
0.2375143499545763	0.4616482277357466
0.2376793284155629	0.4629548497809803
0.2378425911373799	0.4642281933917977
0.2380071027091417	0.4654912597824900
0.2381705122734578	0.4667257822989757
0.2383329006231806	0.4679325656661729
0.2384943350767642	0.4691122843110485
0.2386548728020692	0.4702655137346574
0.2388145622874234	0.4713927467213773
0.2389735782830795	0.4724953423876747
0.2391341225756686	0.4735882189621729
0.2392935128389252	0.4746528687255260
0.2394518101593195	0.4756899651703076
0.2396089498254970	0.4766993482641531
0.2397650054044102	0.4776817650911492
0.2399200462715766	0.4786379052358485
0.2400741385688432	0.4795684088898589
0.2402273444180512	0.4804738639949343
0.2403797241052983	0.4813548212566920
0.2405313324468802	0.4822117745925405
0.2406822199459029	0.4830451707231041
0.2408323908395296	0.4838551826001675
0.2409842790092136	0.4846546235690269
0.2411357533791788	0.4854319126373250
0.2412890379394594	0.4861980663830026
0.2414415765580824	0.4869399651334627
0.2415934039743267	0.4876579566752748
0.2417445534409695	0.4883523676487438
0.2418950557948129	0.4890235001715024
0.2420449439429153	0.4896716528302482
0.2421942481826410	0.4902970995505959
0.2423429968706789	0.4909000939018541
0.2424912167450647	0.4914808715339021
0.2426389332020782	0.4920396521926236
0.2427861705330732	0.4925766413742030
0.2429329520922768	0.4930920315522714
0.2430793004935559	0.4935860033751941
0.2432252376937746	0.4940587263435584
0.2433707850850081	0.4945103594531897
0.2435159636048503	0.4949410518268404
0.2436607768266503	0.4953508955170000
0.2438052545912917	0.4957400533240772
0.2439494225220204	0.4961086642638755
0.2440933039440849	0.4964568507632077
0.2442369202041998	0.4967847208768803
0.2443803514559038	0.4970925042178750
0.2445255393721153	0.4973839844648549
0.2446703274406459	0.4976544962262509
0.2448147395447971	0.4979041977209293
0.2449587996690119	0.4981332367853719
0.2451025318312827	0.4983417506673861
0.2452459600221568	0.4985298658867748
0.2453891081313622	0.4986976981352196
0.2455319998691812	0.4988453522343683
0.2456746586865715	0.4989729221605156
0.2458171075824882	0.4990804910445726
0.2459593696995028	0.4991681318406446
0.2461014680284551	0.4992359071171868
0.2462434232036790	0.4992838683435788
0.2463852553630450	0.4993120578607598
0.2465269929759238	0.4993205103559287
0.2466686095585713	0.4993092521348045
0.2468101308989176	0.4992783134838749
0.2469515809144773	0.4992277135013091
0.2470929822157882	0.4991574610504079
0.2472343561487418	0.4990675556310742
0.2473757228457293	0.4989579882106053
0.2475171012821953	0.4988287420085262
0.2476585093390569	0.4986797932299565
0.2477999638684724	0.4985111117449878
0.2479414807612416	0.4983226617132199
0.2480830750142986	0.4981144021542084
0.2482247607970201	0.4978862874658299
0.2483665515154795	0.4976382678932634
0.2485084598681438	0.4973702899625588
0.2486504979049216	0.4970822968628417
0.2487926770873855	0.4967742287794298
0.2489350178935373	0.4964460018413599
0.2490774817260982	0.4960976683258960
0.2492200866147469	0.4957291564704657
0.2493628471053175	0.4953403965141994
0.2495057778727015	0.4949313127195849
0.2496488933728817	0.4945018243908786
0.2497922078178539	0.4940518461382638
0.2499357351481014	0.4935812881732442
0.2500794890029777	0.4930900566364063
0.2502234826891884	0.4925780539588405
0.2503677291526668	0.4920451792398335
0.2505122409206754	0.4914913287633759
0.2506570300842921	0.4909163964041217
0.2508021082629157	0.4903202741252548
0.2509474865605303	0.4897028525430860
0.2510931755137671	0.4890640215659663
0.2512391849676144	0.4884036714010613
0.2513855240588065	0.4877216931639780
0.2515322012731401	0.4870179791559900
0.2516792242265729	0.4862924244682237
0.2518264998891717	0.4855454269588505
0.2519722189511988	0.4847865265201471
0.2521184239707006	0.4840053777989596
0.2522651393621015	0.4832017307373808
0.2524123887900404	0.4823753297566262
0.2525601954522664	0.4815259127234055
0.2527085822181324	0.4806532105509155
0.2528575717706557	0.4797569466709678
0.2530071870289575	0.4788368346896671
0.2531574496985004	0.4778925874211170
0.2533083827178321	0.4769239021063836
0.2534600099836038	0.4759304615399245
0.2536123565067890	0.4749119325206939
0.2537654713525331	0.4738678103061309
0.2539170866591102	0.4728138360509853
0.2540692639399357	0.4717359776704279
0.2542220234538606	0.4706339927222883
0.2543753802711889	0.4695076711743162
0.2545293450124055	0.4683568332846779
0.2546837876702072	0.4671823594957024
0.2548367069816856	0.4659998259972835
0.2549905946533232	0.4647902203612296
0.2551454609956189	0.4635532356054796
0.2553013171147903	0.4622885587248761
0.2554581744601698	0.4609958741603062
0.2556160512036752	0.4596748108665347
0.2557749006597463	0.4583255463476686
0.2559347627107849	0.4569475401349298
0.2560956674626623	0.4555403244942013
0.2562576153047647	0.4541036857307095
0.2564207096670207	0.4526364888162492
0.2565849859604054	0.4511381774784071
0.2567503065293050	0.4496097756559696
0.2569120380770799	0.4480948387238439
0.2570751801336393	0.4465471303822226
0.2572397391911418	0.4449662906367611
0.2574056512676880	0.4433526514617401
0.2575729654621203	0.4417054694960972
0.2577417245042514	0.4400240517041230
0.2579119643466975	0.4383077638201813
0.2580837126027095	0.4365560508544939
0.2582568805387049	0.4347695506016271
0.2584286026083749	0.4329780875487861
0.2586025788465997	0.4311432306823345
0.2587787446814719	0.4292651746628516
0.2589574363187882	0.4273398500662352
0.2591349968743710	0.4254067143696535
0.2593144766823500	0.4234327339782159
0.2594959016209319	0.4214173001426604
0.2596792539822774	0.4193602982817606
0.2598608194546154	0.4173036706377962
0.2600453221320346	0.4151941339321737
0.2602328642642271	0.4130299254517876
0.2604235557716880	0.4108091718718757
0.2606177136034562	0.4085275548516592
0.2608113058766088	0.4062324270827014
0.2610072677233048	0.4038891079098849
0.2612017408634160	0.4015440109813977
0.2614002062013879	0.3991311927361610
0.2616027682496330	0.3966486515077022
0.2618094384584487	0.3940955323522986
0.2620205152050595	0.3914674421032495
0.2622315656198115	0.3888194974876258
0.2624426821185822	0.3861511376253435
0.2626589674395545	0.3833977562450572
0.2628807731759699	0.3805540528421242
0.2631082162837926	0.3776176884584528
0.2633401332895726	0.3746029397342099
0.2635712664751252	0.3715786876108736
0.2638097387781857	0.3684385517977377
0.2640552865186859	0.3651850163525229
0.2643015269759343	0.3619025348061354
0.2645600855175133	0.3584357800290938
0.2648247256487828	0.3548673551131780
0.2650965730603803	0.3511814565754229
0.2653778600646785	0.3473475921815239
0.2656762750320790	0.3432595001019210
0.2659774160738165	0.3391142328263002
0.2662988227362366	0.3346697819190655
0.2666413672512257	0.3299126158058266
0.2670014697655631	0.3248911994487124
0.2673957363556089	0.3193730260126821
0.2678234013491088	0.3133674303053066
0.2684082492537757	0.3051318355846795
0.2691925018455704	0.2940631687610046
0.2703214561518117	0.2781505604670208
0.2708407855216082	0.2708414163566016
0.2712918941671694	0.2645108036000967
0.2717105096675820	0.2586558544550287
0.2720954102242842	0.2532927548644909
0.2724488493101685	0.2483875572510227
0.2727888924228517	0.2436883083459033
0.2731334904651451	0.2389468826467851
0.2734408234163263	0.2347378625695397
0.2737437395484388	0.2306090717095393
0.2740385374309350	0.2266112135497804
0.2743215721660613	0.2227926906886325
0.2746058924430984	0.2189771964238327
0.2748775183640185	0.2153522467674032
0.2751384011844082	0.2118900717181211
0.2753993064243731	0.2084473040134997
0.2756558615439062	0.2050817662280610
0.2759122787413816	0.2017384781948721
0.2761619097504186	0.1985039372969015
0.2764058538226555	0.1953629555660890
0.2766446640976285	0.1923076289644266
0.2768796663173513	0.1893203496120328
0.2771160508041687	0.1863353211809357
0.2773530054020728	0.1833635511664612
0.2775862121607636	0.1804591872133374
0.2778158549286766	0.1776193978840466
0.2780424590937934	0.1748371920304158
0.2782664250870112	0.1721072534693766
0.2784880468507858	0.1694256673264128
0.2787077520358561	0.1667869835089834
0.2789303003268998	0.1641344581298780
0.2791497306490703	0.1615394318320200
0.2793663775289691	0.1589974035171963
0.2795805356572603	0.1565044391752615
0.2797924754853996	0.1540569749661316
0.2800024313579311	0.1516519436708514
0.2802106145700208	0.1492866112693444
0.2804171059133673	0.1469597794950903
0.2806265267232032	0.1446197402062471
0.2808349140300160	0.1423112182181609
0.2810424104047418	0.1400325278178028
0.2812534363554074	0.1377356662095487
0.2814631666156854	0.1354736619505588
0.2816716932382990	0.1332453069319360
0.2818790994713933	0.1310495117678014
0.2820854655890236	0.1288852408601860
0.2822909040040554	0.1267511448002596
0.2824952893274806	0.1246483557749311
0.2826987323277672	0.1225755450921665
0.2829013310121642	0.1205315481101722
0.2831031748997120	0.1185153157929936
0.2833043462359012	0.1165258988576872
0.2835049208962866	0.1145624356548019
0.2837049685810903	0.1126241474531536
0.2839045573596621	0.1107102920157559
0.2841037487308803	0.1088202098541209
0.2843025996209531	0.1069533025063005
0.2845011632077949	0.1051090228067421
0.2846994895232912	0.1032868676636695
0.2848976259038781	0.1014863725537040
0.2850956173033742	0.0997071075062477
0.2852935065850887	0.0979486734427757
0.2854913347475371	0.0962106992550155
0.2856891430893262	0.0944928220595758
0.2858869222006014	0.0927951242476943
0.2860847198806968	0.0911171954840214
0.2862825772421792	0.0894586949557964
0.2864805321144950	0.0878193201901381
0.2866786195426890	0.0861988013760798
0.2868768722392688	0.0845968963484693
0.2870753206293047	0.0830133890803680
0.2872739931371541	0.0814480862988445
0.2874729162493819	0.0799008159906026
0.2876721144783023	0.0783714266988916
0.2878716102327594	0.0768597874929305
0.2880714235954888	0.0753657885507718
0.2882715702104910	0.0738893556337385
0.2884719639847273	0.0724311609626051
0.2886689438308874	0.0710172989558252
0.2888664982271585	0.0696186530988644
0.2890646769309018	0.0682349749259074
0.2892635262276598	0.0668660540721950
0.2894630894725574	0.0655117128257842
0.2896634100536774	0.0641717846604841
0.2898645210493943	0.0628461825107461
0.2900664566095660	0.0615348197568181
0.2902692512536710	0.0602376150809473
0.2904729397182798	0.0589544934710717
0.2906775568180168	0.0576853870437267
0.2908831373145997	0.0564302357284531
0.2910897157929220	0.0551889878257409
0.2912973265479396	0.0539616004211827
0.2915060034268362	0.0527480399882320
0.2917157797918440	0.0515482822036690
0.2919266831618250	0.0503623419046488
0.2921387152942362	0.0491903789219603
0.2923519320692083	0.0480322541115680
0.2925663864809913	0.0468878576642271
0.2927821266905849	0.0457571177786774
0.2929944194500085	0.0446643758665689
0.2932084134889906	0.0435826816953729
0.2934241681635896	0.0425120309760311
0.2936417473703579	0.0414524110886351
0.2938612196223483	0.0404038024646181
0.2940828393536033	0.0393653226056916
0.2943012919435515	0.0383615369661245
0.2945214926187365	0.0373694500677728
0.2947434766795471	0.0363891586418876
0.2949672728636726	0.0354207916108593
0.2951928472749563	0.0344647424164317
0.2954202845774864	0.0335208932302690
0.2956496635911379	0.0325891697091663
0.2958810517017765	0.0316695600966261
0.2961143767801524	0.0307626135552843
0.2963444433146107	0.0298880920614315
0.2965774112707676	0.0290222328064668
0.2968133567994628	0.0281652210442884
0.2970523734879727	0.0273171936463090
0.2972946243417475	0.0264780636405038
0.2975346095950048	0.0256666677632745
0.2977771704799164	0.0248663878987308
0.2980222378960625	0.0240777604323311
0.2982699206715300	0.0233007302459188
0.2985202926684267	0.0225353697549589
0.2987733663463265	0.0217819449527154
0.2990289132004176	0.0210414298746393
0.2992816681684825	0.0203286551327454
0.2995386224265068	0.0196236856787435
0.2997998979537945	0.0189267938396413
0.3000656509747203	0.0182381823113644
0.3003362728165750	0.0175574835297435
0.3006045094031726	0.0169027847028333
0.3008763160628732	0.0162592903133638
0.3011518825197930	0.0156269268509620
0.3014313400310690	0.0150057841235095
0.3017144839452801	0.0143967005038425
0.3019936011510403	0.0138158003641074
0.3022786604922997	0.0132420143593055
0.3025698525329791	0.0126757298857755
0.3028674311544549	0.0121172406978719
0.3031720772670467	0.0115660967298791
0.3034743843506441	0.0110392313532667
0.3037819082740492	0.0105232485305385
0.3040949421844915	0.0100181435976171
0.3044135003850176	0.0095243908823427
0.3047268930084900	0.0090580819382165
0.3050488427154725	0.0085984289204245
0.3053796810879754	0.0081459428307806
0.3057198835858203	0.0077009843407343
0.3060712057853810	0.0072623513397270
0.3064190864862364	0.0068482227752288
0.3067749446333409	0.0064446909922344
0.3071391193437535	0.0060520168709941
0.3075101074713359	0.0056724315991555
0.3078817093595259	0.0053119336093776
0.3082668658326089	0.0049583045982485
0.3086676046211327	0.0046110601563018
0.3090676636814549	0.0042845058212208
0.3094796518453267	0.0039683112703256
0.3099045329148610	0.0036625789217584
0.3103213412009305	0.0033819075771054
0.3107580656948464	0.0031070549440624
0.3112161966194315	0.0028387801808045
0.3116999917563688	0.0025764351636780
0.3121850193140531	0.0023337149541015
0.3126901153879715	0.0021012571736751
0.3132135704587897	0.0018809410616058
0.3137434245430556	0.0016775651127443
0.3143104476451161	0.0014801651336764
0.3148912530939561	0.0012977676748757
0.3155071767114563	0.0011245278420161
0.3161583551260740	0.0009620585038693
0.3168070630246546	0.0008194596235852
0.3175156932847351	0.0006832164382578
0.3183137654831116	0.0005511599981074
0.3191174275367525	0.0004385671348436
0.3200021670263302	0.0003353014427890
0.3209746729467237	0.0002437343475087
0.3220125370729905	0.0001669029734774
0.3230549269733944	0.0001083250160275
0.3242658332061522	0.0000593678838188
0.3257153332834739	0.0000224594420193
0.3274925044686171	0.0000020244567646
0.3299103526987908	-0.0000052684194019
0.3350640181672147	-0.0000371199741321
0.3386757924744964	-0.0000224486976455
0.3414939824027313	-0.0000477007629670
0.3441951354174690	-0.0000334953862990
0.3464224484201716	-0.0000568316958187
0.3486509851106157	-0.0000461792874860
0.3512290129529440	-0.0000671803611546
0.3534161693515784	-0.0000534270930198
0.3559464864240670	-0.0000705768632679
0.3581584804350199	-0.0000542911823843
0.3610102857716684	-0.0000676869718978
0.3628639383336337	-0.0000483037458768
0.3661612308299799	-0.0000556401294536
0.3681677391663422	-0.0000294566948934
0.3704657350877888	-0.0000308105019414
0.3739656389938503	0.0000076128687678
0.3754225445131094	-0.0000019021035574
0.3793248027934282	0.0000083878241245
0.3819355547788005	0.0000141898830333
0.3865027869868743	-0.0000073813306018
0.3903911223361793	0.0000041235012601
0.3927520614608109	-0.0000167856185412
0.3945041431759081	0.0000022103836330
0.3970786380132839	-0.0000072942576682
0.3993615717606830	0.0000208233991672
0.4011469345023094	0.0000139243107572
0.4080951616900507	0.0000096130424037
0.4094610423334570	0.0000274203221274
0.4117176712009998	0.0000024766368519
0.4139150294631867	0.0000054725231923
0.4259634548297738	-0.0000075567522136
0.4287864386306864	-0.0000125450857489
0.4312838840523083	0.0000149169160030
0.4333586198836169	-0.0000025672205008
0.4369819007002577	0.0000211125532865
0.4386713775526473	-0.0000034014191169
0.4409207305534402	0.0000137052249862
0.4432552073036479	-0.0000167124170732
0.4450022485541834	-0.0000016433507694
0.4544293020768261	-0.0000026497936511
0.4571857931321540	-0.0000193102198985
0.4593195645873623	0.0000081391154505
0.4615346101277784	-0.0000040054511254
0.4640976624619563	0.0000223636772786
0.4655040366215925	0.0000044448145079
0.4676696854841650	0.0000204013775156
0.4698088087909052	-0.0000052110303679
0.4717197321971119	0.0000014851851786
0.4886725458757706	0.0000078732949336
0.4915713033606733	-0.0000088145715799
0.4940111289909944	0.0000071848556494
0.4965761203671797	-0.0000109753296907
0.4988687053994483	-0.0000005494046587
0.5019765058386574	-0.0000229316873187
0.5035780343023255	-0.0000059693460274
0.5066082880364839	-0.0000176378270703
0.5087330204927056	0.0000092638540982
0.5105330550758505	0.0000031113611209
0.5178515215712829	0.0000082247604999
0.5192329125140824	0.0000280769977204
0.5211408472266937	0.0000045005653108
0.5232958560966358	0.0000088831189620
0.5333810257536783	-0.0000069848385423
0.5346860096561815	-0.0000303322935222
0.5363634601518489	-0.0000108712383146
0.5391958499626963	-0.0000159281228936
0.5426448589273771	0.0000172212437651
0.5451300315045643	0.0000066776651043
0.5595792407099933	-0.0000017185087732
0.5627602516615199	0.0000134895854530
0.5648404499379363	-0.0000097354560427
0.5675356858747523	0.0000102178286820
0.5703544896700197	-0.0000047704305923
0.5725502850903208	0.0000099334149594
0.5752237992681322	-0.0000059831083670
0.5781383749789329	0.0000073262351925
0.5806445924593392	-0.0000081176120670
0.5835068110690071	0.0000060093047501
0.5859043027426444	-0.0000081384626775
0.5885476972419207	0.0000089045742275
0.5911474438392694	-0.0000045608162138
0.5939647183182700	0.0000110346266480
0.5958099743974282	-0.0000073129719329
0.5977718319088224	0.0000092639321332
0.5997525201631655	-0.0000111266247408
0.6019164876910561	0.0000025771665506
0.6047035817307933	-0.0000141675187899
0.6066591333955558	0.0000059105629500
0.6090395113329714	-0.0000028527050452
0.6127492701573125	0.0000240913267057
0.6148382948606567	0.0000111318557388
0.6230407409454624	0.0000317094020222
0.6265193941310460	0.0000253715944446
0.6289787810501251	0.0000417423911836
0.6348532853763188	0.0000897172464016
0.6381768511640634	0.0001209148321200
0.6442631469731409	0.0001780756415113
0.6478215720702325	0.0002361676361779
0.6547724099140850	0.0003791749077877
0.6572141686349549	0.0004548787027540
0.6589570592367007	0.0005257205637027
0.6607385269780490	0.0006204330167241
0.6623461716251676	0.0007272530779117
0.6637841807936846	0.0008430344832998
0.6651176287484605	0.0009699158863622
0.6665207500359814	0.0011266755432351
0.6677704834651764	0.0012894179971152
0.6688924430697822	0.0014566968156028
0.6699084609098280	0.0016276453693173
0.6708407095474772	0.0018025970715694
0.6717021353449509	0.0019813131442004
0.6726015309664053	0.0021868475295067
0.6734588460267582	0.0024023856893778
0.6743509811378108	0.0026487863150311
0.6751827948591884	0.0029007465524119
0.6759586260926338	0.0031567291896039
0.6766859948934184	0.0034165334430351
0.6773694233038094	0.0036794196755362
0.6780642512022685	0.0039666183227846
0.6787347771880297	0.0042639240091599
0.6793789244038425	0.0045693722719062
0.6800012831922946	0.0048840482902031
0.6806079840679862	0.0052102316267195
0.6812278760263510	0.0055644558515009
0.6818194555989516	0.0059233093081645
0.6823848727893594	0.0062862540209424
0.6829273566114574	0.0066536799573865
0.6834484568708054	0.0070251689062953
0.6839835609759960	0.0074262837780525
0.6845064494888231	0.0078382308303507
0.6850175796395432	0.0082607787838925
0.6855177345715845	0.0086940094342598
0.6860086035814398	0.0091388679677882
0.6865130823005817	0.0096170952655796
0.6870015692517221	0.0101012685002218
0.6874749516185682	0.0105909805565848
0.6879342433588376	0.0110860644340318
0.6883808611905620	0.0115869312612639
0.6888160635846678	0.0120940073824121
0.6892399525426456	0.0126065225019754
0.6896746958976404	0.0131517649737138
0.6901024648259625	0.0137081833364148
0.6905235823138998	0.0142758114509087
0.6909384672842654	0.0148548391564739
0.6913649521186721	0.0154710653584933
0.6917815344273366	0.0160941661211990
0.6921885111311398	0.0167236628551794
0.6925862466085018	0.0173592147861187
0.6929751666798797	0.0180006285332799
0.6933557587502498	0.0186478759672007
0.6937285490569906	0.0193010719076959
0.6940934291177930	0.0199592892859490
0.6944664804499727	0.0206519691931271
0.6948347396267482	0.0213557364383592
0.6951984479937875	0.0220707342228752
0.6955577442893015	0.0227969295647227
0.6959126579289059	0.0235340740851392
0.6962642853083402	0.0242841653326120
0.6966227623097997	0.0250695858394529
0.6969749139026464	0.0258619348912787
0.6973209229600394	0.0266609321126002
0.6976610224375673	0.0274664400461913
0.6979954911571052	0.0282784697094724
0.6983246443438542	0.0290971715540402
0.6986488193510380	0.0299228108315872
0.6989682949452104	0.0307555671929621
0.6992936607458918	0.0316235000377023
0.6996160115629012	0.0325034136976419
0.6999354153855015	0.0333952637922270
0.7002520132190005	0.0342992229812108
0.7005659104752067	0.0352153824442730
0.7008771330077086	0.0361436100631187
0.7011863967898783	0.0370858573431609
0.7015017954711416	0.0380675209189890
0.7018132973393256	0.0390579004489752
0.7021210140587023	0.0400568757666438
0.7024250730211931	0.0410643968814976
0.7027256153657099	0.0420804831659033
0.7030227928941000	0.0431052179326389
0.7033167654981863	0.0441387435198428
0.7036076933592977	0.0451812367099685
0.7038957555113051	0.0462329768690323
0.7041811155991068	0.0472942252306808
0.7044639253211693	0.0483652334454812
0.7047443249980716	0.0494462422529318
0.7050224100646816	0.0505373478677806
0.7053061016546516	0.0516701953173786
0.7055882030655801	0.0528166602194123
0.7058686933270923	0.0539765294483435
0.7061478318299437	0.0551507554540855
0.7064332445170977	0.0563721568546370
0.7067164173438549	0.0576049625483866
0.7069974061545291	0.0588491311733652
0.7072762651759833	0.0601046234152999
0.7075530499375717	0.0613714151147033
0.7078278160892473	0.0626494924888387
0.7081006202879131	0.0639388566153615
0.7083715206640501	0.0652395262821731
0.7086405771615795	0.0665515404174237
0.7089078516952578	0.0678749597528585
0.7091734058080321	0.0692098560647040
0.7094373132883243	0.0705563764783712
0.7096996444193971	0.0719146665574008
0.7099604680179276	0.0732848799490241
0.7102198520698428	0.0746671813903993
0.7104778641685442	0.0760617489176450
0.7107345717686188	0.0774687752481692
0.7109900422649950	0.0788884682957239
0.7112443481283139	0.0803210799897047
0.7114974483791896	0.0817662302297308
0.7117494636024012	0.0832244601694463
0.7120004976622888	0.0846962443022586
0.7122506427529848	0.0861820146083316
0.7125000624748558	0.0876826527580856
0.7127552947900765	0.0892381697731000
0.7130089696293296	0.0908042728922690
0.7132611500407775	0.0923810882153173
0.7135181744392177	0.0940087583536824
0.7137744109375206	0.0956521769302831
0.7140299033269060	0.0973115262503814
0.7142846953225022	0.0989869970246098
0.7145388307882916	0.1006787898600628
0.7147923539116626	0.1023871165134581
0.7150453042683796	0.1041121665771468
0.7152977364829954	0.1058542411108964
0.7155497033352866	0.1076136406803928
0.7158012569037705	0.1093906727253449
0.7160524488315019	0.1111856531621221
0.7163033305579335	0.1129989078606608
0.7165539550113067	0.1148307848403849
0.7168043709689578	0.1166816131310778
0.7170546289692314	0.1185517454350757
0.7173047801386475	0.1204415497764223
0.7175548763674838	0.1223514110044787
0.7178049704596983	0.1242817321754213
0.7180551164220850	0.1262329370737526
0.7183053690810646	0.1282054675643140
0.7185557843691002	0.1301997861013162
0.7188064193763690	0.1322163764508880
0.7190573323447188	0.1342557439503851
0.7193085826123867	0.1363184153413170
0.7195602305873616	0.1384049387886318
0.7198123373265248	0.1405158805685437
0.7200649512663637	0.1426517134155843
0.7203118730933267	0.1447593388453431
0.7205595515012978	0.1468931345747417
0.7208080765411564	0.1490539971865498
0.7210575379442749	0.1512428413374276
0.7213080253632309	0.1534606014271548
0.7215596268598631	0.1557082177087003
0.7218125313103172	0.1579875543647563
0.7220664410489659	0.1602961021200331
0.7223215075711406	0.1626353728843032
0.7225778863802899	0.1650069531927370
0.7228357408489103	0.1674125412937263
0.7230952417742323	0.1698539453518471
0.7233568271747973	0.1723355403486551
0.7236132127975347	0.1747877013193231
0.7238713799513604	0.1772766154988286
0.7241314187808716	0.1798033783178697
0.7243934194323690	0.1823690978929247
0.7246574685539049	0.1849748592814457
0.7249236227212862	0.1876214584805324
0.7251919182455281	0.1903094862275632
0.7254624928686993	0.1930405499760834
0.7257275137951142	0.1957349939060482
0.7259961009882362	0.1984849755247155
0.7262684642436843	0.2012931277612670
0.7265448276363468	0.2041622655334126
0.7268254176867972	0.2070952643197450
0.7271104471081185	0.2100948872961821
0.7273999473979516	0.2131620004223546
0.7276944042854456	0.2163022873076908
0.7279942417079529	0.2195208574477084
0.7282997003497836	0.2228209118129459
0.7285932995949000	0.2260124000647896
0.7288945150439932	0.2293059799104305
0.7292032981298718	0.2327019870873993
0.7295204639671181	0.2362102289092223
0.7298464752647977	0.2398367153903150
0.7301801484884484	0.2435691108306931
0.7305170684753874	0.2473579499306952
0.7308722381346210	0.2513727122020797
0.7312300149111276	0.2554372982238342
0.7315997604520466	0.2596582111302526
0.7319801893366819	0.2640208711088778
0.7323882749422733	0.2687212450861108
0.7328267014513622	0.2737927924837359
0.7332796464120537	0.2790526114529873
0.7337684460118484	0.2847498287073927
0.7343018931671977	0.2909872457393676
0.7350217821279387	0.2994267671997701
0.7360690301073232	0.3117274806231511
0.7370652334658691	0.3234026046519662
0.7377158977495786	0.3310204428642523
0.7382244513950208	0.3369550034507643
0.7386921343024123	0.3423932680898130
0.7391028121411232	0.3471490410196508
0.7394970469058084	0.3516946968764610
0.7398934136314265	0.3562443603334230
0.7402451266515523	0.3602611969666824
0.7405815342027788	0.3640836758217724
0.7409064927769379	0.3677560522498500
0.7412092398812113	0.3711582376981088
0.7415120499106902	0.3745416611464238
0.7418092833167764	0.3778424491767453
0.7420927295425512	0.3809702646937690
0.7423645747279221	0.3839508567037997
0.7426443518529333	0.3869979334031530
0.7429119231226036	0.3898914723195054
0.7431707505452546	0.3926705017029672
0.7434219089466638	0.3953476562890721
0.7436675978712712	0.3979472577066909
0.7439169533226189	0.4005652998764211
0.7441598718291125	0.4030953957711472
0.7443970978439618	0.4055461601146412
0.7446290465570200	0.4079226416565788
0.7448570417873926	0.4102390527987902
0.7450851050465672	0.4125361495111325
0.7453066121924382	0.4147474325379746
0.7455287360291257	0.4169448207702107
0.7457469107523379	0.4190830948183267
0.7459616199976046	0.4211675318853968
0.7461734609487400	0.4232043705628243
0.7463866964863073	0.4252343559097150
0.7465956325062678	0.4272032086850756
0.7468004451354047	0.4291133703384029
0.7470052869575290	0.4310037146828128
0.7472074672064983	0.4328494396300915
0.7474072310898182	0.4346531560432927
0.7476047582931540	0.4364168136658408
0.7478005418100430	0.4381450932856712
0.7479974847312960	0.4398633233307753
0.7481915053831708	0.4415358128757704
0.7483825696042838	0.4431628419310978
0.7485709226924698	0.4447470688230508
0.7487565662770372	0.4462890304074809
0.7489437117441328	0.4478236115346537
0.7491292346021516	0.4493249288608398
0.7493132305399873	0.4507939772470969
0.7494960313893008	0.4522335962560899
0.7496803256226546	0.4536646087027797
0.7498624431028307	0.4550583446041088
0.7500425158871883	0.4564162571689937
0.7502206681589714	0.4577396936933682
0.7503970173016027	0.4590299070412442
0.7505716743648517	0.4602880620873955
0.7507447462353132	0.4615152540542952
0.7509162622900090	0.4627119944607549
0.7510893770951607	0.4639000626268017
0.7512615555790133	0.4650617521502852
0.7514357615561834	0.4662166626144523
0.7516084660554044	0.4673410687372178
0.7517797246765179	0.4684356482860607
0.7519495897298494	0.4695010399787819
0.7521180960819656	0.4705377570200470
0.7522853498805318	0.4715467313137924
0.7524514130974004	0.4725285915964283
0.7526163447603731	0.4734839265443637
0.7527802054172545	0.4744133116194738
0.7529430100483563	0.4753170466920764
0.7531048420393732	0.4761957996220195
0.7532657714861134	0.4770501338166862
0.7534259675134136	0.4778811047967042
0.7535878558759448	0.4787009654854761
0.7537509920468253	0.4795067343485441
0.7539132353193682	0.4802876379273138
0.7540746219673706	0.4810440328504506
0.7542351852844709	0.4817762489916403
0.7543949563682926	0.4824845945963189
0.7545539646642891	0.4831693598030807
0.7547122383713717	0.4838308191917577
0.7548698114436289	0.4844692611888028
0.7550266591215592	0.4850847315115763
0.7551828261754036	0.4856775545737926
0.7553383520850474	0.4862480168981808
0.7554932723216986	0.4867963746607333
0.7556476205237055	0.4873228635477568
0.7558014259261262	0.4878276914290848
0.7559547146200692	0.4883110449146434
0.7561075101118845	0.4887730929242108
0.7562599191952870	0.4892142423814191
0.7564140749938137	0.4896402974861371
0.7565675344906619	0.4900442014458714
0.7567203198887704	0.4904261907794552
0.7568724546837794	0.4907864966760347
0.7570239636477655	0.4911253440197442
0.7571748727764182	0.4914429503553135
0.7573252247117532	0.4917395564640200
0.7574749744787165	0.4920152225867228
0.7576241685987478	0.4922701898376801
0.7577728293207290	0.4925046381830783
0.7579232803999781	0.4927219136223733
0.7580733957548484	0.4929185918005809
0.7582231966207293	0.4930947657981991
0.7583727026923841	0.4932505185316479
0.7585219322849349	0.4933859238652007
0.7586709024864831	0.4935010475927510
0.7588196293022340	0.4935959482965869
0.7589681277920478	0.4936706780919250
0.7591164121787847	0.4937252832539190
0.7592644959726973	0.4937598047645188
0.7594123920730876	0.4937742787618193
0.7595601128556627	0.4937687369115716
0.7597076702650548	0.4937432067116457
0.7598550759683395	0.4936977117092458
0.7600023414902569	0.4936322716271980
0.7601494772277314	0.4935469029973162
0.7602964928719970	0.4934416194776687
0.7604433920560970	0.4933164371573904
0.7605901883745472	0.4931713622088920
0.7607368937280883	0.4930063978259652
0.7608835193078903	0.4928215439643365
0.7610300756840771	0.4926167976811613
0.7611765849573497	0.4923921357250161
0.7613251900561634	0.4921438344479006
0.7614737035302265	0.4918751196420569
0.7616221406696700	0.4915859870677825
0.7617705167062250	0.4912764265432525
0.7619188468381871	0.4909464219242759
0.7620671462541907	0.4905959510682674
0.7622154301520525	0.4902249857931744
0.7623637137548942	0.4898334918302135
0.7625120123250456	0.4894214287716918
0.7626603411766076	0.4889887500134603
0.7628087156876032	0.4885354026904338
0.7629571513125735	0.4880613276028161
0.7631056635953848	0.4875664591332896
0.7632542675466072	0.4870507273179032
0.7634029821964197	0.4865140419850847
0.7635496727460224	0.4859645248529599
0.7636964615457048	0.4853946402432216
0.7638433553248342	0.4848043444451439
0.7639903602534758	0.4841935948440620
0.7641374351538448	0.4835625479096187
0.7642825475706672	0.4829203417476913
0.7644279381494500	0.4822574373087518
0.7645736130461355	0.4815737281430987
0.7647195785715053	0.4808691061886476
0.7648658411568401	0.4801434618820339
0.7650124073255949	0.4793966842676242
0.7651592970768464	0.4786285919131184
0.7653064521815318	0.4778394152942246
0.7654538904354922	0.4770289988778996
0.7656016288132224	0.4761971849980451
0.7657496836421636	0.4753438134453987
0.7658980712190886	0.4744687183657879
0.7660468051864445	0.4735717441143715
0.7661958994481255	0.4726527290891605
0.7663453677804913	0.4717115081084199
0.7664952237329560	0.4707479132137423
0.7666454805358617	0.4697617745077086
0.7667961509842055	0.4687529212288075
0.7669472473705803	0.4677211825856555
0.7670987813929513	0.4666663888243013
0.7672507640511453	0.4655883724517598
0.7674032055337012	0.4644869696136810
0.7675561141649051	0.4633620284168817
0.7677094937020751	0.4622134306868277
0.7678632927684341	0.4610414751552819
0.7680153515561682	0.4598629849459951
0.7681681010568591	0.4586594314409152
0.7683215677688536	0.4574304390082577
0.7684757784611779	0.4561756204094365
0.7686307602533941	0.4548945761266840
0.7687865407479221	0.4535868931948847
0.7689431482004895	0.4522521436140428
0.7691006117563519	0.4508898820696364
0.7692589610296546	0.4494996492283096
0.7694182280626287	0.4480809541761738
0.7695785878971874	0.4466320117201900
0.7697371137234540	0.4451795386857653
0.7698963712654002	0.4437003850919659
0.7700563832341569	0.4421942123090603
0.7702171667212193	0.4406607300576487
0.7703787263046361	0.4390997664056490
0.7705382593320287	0.4375387696655405
0.7706990160023705	0.4359462842414543
0.7708610060852574	0.4343219361817116
0.7710242415301500	0.4326653319483250
0.7711887491129521	0.4309759284249587
0.7713544539299351	0.4292542340538538
0.7715214107509326	0.4274994365833895
0.7716896397012279	0.4257110735587482
0.7718592550887795	0.4238876675758263
0.7720303095900587	0.4220283682787925
0.7722028542208710	0.4201323286866057
0.7723770087401178	0.4181979287631759
0.7725466487309074	0.4162939373795100
0.7727180894509732	0.4143502109591138
0.7728912338695286	0.4123674927261098
0.7730661444227525	0.4103447357893469
0.7732428773479315	0.4082809506744638
0.7734214803444415	0.4061752372883021
0.7736019906358244	0.4040268136618668
0.7737844251631958	0.4018351398489471
0.7739684209469720	0.3996042689157560
0.7741520024165817	0.3973583548636885
0.7743386487167094	0.3950547598901107
0.7745245258132679	0.3927407783793441
0.7747128595673173	0.3903763348431174
0.7749036610659308	0.3879608802822982
0.7750969697256369	0.3854935235227284
0.7752923017650368	0.3829800867114575
0.7754875718027141	0.3804475951638839
0.7756868197205372	0.3778435096097168
0.7758902872486210	0.3751639074321066
0.7760939761581711	0.3724613010583914
0.7763008924090212	0.3696957733859916
0.7765060327029180	0.3669344325472346
0.7767163736923476	0.3640835373641425
0.7769318936598715	0.3611424889183545
0.7771529575292679	0.3581054378286028
0.7773799789698974	0.3549658003865387
0.7776016493121923	0.3518805222727330
0.7778305812928571	0.3486746551626592
0.7780667712351885	0.3453471302037380
0.7783098198074997	0.3419025560463511
0.7785549520302975	0.3384083990412250
0.7788063418453438	0.3348053421472778
0.7790674139390164	0.3310433843942807
0.7793297450673996	0.3272436140932555
0.7796087270345393	0.3231826435535376
0.7798958403585645	0.3189831212603623
0.7801909032472747	0.3146476143557445
0.7805069535330582	0.3099834165928707
0.7808338132472541	0.3051400242481411
0.7811852026091808	0.2999129060087970
0.7815717364959801	0.2941424333723558
0.7820068969500799	0.2876253792467324
0.7825174206851194	0.2799598542820551
0.7832025425094912	0.2696510107050426
0.7843377643421029	0.2525870922556911
0.7848706221974954	0.2445889302640071
0.7853243275403393	0.2377993135511619
0.7857187252928537	0.2319167235083710
0.7860877413531001	0.2264331017303018
0.7864309539376130	0.2213528969884931
0.7867493836719305	0.2166590884799708
0.7870572459519968	0.2121410825441207
0.7873788735317283	0.2074421191472425
0.7876627283697046	0.2033155473656219
0.7879323669655953	0.1994147037987411
0.7882073914961868	0.1954561486500709
0.7884702175371721	0.1916933880309923
0.7887241829926488	0.1880771170849978
0.7889789185280160	0.1844699941257600
0.7892224278163674	0.1810417033302479
0.7894649872823686	0.1776467474894989
0.7897015974119476	0.1743549452280128
0.7899400079559800	0.1710585458469590
0.7901717541795866	0.1678746956698793
0.7903976368783727	0.1647913280683090
0.7906182759322639	0.1617990531794372
0.7908391142239942	0.1588239111251905
0.7910574840171928	0.1559019312493252
0.7912774995909638	0.1529784309438495
0.7914934420776664	0.1501295444187507
0.7917058375516670	0.1473476625586678
0.7919150931079109	0.1446268885651772
0.7921215219072145	0.1419626638030964
0.7923254116413796	0.1393508468595752
0.7925272601464919	0.1367847019292153
0.7927312052832756	0.1342119294352417
0.7929320938701224	0.1316977362090734
0.7931339104249175	0.1291922568215618
0.7933337651503835	0.1267314569306175
0.7935317075382727	0.1243144063246698
0.7937279536043067	0.1219381641761708
0.7939226703647000	0.1196004494311621
0.7941159937900255	0.1172994039984897
0.7943080375550182	0.1150334748482029
0.7944988927173832	0.1128014076211543
0.7946888784756860	0.1105993170775058
0.7948810272467387	0.1083924685329744
0.7950715055672928	0.1062251562780338
0.7952604438969897	0.1040955537907735
0.7954479639474287	0.1020019772241040
0.7956341853469906	0.0999428075493121
0.7958192173274533	0.0979165810827648
0.7960031621205778	0.0959219477225263
0.7961861162690587	0.0939576536415177
0.7963681762776657	0.0920224783703449
0.7965493701173508	0.0901159555289463
0.7967298138363578	0.0882367085323020
0.7969096089828677	0.0863835521465768
0.7970888415226888	0.0845554964356361
0.7972675808893714	0.0827517488386959
0.7974525979456190	0.0809050021439224
0.7976370465271519	0.0790846292209140
0.7978209760386821	0.0772900360742809
0.7980044327624825	0.0755206744865336
0.7981874603951875	0.0737760353820511
0.7983701005442845	0.0720556429133237
0.7985523947423511	0.0703590346978790
0.7987343820813487	0.0686857836917298
0.7989161000857603	0.0670354890656180
0.7990976213006168	0.0654074453181931
0.7992788418060428	0.0638025364488837
0.7994598101557329	0.0622202643992497
0.7996405716126146	0.0606601760956481
0.7998211693268311	0.0591218517085682
0.8000016445109153	0.0576049020630758
0.8001820365614706	0.0561089666003863
0.8003623831415315	0.0546337117331118
0.8005427184859365	0.0531788436794966
0.8007230799816809	0.0517440541268923
0.8009035024733354	0.0503290666134827
0.8010840180640477	0.0489336366949903
0.8012646573403157	0.0475575411495480
0.8014454490359689	0.0462005795943740
0.8016264200721236	0.0448625731462681
0.8018074930769259	0.0435441152364448
0.8019857950010362	0.0422656237165077
0.8021644874435268	0.0410039908866007
0.8023436050115954	0.0397590579306247
0.8025231810276926	0.0385306853985343
0.8027032477337503	0.0373187510718141
0.8028838364564954	0.0361231482125403
0.8030649777654578	0.0349437839619892
0.8032467207711943	0.0337804542676716
0.8034289877838519	0.0326337683964319
0.8036118282186636	0.0315035136152819
0.8037952902359704	0.0303895012918833
0.8039794222428984	0.0292915570937315
0.8041642682318818	0.0282095483497227
0.8043498736755260	0.0271433476919372
0.8045362851704263	0.0260928356777620
0.8047235506227955	0.0250579002149740
0.8049117194985014	0.0240384357497552
0.8051008431565068	0.0230343421658232
0.8052910637644751	0.0220450585499014
0.8054787086763449	0.0210893109514632
0.8056671444541508	0.0201495346237682
0.8058563817567272	0.0192257889327707
0.8060464203646087	0.0183181830477646
0.8062371342591567	0.0174274161873565
0.8064253139438918	0.0165680217830487
0.8066147693076302	0.0157222385755249
0.8068055367155332	0.0148901402576632
0.8069976531613948	0.0140718053871057
0.8071911558280938	0.0132673192141529
0.8073860817510849	0.0124767748098302
0.8075824675148277	0.0117002738416804
0.8077803489167056	0.0109379272755903
0.8079797608026826	0.0101898552124755
0.8081807346786044	0.0094561948335816
0.8083832591986355	0.0087372375125591
0.8085873458769368	0.0080331859465140
0.8087932062509452	0.0073435697155363
0.8090007210485457	0.0066690737560310
0.8092066067067442	0.0060200742325857
0.8094102332928272	0.0053977549215675
0.8096160007924031	0.0047883905013504
0.8098239477417799	0.0041922212851078
0.8100341142487635	0.0036094854684454
0.8102465556524158	0.0030403819598038
0.8104611888237674	0.0024854742192818
0.8106781350931437	0.0019447746326717
0.8108974976942322	0.0014183681089884
0.8111193681497445	0.0009063886479286
0.8113433552308235	0.0004100773671621
0.8115230654233841	0.0000265130340365
0.8117487890846128	-0.0004370953056054
0.8119777994633489	-0.0008871080522152
0.8122107248262297	-0.0013242074122217
0.8124419825200488	-0.0017380295330301
0.8126760792722180	-0.0021368658946889
0.8129128956499007	-0.0025201919392829
0.8131470877805538	-0.0028797472453953
0.8133857986738743	-0.0032267449977227
0.8136291617213008	-0.0035606932205348
0.8138773370022410	-0.0038811193617934
0.8141304893115392	-0.0041875346249769
0.8143890427458204	-0.0044797367328136
0.8146463854000299	-0.0047503176077446
0.8149070361679934	-0.0050042428457402
0.8151664794587933	-0.0052374862650128
0.8154324652136751	-0.0054570160766359
0.8157052395073490	-0.0056621540184339
0.8159850202396484	-0.0058521758632706
0.8162724283167937	-0.0060266031439450
0.8165595213126927	-0.0061805675175284
0.8168442898229846	-0.0063139277587751
0.8171383453763374	-0.0064322447685340
0.8174420388402474	-0.0065345480077689
0.8177555809312866	-0.0066198180017686
0.8180801657294487	-0.0066872728584009
0.8184052055142985	-0.0067345523215506
0.8187337283575613	-0.0067628803972507
0.8190764039924705	-0.0067726314514578
0.8194341262628111	-0.0067624158968385
0.8198069990745834	-0.0067308204314435
0.8201754064902754	-0.0066801911526188
0.8205655830871134	-0.0066070041642555
0.8209800254172500	-0.0065088737101303
0.8214158053404323	-0.0063846469861929
0.8218622540280570	-0.0062377965105298
0.8223469764206236	-0.0060580767736251
0.8228452937159429	-0.0058536633526944
0.8234360454102283	-0.0055903247856007
0.8240593895119328	-0.0052910499962791
0.8248174221203650	-0.0049056699803440
0.8257795861626380	-0.0043948173307346
0.8289041312530872	-0.0027559568739993
0.8297367834798928	-0.0023428666342221
0.8305986022139179	-0.0019361887928921
0.8313427075931272	-0.0016031780461345
0.8321141256723793	-0.0012793968114926
0.8328299879034365	-0.0010003279782145
0.8335058735821548	-0.0007568034521609
0.8341974080517979	-0.0005280550040805
0.8348400431397485	-0.0003341637329397
0.8354823381992811	-0.0001583748899858
0.8361327737122702	0.0000015082300595
0.8367969261092056	0.0001462914638971
0.8374792709481746	0.0002761332315049
0.8381833399208413	0.0003907261538651
0.8389106759500713	0.0004893261413385
0.8396685343435505	0.0005718422084509
0.8404654016835751	0.0006377780271273
0.8413057208489617	0.0006858077248144
0.8421368975108763	0.0007135808671307
0.8430280443237156	0.0007235893356417
0.8440577377855601	0.0007135532988081
0.8451368016653643	0.0006820647125238
0.8463474170046104	0.0006252320155769
0.8481932381531867	0.0005152494079140
0.8536020688394492	0.0002221934843008
0.8561548845939519	0.0001101726646382
0.8589364630562770	0.0000004655849664
0.8612542555621618	-0.0000709338326726
0.8633807915650564	-0.0001166920624053
0.8655253048655933	-0.0001422803233063
0.8676056558902711	-0.0001504061043032
0.8700107897673313	-0.0001416138371799
0.8729213782241338	-0.0001505231847578
0.8744752246150742	-0.0001181147668604
0.8769792859700757	-0.0001209959131742
0.8795964678261224	-0.0000812183107036
0.8813833389423633	-0.0000812198996064
0.8850938321564984	-0.0000356376688672
0.8867353269436937	-0.0000443446690051
0.8898215344617878	-0.0000192548764353
0.8922757215143763	-0.0000322681061460
0.8947317897247503	-0.0000175811127317
0.8981097080117487	-0.0000313162578892
0.8999688892750475	-0.0000111401878873
0.9031716011590734	-0.0000126700594363
0.9066144553990145	0.0000198619323693
0.9082809370139550	0.0000118804486720
0.9114387320834918	0.0000430000063503
0.9135769572684881	0.0000314548825292
0.9167630306100306	0.0000423605580365
0.9193221291971184	0.0000167471113416
0.9218290618597299	0.0000167666862569
0.9264809332286706	-0.0000128266638112
0.9286897899680391	0.0000034460756077
0.9313084240375322	-0.0000036816231105
0.9350415530406002	0.0000260064842541
0.9369119509232442	0.0000096238718233
0.9454889567624072	-0.0000033584251089
0.9465528540319562	0.0000132553519960
0.9489857017262207	-0.0000168073010753
0.9504648656926856	-0.0000049848876877
0.9543882449373864	-0.0000295926182359
0.9560930366720444	-0.0000080144236367
0.9585177192404156	-0.0000126097887083
0.9705440186093829	-0.0000053091728631
0.9751368494151275	0.0000126146582218
0.9763741090118687	-0.0000044166215674
0.9798881424243443	0.0000167641397778
0.9817576498126448	0.0000008434841602
0.9847618847188060	0.0000130428278686
0.9870292121825588	-0.0000092554687372
0.9892623694095042	-0.0000019860275362
0.9944594694059087	-0.0000117788431789
0.9991886296804939	-0.0000080859274792
