0.0000000000000000	0.1320215596103701
0.0001581431378813	0.1320415596103701
0.0003162840105992	0.1320715598968443
0.0004744248833170	0.1321215601833184
0.0006325657560349	0.1321915604697926
0.0007907066287527	0.1322815607562667
0.0009488475014706	0.1323915610427409
0.0011069883741884	0.1325215613292150
0.0012651292469063	0.1326715616156892
0.0014309146406835	0.1328492963071811
0.0015881633337934	0.1330381828994429
0.0017463665013853	0.1332488998450160
0.0019045696689771	0.1334796167905892
0.0020646113713936	0.1337331311927117
0.0022234413951656	0.1340046960173635
0.0023822714189376	0.1342962608420152
0.0025395237632686	0.1346048301837430
0.0026985425748449	0.1349366487644112
0.0028575613864212	0.1352884673450793
0.0030165801979975	0.1356602859257475
0.0031783791092951	0.1360587797778455
0.0033376158599348	0.1364713233805452
0.0034968526105745	0.1369038669832449
0.0036594470865952	0.1373657422250352
0.0038192115164906	0.1378397022070790
0.0039792943810480	0.1383348798896706
0.0041396943366622	0.1388508401584695
0.0043000942922764	0.1393868004272684
0.0044610582248966	0.1399446803290037
0.0046217870504765	0.1405217964958965
0.0047826862442811	0.1411195349901077
0.0049441028878734	0.1417389312782069
0.0051050657538060	0.1423768206243088
0.0052685889377563	0.1430450154701095
0.0054306610253644	0.1437272962057701
0.0055917906633154	0.1444255513269553
0.0057542243989943	0.1451493224031828
0.0059172222169334	0.1458956416400213
0.0060788344121821	0.1466552893050641
0.0062417346080161	0.1474410295749775
0.0064057599530604	0.1482519510564165
0.0065675590237346	0.1490717303789800
0.0067345242051424	0.1499379247477699
0.0068989961365832	0.1508113220558646
0.0070640400862482	0.1517077917384057
0.0072289640827625	0.1526236325141009
0.0073971793734307	0.1535779497662146
0.0075625155519588	0.1545362746028154
0.0077315969008875	0.1555365337888637
0.0078977774421030	0.1565397111674248
0.0080678463943473	0.1575868429730403
0.0082352965280644	0.1586380306937646
0.0084028152723231	0.1597093414216542
0.0085712460296123	0.1608066764777789
0.0087404918446781	0.1619291200682990
0.0089090965599505	0.1630672739849400
0.0090788603070011	0.1642331633324463
0.0092511668825292	0.1654366658922626
0.0094192758951763	0.1666306103586891
0.0095932034171340	0.1678859978682879
0.0097650022931950	0.1691460618620942
0.0099376108088079	0.1704320646738690
0.0101117028283108	0.1717492061319958
0.0102846199309889	0.1730772235558326
0.0104607914153350	0.1744505427824712
0.0106358771744639	0.1758353720982372
0.0108100415643903	0.1772325144943615
0.0109872685623303	0.1786743168239904
0.0111648926734925	0.1801391916785431
0.0113418626227833	0.1816186347992586
0.0115207632900646	0.1831340961268367
0.0117001602313393	0.1846734743043225
0.0118817371234137	0.1862518867449625
0.0120630174499601	0.1878476189617493
0.0122477423957155	0.1894938626860107
0.0124315186721688	0.1911520200581935
0.0126159014974617	0.1928354789311064
0.0128023138634534	0.1945575780634842
0.0129890211903749	0.1963026025239815
0.0131767313639755	0.1980768040397713
0.0133656350170135	0.1998823496813502
0.0135557670677585	0.2017197372535444
0.0137470399010598	0.2035879461829320
0.0139401262218230	0.2054939627031074
0.0141342549531528	0.2074304374630239
0.0143293781887447	0.2093966393042661
0.0145287886149663	0.2114262616740301
0.0147276363732958	0.2134705947391321
0.0149269571165643	0.2155396301322207
0.0151331640361895	0.2177004924919053
0.0153375197254679	0.2198622677242020
0.0155423868561735	0.2220496327762681
0.0157493865924691	0.2242795175239528
0.0159617584688820	0.2265875326583051
0.0161741643221397	0.2289160571317308
0.0163875485547081	0.2312751172796303
0.0166088342723235	0.2337419022472542
0.0168315250074060	0.2362448288824366
0.0170529841615636	0.2387536642047090
0.0172766774116228	0.2413075560032739
0.0175079504800418	0.2439683249611720
0.0177415647315753	0.2466764160213849
0.0179758020293420	0.2494114240953847
0.0182130847166554	0.2522017118079752
0.0184636576353735	0.2551688439668304
0.0187122879285017	0.2581332244078048
0.0189668142936079	0.2611879726532497
0.0192236122727578	0.2642895582217604
0.0194981677187992	0.2676263085586839
0.0197722215415130	0.2709774251684766
0.0200516488869098	0.2744139097261467
0.0203446948486310	0.2780379650240304
0.0206453795323460	0.2817763555125761
0.0209640361971649	0.2857584947253555
0.0212943482608807	0.2899063976111029
0.0216409331687689	0.2942783734844692
0.0220110244806902	0.2989664094895114
0.0224187623775868	0.3041509902743215
0.0229134073844197	0.3104625117738635
0.0235135368112415	0.3181423260322454
0.0253006766892825	0.3410077120278523
0.0257715413419072	0.3470108420148240
0.0261817034737054	0.3522204444648833
0.0265533537257796	0.3569211227171109
0.0268996488324283	0.3612811359424332
0.0272254330669562	0.3653627846758988
0.0275263054408846	0.3691129773266322
0.0278193565226562	0.3727461420095414
0.0280966737840872	0.3761649867806586
0.0283760807056503	0.3795892056806075
0.0286420241575153	0.3828281194020511
0.0289008241427489	0.3859597006235519
0.0291508860987933	0.3889655346780411
0.0293917606807662	0.3918413532874312
0.0296297537354791	0.3946629478236705
0.0298620255287490	0.3973969599966526
0.0300944034499415	0.4001119656263487
0.0303226205569472	0.4027576671720993
0.0305455540360965	0.4053216940322338
0.0307631276081260	0.4078039450777525
0.0309753001962336	0.4102047983897854
0.0311860991526216	0.4125701037700515
0.0313934596961824	0.4148768697740696
0.0315973858679034	0.4171255929482577
0.0317979862647756	0.4193179502321339
0.0319996208995274	0.4215014740807648
0.0321963726374273	0.4236120885412164
0.0323935453085476	0.4257069292801657
0.0325876992570319	0.4277494263864184
0.0327789167353483	0.4297409521770382
0.0329672602661386	0.4316826672232491
0.0331527744930625	0.4335755459779789
0.0333352035518930	0.4354175149522244
0.0335188825832094	0.4372523040725032
0.0337007763046419	0.4390493479577596
0.0338810024443765	0.4408100524571211
0.0340626759660113	0.4425645626010384
0.0342418325364602	0.4442744228072440
0.0344185625958979	0.4459410248029612
0.0345928971220702	0.4475651774560186
0.0347678505541358	0.4491749521573917
0.0349412822632753	0.4507505588172164
0.0351132207925169	0.4522925099995159
0.0352836230709202	0.4538006837043239
0.0354525504114065	0.4552758989132755
0.0356200514704853	0.4567188487106391
0.0357861660490288	0.4581301387000994
0.0359509309963916	0.4595103408064439
0.0361144984034717	0.4608609774161672
0.0362792264116453	0.4622012917299667
0.0364450428783317	0.4635300548376029
0.0366095866303839	0.4648281785150621
0.0367728964032542	0.4660962271181862
0.0369350097133829	0.4673347450946782
0.0370959584859127	0.4685442243264341
0.0372557716906494	0.4697251265910728
0.0374144770884614	0.4708778976596990
0.0375721027783322	0.4720029787040507
0.0377286782313389	0.4731008129816043
0.0378842317128328	0.4741718266939138
0.0380387773518478	0.4752163428027268
0.0381922925636152	0.4762344333926462
0.0383473785338638	0.4772430973214594
0.0385018552710503	0.4782278326371239
0.0386557672481022	0.4791890100535353
0.0388114704774976	0.4801409642199925
0.0389663619944179	0.4810674380633412
0.0391204510565002	0.4819686698070637
0.0392737472526599	0.4828448997805854
0.0394262611635290	0.4836963736771110
0.0395780190183804	0.4845234224954364
0.0397289616406844	0.4853259141320982
0.0398791249920750	0.4861042433626112
0.0400285441721179	0.4868587858804973
0.0401772540679561	0.4875899018671954
0.0403252894265746	0.4882979363341384
0.0404726848620635	0.4889832191148502
0.0406194748144522	0.4896460646412045
0.0407656934470717	0.4902867714893702
0.0409113143428478	0.4909053621468480
0.0410587039001391	0.4915115745235640
0.0412057454459420	0.4920963313135442
0.0413524533809311	0.4926597470346142
0.0414988401553436	0.4932019244230329
0.0416449068706061	0.4937229226017680
0.0417906732066571	0.4942228663115323
0.0419361559629529	0.4947018634563485
0.0420813704685339	0.4951600112666790
0.0422263308530541	0.4955973980442243
0.0423710503462473	0.4960141047696204
0.0425155640944791	0.4964102697659264
0.0426619321947276	0.4967911398573772
0.0428079957606167	0.4971507160229250
0.0429537699969031	0.4974891085488915
0.0430992700895675	0.4978064221506781
0.0432445112324438	0.4981027559876362
0.0433895086660911	0.4983782036812839
0.0435342775845027	0.4986328530646243
0.0436788338899485	0.4988667874071934
0.0438231932960930	0.4990800835619799
0.0439673713782240	0.4992728121218455
0.0441113836506275	0.4994450375719557
0.0442552653426798	0.4995968405375284
0.0443989589634824	0.4997282000479751
0.0445424858528838	0.4998391890818949
0.0446858666258608	0.4999298708185796
0.0448291213965258	0.5000002992187530
0.0449722697575797	0.5000505193527802
0.0451153307604436	0.5000805677482483
0.0452583229033678	0.5000904727567148
0.0454012711308941	0.5000802549217053
0.0455441534513621	0.5000499341808493
0.0456869892903164	0.4999995292073009
0.0458297983955260	0.4999290501998813
0.0459725982716249	0.4998385001977285
0.0461154066647520	0.4997278746898350
0.0462582412323284	0.4995971617861525
0.0464011190682447	0.4994463427570490
0.0465440584391256	0.4992753903848540
0.0466870772017993	0.4990842702929313
0.0468301929551328	0.4988729410105156
0.0469734229926215	0.4986413542437614
0.0471167843406604	0.4983894550373963
0.0472602937792070	0.4981171819414097
0.0474039678612565	0.4978244671648971
0.0475478229348720	0.4975112367100222
0.0476918751681576	0.4971774104827903
0.0478361405772254	0.4968229023776318
0.0479806350585265	0.4964476203292816
0.0481253744268607	0.4960514663240725
0.0482703744589719	0.4956343363652266
0.0484156509576993	0.4951961203420965
0.0485612198942023	0.4947367016072675
0.0487070800715343	0.4942560147006430
0.0488532530691450	0.4937539185610147
0.0489997590090780	0.4932302683129579
0.0491466189584466	0.4926849072717338
0.0492938545470792	0.4921176678835976
0.0494414897567842	0.4915283643716010
0.0495874728009517	0.4909255270182100
0.0497337488348278	0.4903014669220880
0.0498803260684466	0.4896561013242846
0.0500271049797596	0.4889898279785391
0.0501722686112422	0.4883112762664495
0.0503179676701593	0.4876106926535865
0.0504642101741447	0.4868879044149296
0.0506110042878093	0.4861427371103241
0.0507583582436583	0.4853750149773650
0.0509062944832169	0.4845844863604626
0.0510547533557675	0.4837713410415559
0.0512037601950552	0.4829353255033274
0.0513533380458749	0.4820761898116327
0.0515035091703343	0.4811936802759904
0.0516542950376340	0.4802875401623790
0.0518057162961710	0.4793575105265744
0.0519577927398648	0.4784033311098601
0.0521105432644772	0.4774247413294938
0.0522639858805530	0.4764214809412189
0.0524181372002851	0.4753932941919200
0.0525730132783961	0.4743399251500342
0.0527285284821996	0.4732618128955709
0.0528825782277979	0.4721738601016760
0.0530376908359698	0.4710584412089317
0.0531938027388911	0.4699157574259062
0.0533510574783625	0.4687445095896633
0.0535067760156377	0.4675648737927914
0.0536634061954266	0.4663585834691661
0.0538209658367493	0.4651253145036265
0.0539794682649912	0.4638647756991280
0.0541389254502284	0.4625766864713317
0.0542993415564399	0.4612608306001584
0.0544607438596870	0.4599168022493069
0.0546231410927330	0.4585443469571816
0.0547864972436932	0.4571435925198018
0.0549482101942502	0.4557371652840230
0.0551114154645362	0.4542980477727890
0.0552761549418686	0.4528255275009412
0.0554424710244975	0.4513188757117503
0.0556104115100172	0.4497773026695155
0.0557801056029602	0.4481992525657387
0.0559486550675317	0.4466118158547420
0.0561185055991493	0.4449921574878994
0.0562896975088689	0.4433396753119749
0.0564622537548935	0.4416539289236462
0.0566358712571654	0.4399376838285881
0.0568084947030879	0.4382115552540328
0.0569832298488731	0.4364445776673916
0.0571601005225757	0.4346360728024640
0.0573390167876138	0.4327865407711173
0.0575201598199622	0.4308936991284469
0.0577036763479018	0.4289555687058038
0.0578865694973901	0.4270038772206787
0.0580709170570612	0.4250165918738745
0.0582541034492050	0.4230222278380475
0.0584401372783699	0.4209772523296212
0.0586289526522533	0.4188818576033145
0.0588206664694383	0.4167342356319211
0.0590153757455639	0.4145327783638611
0.0592131463989573	0.4122762175129082
0.0594138076370071	0.4099659983458945
0.0596104878262425	0.4076819108385800
0.0598108831191087	0.4053350840666645
0.0600151153276699	0.4029234586717514
0.0602232564584561	0.4004455548971693
0.0604353429370470	0.3979003304916297
0.0606462263333600	0.3953496602346619
0.0608634641998576	0.3927021373768792
0.0610820320736329	0.3900185579983642
0.0613055444764567	0.3872542945004362
0.0615340488104348	0.3844080822115309
0.0617620939366134	0.3815478725042962
0.0619984501874726	0.3785635352720230
0.0622443627232628	0.3754379608150096
0.0624916818000047	0.3722741820929999
0.0627390201536564	0.3690905921527939
0.0629976660817379	0.3657417222867520
0.0632683599353939	0.3622163444721552
0.0635423427626315	0.3586278573542084
0.0638241341094757	0.3549173511571620
0.0641212176047411	0.3509851537181599
0.0644296699986784	0.3468822131173748
0.0647527215942283	0.3425649553734841
0.0650866578261071	0.3380824452585489
0.0654581805968419	0.3330746745106115
0.0658499495110748	0.3277737571369110
0.0662909158081610	0.3217864494868791
0.0667861227393907	0.3150421065804443
0.0674076892636092	0.3065590835728219
0.0691117016673717	0.2833117899575855
0.0696276803198700	0.2762918268749304
0.0700866229822456	0.2700677482252026
0.0705073348576403	0.2643823693797966
0.0708896879919765	0.2592359398956210
0.0712430816056537	0.2544988450445570
0.0716074489594306	0.2496354249177536
0.0719335294779824	0.2453029144285533
0.0722570534665227	0.2410246583116879
0.0725588416861396	0.2370536812196145
0.0728557786995742	0.2331663040268870
0.0731461379761084	0.2293847985438943
0.0734331238881715	0.2256675591208447
0.0737095914199061	0.2221065304749560
0.0739777518040516	0.2186719629456614
0.0742398291195683	0.2153344480810550
0.0745070265152139	0.2119520835432572
0.0747677759947825	0.2086717391529107
0.0750229827044304	0.2054812218764344
0.0752732959192011	0.2023717337006932
0.0755196148266189	0.1993315384304843
0.0757687932430019	0.1962763483292969
0.0760127887383954	0.1933050082321131
0.0762516604573836	0.1904159695973084
0.0764862571402305	0.1875981842242128
0.0767169908192239	0.1848460684448584
0.0769505793068159	0.1820796875002395
0.0771819771439065	0.1793592034999143
0.0774115944677578	0.1766795785871149
0.0776445556213841	0.1739815200434175
0.0778746698570848	0.1713371159323120
0.0781022370087753	0.1687424694938691
0.0783274981997472	0.1661944342450833
0.0785506602640061	0.1636903157165143
0.0787719085677969	0.1612277150201771
0.0789914095656073	0.1588044925291782
0.0792092163840804	0.1564197930972705
0.0794255430996119	0.1540710221454790
0.0796405621765181	0.1517560966285514
0.0798544201575903	0.1494732602630784
0.0800672427617696	0.1472210186796211
0.0802791815871149	0.1449976387862888
0.0804949952751714	0.1427537321449058
0.0807094343994417	0.1405443793641011
0.0809226094211659	0.1383681881743738
0.0811346284019304	0.1362238224621344
0.0813456408647285	0.1341095601081442
0.0815555425019000	0.1320262453162873
0.0817644780141694	0.1299722309516307
0.0819725967547056	0.1279458706572050
0.0821800324117863	0.1259457172311655
0.0823869057231568	0.1239704897514036
0.0825933256820303	0.1220190563876207
0.0827993903084071	0.1200904219525060
0.0830051879702534	0.1181837107717727
0.0832107983961701	0.1162981530967013
0.0834162936039638	0.1144330728288087
0.0836217387596031	0.1125878763718835
0.0838271929692814	0.1107620425426930
0.0840327100378546	0.1089551132040418
0.0842383399420666	0.1071666780778637
0.0844441278238520	0.1053963817018203
0.0846501150829590	0.1036439120046775
0.0848563402315193	0.1019089914416993
0.0850628418386940	0.1001913510448630
0.0852696034419572	0.0984911825618997
0.0854766673933349	0.0968081901457688
0.0856840690299357	0.0951421447706466
0.0858918644744718	0.0934926594593804
0.0860999494581797	0.0918606196177109
0.0863083660876692	0.0902457353568734
0.0865171551816914	0.0886477376207669
0.0867263559645971	0.0870663798896175
0.0869360061479537	0.0855014368331900
0.0871461419801310	0.0839527032407735
0.0873567982633589	0.0824199932105088
0.0875680083375662	0.0809031395817933
0.0877798040282503	0.0794019936085726
0.0879922155537618	0.0779164248824473
0.0882052713882893	0.0764463215048321
0.0884189980673723	0.0749915905691169
0.0886334199338518	0.0735521589295650
0.0888485587420521	0.0721279747644614
0.0890644332551582	0.0707190089616746
0.0892810586505439	0.0693252575104883
0.0894984458733032	0.0679467438837739
0.0897163976987262	0.0665848006803608
0.0899307968114162	0.0652646052442376
0.0901464070663826	0.0639563754251965
0.0903632320999431	0.0626602907000320
0.0905812517248320	0.0613766683629248
0.0908005889570934	0.0601049858705904
0.0910212653369799	0.0588453359493997
0.0912433281492327	0.0575976682621401
0.0914666467126551	0.0563629262568083
0.0916912866658412	0.0551409372131306
0.0919173154686249	0.0539315366342586
0.0921448022513010	0.0527345696121906
0.0923738182669025	0.0515498890358118
0.0926044378615252	0.0503773513952878
0.0928367394916252	0.0492168128497431
0.0930708069095307	0.0480681249958264
0.0933069988271957	0.0469298259958255
0.0935392771457694	0.0458305974253799
0.0937729069907298	0.0447449990189969
0.0940079086431705	0.0436730889917837
0.0942440519951737	0.0426160564324119
0.0944763451966824	0.0415956923023951
0.0947108167695038	0.0405850840736560
0.0949475202076570	0.0395843352725176
0.0951861183017426	0.0385951793020029
0.0954266973847868	0.0376175143068817
0.0956693335058245	0.0366512988642216
0.0959140439365837	0.0356967387107695
0.0961610753220307	0.0347531639506646
0.0964105314152230	0.0338205051339844
0.0966625101051614	0.0328987375963689
0.0969171213673106	0.0319878144915480
0.0971744857266829	0.0310876762054662
0.0974347354315691	0.0301982498531972
0.0976985788071108	0.0293175481141170
0.0979574225558652	0.0284738513287846
0.0982125387573147	0.0276616682970109
0.0984706203417311	0.0268593104848279
0.0987318145846013	0.0260667000073144
0.0989962598421448	0.0252838144306108
0.0992640796541486	0.0245106994434365
0.0995353949198821	0.0237474281308893
0.0998103050329803	0.0229941506576926
0.1000889146884144	0.0222510138047117
0.1003711806227666	0.0215185641201212
0.1006575641270541	0.0207960489997678
0.1009479188206502	0.0200843222904350
0.1012353687622043	0.0193998890750488
0.1015195466320675	0.0187425586141507
0.1018083450656785	0.0180938020558681
0.1021019907977228	0.0174536325194829
0.1024006994767924	0.0168221218741364
0.1027046887421373	0.0161993682357924
0.1030141650013339	0.0155855206387326
0.1033293242473970	0.0149807718431410
0.1036503622867180	0.0143853336723596
0.1039762971573539	0.0138015786812491
0.1043001830602721	0.0132415794951502
0.1046343105648420	0.0126841749766705
0.1049637832527363	0.0121542233831377
0.1053004059258569	0.0116323543162739
0.1056446093503292	0.0111185833845106
0.1059968226706901	0.0106129881274158
0.1063575007727727	0.0101156659978871
0.1067270874445247	0.0096267861621732
0.1071044464158413	0.0091486120598631
0.1074818970270131	0.0086906278784957
0.1078560365156409	0.0082560151693419
0.1082410617061507	0.0078281479408701
0.1086363919294758	0.0074085655909711
0.1090429034069605	0.0069971769811070
0.1094614989889771	0.0065939837785886
0.1098931799174818	0.0061990137042870
0.1103385815712422	0.0058127472810358
0.1107799478251985	0.0054503424562367
0.1112154965499454	0.0051117402136476
0.1116671728181010	0.0047796618937316
0.1121355453113296	0.0044549134974097
0.1126197189070507	0.0041392727307539
0.1131216618527007	0.0038325508740468
0.1136419578456808	0.0035355986630385
0.1141876107928777	0.0032458319188653
0.1147263744359755	0.0029803292870571
0.1152522142858703	0.0027399821573088
0.1158070140406988	0.0025051579810510
0.1163868504788278	0.0022792060877825
0.1169951229444078	0.0020621995905322
0.1176391001114564	0.0018532423014828
0.1183280773148256	0.0016514908573528
0.1190156969495452	0.0014707825677220
0.1197030713248866	0.0013088415038449
0.1204520149987722	0.0011515147885590
0.1212657069311707	0.0010008820185303
0.1221640436986718	0.0008562212867956
0.1231934403687792	0.0007142033671586
0.1241332735698796	0.0006036010034371
0.1252138943734232	0.0004949271783008
0.1264399493787902	0.0003920317597248
0.1278744964837536	0.0002944105728841
0.1293409793942388	0.0002154960004343
0.1309228392297119	0.0001511108895599
0.1326678538900570	0.0001017527877635
0.1343573552118910	0.0000719248663234
0.1366964177376779	0.0000502417581481
0.1395231805188294	0.0000079204469479
0.1411084932590067	0.0000176546908446
0.1446868062108607	-0.0000123090044288
0.1467935943194230	-0.0000045325075965
0.1495643907593389	-0.0000293602458979
0.1517888816789375	-0.0000183552935528
0.1550644567090093	-0.0000328948624586
0.1570084383333132	-0.0000107695346127
0.1592312999016548	-0.0000187069574759
0.1620411314602849	0.0000087962345728
0.1638165432570101	-0.0000028121748246
0.1668121067108786	0.0000174734189377
0.1688112997573855	-0.0000022313455628
0.1710019294012023	0.0000075656242526
0.1740895782415996	-0.0000181747797561
0.1759418533726546	-0.0000056862541246
0.1797064512735735	-0.0000002271858322
0.1825274984201015	0.0000022960979060
0.1847675348752134	-0.0000142239092463
0.1891327621271472	0.0000091582271918
0.1918591135706805	-0.0000112943016142
0.1940495320087842	0.0000084966457129
0.1961893705540430	-0.0000045608755590
0.1986458298210508	0.0000151885151274
0.2007393077596074	-0.0000007598130862
0.2032814752498460	0.0000132490942948
0.2059440208753481	-0.0000065572032711
0.2080040621443202	0.0000060299756731
0.2104318428398720	-0.0000158106103042
0.2123022703803857	-0.0000002683536256
0.2147953586269748	-0.0000165159449750
0.2168841051981209	0.0000040086267192
0.2189946950120260	-0.0000076181448226
0.2215947289540653	0.0000155138278748
0.2234904341547467	0.0000018975097721
0.2263409960640390	0.0000185377996214
0.2283715430336504	-0.0000023681413757
0.2305137504457668	0.0000076490286872
0.2333514067800267	-0.0000179263859710
0.2351402790676660	-0.0000052664059268
0.2384052554186077	-0.0000221410957482
0.2408005893128202	-0.0000012181820844
0.2435166269059811	-0.0000037520988854
0.2479917425584765	0.0000252157237560
0.2494171916693259	0.0000043835335683
0.2515402591596719	0.0000217613658515
0.2542168599405182	-0.0000005708092980
0.2565924506961371	0.0000028261603510
0.2615666681233924	-0.0000284056851858
0.2640299088987030	-0.0000122408011348
0.2690894084481823	-0.0000084739383216
0.2858429130963044	0.0000074693783480
0.2889665536612787	0.0000168097151268
0.2907922916334679	-0.0000054172004872
0.2927382287672949	0.0000079526761610
0.2953364307566935	-0.0000125023872916
0.2974476417205727	0.0000021441999924
0.2998123125546294	-0.0000151790911539
0.3020504597374198	0.0000019726367482
0.3040986455000568	-0.0000148601075948
0.3062818290130807	0.0000024962361233
0.3084483996433624	-0.0000157125874556
0.3106426141498617	-0.0000018801167095
0.3133935855668650	-0.0000209622705895
0.3153076007034363	-0.0000044742269066
0.3180204306664125	-0.0000174434488521
0.3199859356062837	0.0000064034063384
0.3220662216378340	-0.0000017075994688
0.3250921547202726	0.0000262493884554
0.3266296884073798	0.0000116429539345
0.3297400046670859	0.0000287095687035
0.3315387291373817	0.0000048525287644
0.3336479472085203	0.0000108423833824
0.3373330805904934	-0.0000234898329288
0.3388718239246767	-0.0000074345881297
0.3420624081725491	-0.0000287931561269
0.3437035934689125	-0.0000057364436172
0.3459648964308156	-0.0000104633873682
0.3503985703893508	0.0000283606668018
0.3528435313584249	0.0000163731642171
0.3578161683228184	0.0000298968087034
0.3599069840362341	0.0000072131567843
0.3625443130978561	0.0000095679365043
0.3656915301709438	-0.0000205932013783
0.3672457558045782	-0.0000069851559098
0.3701349042940328	-0.0000048764554237
0.3732586239190317	-0.0000040605544858
0.3761703349335640	0.0000025789608266
0.3847662238746487	-0.0000183452237209
0.3877681368344508	0.0000088605765989
0.3900280615600702	-0.0000077708894476
0.3921794950567143	0.0000070284237044
0.3943826184603471	-0.0000118119875745
0.3966608184389444	0.0000017053056945
0.3991827112797443	-0.0000178878743485
0.4014439442321653	-0.0000057343763115
0.4043629630120005	-0.0000246061078243
0.4064586286073531	-0.0000097341847102
0.4096083114431706	-0.0000222450516819
0.4117717707576635	-0.0000007882159871
0.4142879939111961	-0.0000072784510554
0.4170032754707824	0.0000189665086480
0.4187881563216037	0.0000069588454535
0.4216084776455618	0.0000280305051856
0.4232486193354476	0.0000081748712125
0.4256531315778298	0.0000190825254544
0.4279950751894301	-0.0000065900951863
0.4299282309134294	0.0000021380361911
0.4328136061633927	-0.0000243971399058
0.4344881785519013	-0.0000090390050666
0.4373357250332008	-0.0000238449858446
0.4393650393953336	-0.0000007182084528
0.4414674226432765	-0.0000089550744346
0.4438270145747752	0.0000187196215323
0.4456328088276439	0.0000072933842497
0.4485542647624058	0.0000274252119864
0.4504452753835494	0.0000075444137978
0.4527231511373689	0.0000175824284072
0.4552824299638158	-0.0000073633760290
0.4573466123219621	0.0000029954901692
0.4604239530983079	-0.0000170810736242
0.4623432653098766	0.0000010015493336
0.4646385737205675	-0.0000114511948110
0.4672634965189269	0.0000100798344304
0.4692822222227360	-0.0000033258801731
0.4725025228429410	0.0000127264009506
0.4743545120995257	-0.0000066050755978
0.4766780235687620	0.0000056344921348
0.4793503933469101	-0.0000151394256994
0.4815709589936140	-0.0000030445875921
0.4843496101101797	-0.0000194943835433
0.4867858655895458	-0.0000014307421985
0.4904088085059133	-0.0000246344617972
0.4918315131056688	-0.0000007209813704
0.4951675332238582	-0.0000155281749957
0.4992700065890245	0.0000073058962694
0.5024871403755874	-0.0000026671383587
0.5053301191659081	0.0000189538428221
0.5076341857081785	-0.0000055008503886
0.5095596779588795	0.0000126364501903
0.5118083186271237	-0.0000046172315539
0.5144718829034292	0.0000062742796666
0.5170439983457816	-0.0000157178336389
0.5189706610784114	-0.0000033349674661
0.5224548679110185	-0.0000214141945312
0.5241027984268019	0.0000001443899324
0.5266505996792618	-0.0000051610078089
0.5296380229560197	0.0000288922892540
0.5311502222558533	0.0000213231487787
0.5362776081534900	0.0000196863175734
0.5430519321448729	-0.0000125375479689
0.5459296503467137	0.0000095366674466
0.5479687546502228	-0.0000152066161416
0.5494692672715529	-0.0000010500088031
0.5525769590465707	-0.0000232973264091
0.5544403606989085	-0.0000041424818540
0.5572179617370147	-0.0000078320318760
0.5601511808175800	0.0000285536238510
0.5617563797436453	0.0000118994191075
0.5650584274864894	0.0000341142162737
0.5669723742482836	0.0000143815997007
0.5699676335083084	0.0000157284761402
0.5730713511315978	-0.0000211518902934
0.5744443627067560	-0.0000125363075759
0.5785849015674368	-0.0000101091636340
0.5799758898692988	-0.0000000825619879
0.5815747427843823	-0.0000153258690610
0.5840490707030269	0.0000087111126226
0.5862557325584458	0.0000022637016163
0.5896174777935629	0.0000292441503417
0.5909796487965439	0.0000111126111485
0.5937906844135774	0.0000244728697729
0.5963564725473318	-0.0000004558601382
0.5981540355767209	0.0000074057511868
0.6016016267362602	-0.0000252302146228
0.6030075638438094	-0.0000059965795435
0.6056021022547723	-0.0000263428688577
0.6076884421252637	-0.0000045382680213
0.6099373587696063	-0.0000100474011549
0.6135450740492102	0.0000232179508815
0.6150637726699504	0.0000029212425902
0.6177494409810267	0.0000203462986083
0.6199273078679537	-0.0000022843533560
0.6219359739104992	0.0000061671612068
0.6251657837880477	-0.0000223267051517
0.6268711024578327	-0.0000084446081130
0.6308677392773937	-0.0000177609516327
0.6331359789972657	0.0000110537506299
0.6348560637397624	0.0000055088299412
0.6436713893980028	0.0000138010187707
0.6454305905862662	0.0000232766702647
0.6480754415781708	-0.0000109729960073
0.6499365643451964	-0.0000030150956683
0.6564219366554150	-0.0000157730863484
0.6598451459961528	-0.0000143111227168
0.6618133096406434	-0.0000047389236205
0.6640888299161706	-0.0000153357553028
0.6666029915450907	0.0000072295239859
0.6685477447992149	-0.0000050012395749
0.6711297988878275	0.0000156305573989
0.6729673975871188	-0.0000018305648352
0.6752986465534484	0.0000119540008443
0.6776598738353470	-0.0000108935504650
0.6795844136114423	-0.0000000018132212
0.6826557379743013	-0.0000233371386496
0.6842591334954217	-0.0000056222998069
0.6870424359418333	-0.0000172321086324
0.6893268413737265	0.0000086090270027
0.6912021078325491	0.0000013062833861
0.6947930435849751	0.0000332924949363
0.6961259538600734	0.0000165230210813
0.6994951235690723	0.0000098446312959
0.7021014715776123	0.0000033282085503
0.7044433416653010	0.0000171007619336
0.7071556475668356	-0.0000161078068536
0.7094125785700082	-0.0000068816873366
0.7166829399259361	-0.0000117415629658
0.7203013378208966	0.0000003600791223
0.7217094467640272	-0.0000163616512328
0.7245067596186617	0.0000032684513537
0.7265880673494386	-0.0000113053586690
0.7290443095599539	0.0000053678945102
0.7316810524554633	-0.0000120331713301
0.7337021351612534	0.0000016628169955
0.7368359423736575	-0.0000166195989360
0.7386743230564039	0.0000018910193150
0.7414010698164190	-0.0000065582669062
0.7443313514057809	0.0000213455662800
0.7460306116741515	0.0000125210770933
0.7573275683038709	-0.0000013012817533
0.7595025942479318	0.0000148544274376
0.7619695763789024	-0.0000148584603959
0.7640017458055197	-0.0000041410692304
0.7682466825424346	-0.0000124684343315
0.7700754630306911	-0.0000117576419851
0.7773766955455947	-0.0000089511590355
0.7837753063384345	0.0000105985730583
0.7853007388264378	0.0000001819827417
0.7881431973293638	0.0000300934886264
0.7895087964471630	0.0000126944276439
0.7929973523209110	0.0000001908392054
0.7975835926341239	0.0000234412479141
0.7996827557117193	-0.0000021021196711
0.8014521346615986	0.0000110847999401
0.8051758419684542	-0.0000049549303202
0.8075350599369158	0.0000172351188024
0.8097471875262873	0.0000111923032663
0.8128631806439850	0.0000410258751431
0.8150674129024990	0.0000349574312075
0.8183203519526659	0.0000552739055350
0.8216921487239508	0.0000406399699298
0.8235902558891245	0.0000647330644114
0.8364874292762984	0.0001362735072295
0.8406642146859420	0.0001705029929136
0.8418536390616234	0.0002086381542387
0.8446369522792190	0.0002374952609477
0.8464960150930002	0.0002885744522514
0.8509111010366344	0.0003867543256135
0.8539797095114137	0.0004631739595783
0.8570028429754570	0.0005773315006394
0.8585765512959065	0.0006602389061334
0.8600230717337087	0.0007543827021960
0.8614075848056750	0.0008621308631894
0.8629266229816343	0.0010018809562999
0.8643293591411382	0.0011526426026297
0.8657216451205657	0.0013262810974634
0.8670026545514826	0.0015099043790827
0.8681429049869707	0.0016959133135020
0.8691505721513354	0.0018809068520527
0.8701352067859501	0.0020831214884207
0.8710562872666714	0.0022933299456253
0.8719274928238208	0.0025126758958833
0.8727520243550599	0.0027402312782765
0.8735447609697150	0.0029785938721338
0.8743160965197386	0.0032299809565595
0.8751141958942195	0.0035115736928758
0.8758764867415164	0.0038020849464189
0.8766058511117761	0.0041008282056713
0.8773040556728999	0.0044068353726564
0.8779716994947835	0.0047187247801618
0.8786504806101733	0.0050562330791968
0.8793068651834167	0.0054030695710077
0.8799417632091742	0.0057586872901043
0.8805548971112310	0.0061218996012201
0.8811480934507826	0.0064927696603449
0.8817228230497758	0.0068712836328450
0.8822811211967043	0.0072579214992403
0.8828550013150523	0.0076757036955633
0.8834028036939764	0.0080948012634124
0.8839543223656687	0.0085378294432192
0.8844897766277713	0.0089890099035927
0.8850097548564229	0.0094478878163852
0.8855149603063062	0.0099141260312703
0.8860061982935704	0.0103875215111107
0.8864840413232099	0.0108677022442876
0.8869495206621295	0.0113548201808211
0.8874051725282096	0.0118507765106348
0.8878759146921916	0.0123835485325352
0.8883314541089140	0.0129196006518489
0.8887734427454375	0.0134595543816455
0.8892032441502805	0.0140039182931497
0.8896416396684484	0.0145793108131580
0.8900728204899405	0.0151655609663064
0.8904973470190981	0.0157629641080384
0.8909155882482217	0.0163716117331924
0.8913278494729233	0.0169915419952642
0.8917336539862500	0.0176216123008545
0.8921339374807331	0.0182628492032060
0.8925296533809106	0.0189164449559242
0.8929357589462104	0.0196079901454108
0.8933338361627753	0.0203067910018876
0.8937241878806392	0.0210125924898541
0.8941070805662652	0.0217251159713397
0.8944827679983496	0.0224440969200879
0.8948515100305087	0.0231693199941498
0.8952130774286006	0.0238996357143355
0.8955821527221381	0.0246651203244409
0.8959468073555500	0.0254416565731309
0.8963069572439918	0.0262287288446699
0.8966628181616892	0.0270264684550270
0.8970141420639237	0.0278339677667667
0.8973612016397828	0.0286514839308756
0.8977042050784367	0.0294791660908246
0.8980433653845732	0.0303172091098269
0.8983793969361694	0.0311670924747911
0.8987222489048901	0.0320546887336323
0.8990595688337977	0.0329485050600621
0.8993914691047158	0.0338481989469148
0.8997181143386281	0.0347535854387110
0.9000397229929167	0.0356646579422034
0.9003561322899146	0.0365803594682911
0.9006789852323615	0.0375347919352939
0.9009987591391165	0.0385004121077923
0.9013155517293077	0.0394772419854737
0.9016294513585917	0.0404652855925250
0.9019405378742433	0.0414645292041987
0.9022488935675456	0.0424749746673429
0.9025543224581553	0.0434957022346253
0.9028572446368210	0.0445278405683081
0.9031578897175181	0.0455719488821187
0.9034564237447046	0.0466284084494092
0.9037533763093067	0.0476989303667682
0.9040566322941652	0.0488126655130029
0.9043568302938374	0.0499357965530603
0.9046540912703109	0.0510683828787807
0.9049485417801889	0.0522105287965186
0.9052403128844665	0.0533623817475274
0.9055295391821863	0.0545241305545776
0.9058163573810131	0.0556960013455717
0.9061009045864098	0.0568782516916450
0.9063833164371136	0.0580711633670893
0.9066637252123468	0.0592750341976653
0.9069422580301294	0.0604901695049970
0.9072190352426579	0.0617168736597139
0.9074941691053684	0.0629554421814938
0.9077677713241434	0.0642061935383308
0.9080397403033050	0.0654684819958425
0.9083179414805689	0.0667794447354431
0.9085950264804490	0.0681051404617945
0.9088710522797216	0.0694457502215099
0.9091460606560051	0.0708013923415604
0.9094200807940668	0.0721721303002085
0.9096931314235711	0.0735579792754084
0.9099652172940159	0.0749588845936186
0.9102364334228604	0.0763752619682591
0.9105141223713379	0.0778462148307138
0.9107906723329569	0.0793321590220973
0.9110660936048397	0.0808330245990145
0.9113403921530470	0.0823487171504136
0.9116135728223477	0.0838791341914419
0.9118856374828743	0.0854241541408576
0.9121565868803025	0.0869836458649609
0.9124264215066832	0.0885574733059017
0.9126951426070219	0.0901455013043017
0.9129627531640072	0.0917476017418758
0.9132292588727132	0.0933636600690476
0.9134946690760688	0.0949935820342217
0.9137589976287970	0.0966373003934396
0.9140222630111307	0.0982947773133907
0.9142844943212377	0.0999660442142542
0.9145457249372512	0.1016511648630774
0.9148059937467138	0.1033502449835062
0.9150653455836785	0.1050634371679266
0.9153238313731535	0.1067909440240616
0.9155815080024822	0.1085330195333905
0.9158384380356075	0.1102899692665763
0.9160946892107636	0.1120621489600246
0.9163503337932161	0.1138499618402806
0.9166054480312285	0.1156538563664570
0.9168601108084093	0.1174743179854976
0.9171144030466254	0.1193118656849231
0.9173684070036384	0.1211670474927366
0.9176222056210731	0.1230404360197152
0.9178758819021036	0.1249326239181443
0.9181295183854853	0.1268442197741797
0.9183831967047277	0.1287758443989548
0.9186369972290246	0.1307281275371809
0.9188909987787844	0.1327017049807107
0.9191452783286777	0.1346972154461528
0.9193999749395393	0.1367158038587331
0.9196548592292451	0.1387557002321826
0.9199100809378085	0.1408181233045944
0.9201655326543865	0.1429022294782998
0.9204213471868574	0.1450091169953061
0.9206776303351341	0.1471396921144508
0.9209344892142937	0.1492948962927048
0.9211920277825690	0.1514756683569898
0.9214503470246973	0.1536829445051268
0.9217095447585626	0.1559176551050244
0.9219697153049512	0.1581807201913388
0.9222309491016970	0.1604730442966673
0.9224933321273088	0.1627955093894817
0.9227569520575472	0.1651490273609579
0.9230218743726104	0.1675343250458822
0.9232881581530362	0.1699520789967398
0.9235558494363947	0.1724028514359277
0.9238246614285240	0.1748841447447553
0.9240882636721036	0.1773368643456401
0.9243543929807795	0.1798324802495718
0.9246227799245295	0.1823687970419870
0.9248936378705629	0.1849481243627993
0.9251671791352299	0.1875728069176792
0.9254436219583508	0.1902452903858510
0.9257231917560929	0.1929681342637882
0.9260061105369675	0.1957439091583179
0.9262926307457625	0.1985755281620178
0.9265830290883792	0.2014661938766208
0.9268778844874777	0.2044221818749005
0.9271685972782434	0.2073569176576728
0.9274622524771032	0.2103414542410249
0.9277506650500731	0.2132919920654770
0.9280445175133201	0.2163173628853126
0.9283441651228138	0.2194218850034899
0.9286499406457480	0.2226096926268747
0.9289621461529312	0.2258846382388109
0.9292809892533861	0.2292495973521806
0.9296072359888358	0.2327133666796719
0.9299397958720989	0.2362650781727690
0.9302741120718553	0.2398558955447950
0.9306086627940081	0.2434688791945847
0.9309541865200037	0.2472201470019783
0.9313113856091969	0.2511183584184543
0.9316776994019940	0.2551364801464035
0.9320519497291668	0.2592615255276968
0.9324481659284493	0.2636492488558967
0.9328698027783691	0.2683400686150385
0.9332877868058895	0.2730101541397838
0.9337410212545245	0.2780942692308270
0.9342174753309921	0.2834588724767184
0.9347672523353184	0.2896706417189021
0.9353771890170629	0.2965832130089476
0.9361654878510713	0.3055362446613861
0.9381394557610705	0.3279452842827909
0.9387458425881419	0.3348078125318075
0.9392574907534975	0.3405786545350638
0.9397346448960611	0.3459401190263954
0.9401463977100096	0.3505470880347177
0.9405416837342656	0.3549495780710291
0.9409098567462021	0.3590304879839993
0.9412641732233874	0.3629378980796412
0.9416026013796478	0.3666499424468573
0.9419265967633343	0.3701840140226024
0.9422453560297581	0.3736407655663360
0.9425441431866628	0.3768613040929136
0.9428394199252542	0.3800242969767464
0.9431267387796703	0.3830823386531610
0.9434118301881934	0.3860963947946870
0.9436832876107009	0.3889464456135800
0.9439514784330285	0.3917422922370793
0.9442137898552878	0.3944570069900559
0.9444773084099070	0.3971637024876447
0.9447321373419573	0.3997607451470933
0.9449795142251052	0.4022619781376274
0.9452197736805711	0.4046718446562577
0.9454603237462569	0.4070648619926920
0.9456973316860152	0.4094027808039600
0.9459355872773725	0.4117325395085251
0.9461684430594021	0.4139890762572744
0.9463958877166445	0.4161731458135047
0.9466184177768530	0.4182903734152170
0.9468407993562509	0.4203862404032212
0.9470601688546860	0.4224337669152421
0.9472767454560971	0.4244353441606518
0.9474956365247574	0.4264378310200000
0.9477105749706680	0.4283836375955873
0.9479217764151764	0.4302753949866473
0.9481294277670144	0.4321154229343463
0.9483335703644560	0.4339047102594571
0.9485384394334418	0.4356803841247314
0.9487410756803567	0.4374166932305710
0.9489415557135832	0.4391145950536415
0.9491399916119477	0.4407753281232459
0.9493365642526271	0.4424006783780918
0.9495350878288218	0.4440218592652382
0.9497307431942276	0.4455993071633483
0.9499236848843743	0.4471348281902255
0.9501139706618061	0.4486294147116720
0.9503052973074796	0.4501120454653492
0.9504949313397228	0.4515613876672957
0.9506829056175347	0.4529779506440504
0.9508691982222817	0.4543618352153234
0.9510538769727055	0.4557138175043156
0.9512369879572498	0.4570344988421005
0.9514185638615901	0.4583243755699250
0.9515986302687895	0.4595838897059923
0.9517773127292375	0.4608141753641268
0.9519576637479709	0.4620359762356073
0.9521357398254103	0.4632224106417822
0.9523153673416695	0.4643988848138686
0.9524936623223268	0.4655462657038145
0.9526706633444001	0.4666650375208072
0.9528464004949044	0.4677556220763712
0.9530208978237747	0.4688183981693411
0.9531941755784674	0.4698537180201304
0.9533662516250023	0.4708619173978352
0.9535370966806704	0.4718430604762238
0.9537067585476708	0.4727976631897843
0.9538752783482216	0.4737261890063532
0.9540426932783101	0.4746290671383663
0.9542090392171482	0.4755067083120972
0.9543742120621229	0.4763587816650234
0.9545413983649111	0.4772014319702865
0.9547078924958938	0.4780206341683353
0.9548737800284325	0.4788168982605153
0.9550416055637589	0.4796020371560827
0.9552084797246241	0.4803621983620628
0.9553744153689493	0.4810976410597185
0.9555394222022483	0.4818086096993390
0.9557035078244044	0.4824953401077389
0.9558666787780056	0.4831580648373168
0.9560289415428704	0.4837970175392986
0.9561903033842968	0.4844124360507100
0.9563507849273146	0.4850046088626308
0.9565103219441193	0.4855735162762965
0.9566688212503696	0.4861190642162803
0.9568292129308966	0.4866510783340749
0.9569890654892196	0.4871611334451889
0.9571483887662557	0.4876493553931702
0.9573071898922108	0.4881158609320480
0.9574654738884470	0.4885607610243707
0.9576232442335815	0.4889841635963790
0.9577805034004192	0.4893861757949675
0.9579372589571662	0.4897669197131587
0.9580934661713110	0.4901263972297393
0.9582491433182023	0.4904647714440668
0.9584043036948654	0.4907821896933419
0.9585589597099249	0.4910787940615056
0.9587131233260234	0.4913547226411164
0.9588668064240595	0.4916101103345201
0.9590200210927126	0.4918450892692255
0.9591727798583918	0.4920597889156105
0.9593250958188352	0.4922543359112266
0.9594769406021092	0.4924288025513839
0.9596307327930733	0.4925856207172338
0.9597842915600368	0.4927221819389841
0.9599376252048512	0.4928385273794478
0.9600907412452481	0.4929346961645935
0.9602436466966731	0.4930107259847699
0.9603963482513613	0.4930666534446451
0.9605488524178983	0.4931025142664803
0.9607011656545510	0.4931183433885973
0.9608532944489878	0.4931141749681075
0.9610052470499784	0.4930900421717387
0.9611570044172194	0.4930459849457782
0.9613085796581674	0.4929820410371586
0.9614599832133862	0.4928982456857607
0.9616112257473567	0.4927946309859461
0.9617623182465665	0.4926712256292992
0.9619132720708087	0.4925280546194201
0.9620640989686116	0.4923651389897846
0.9622148110633052	0.4921824955496544
0.9623654208360896	0.4919801366503945
0.9625159410304415	0.4917580700837078
0.9626663846243877	0.4915162989464881
0.9628167665136241	0.4912548186723999
0.9629670689520968	0.4909736812547350
0.9631173097386013	0.4906728779681953
0.9632675065776365	0.4903523933277656
0.9634176780080643	0.4900122030516912
0.9635678411287750	0.4896522789475562
0.9637180134647081	0.4892725851025436
0.9638682359119283	0.4888730181606666
0.9640184418610441	0.4884537560856270
0.9641686532356091	0.4880147533158978
0.9643188926602506	0.4875559530040455
0.9644691483722792	0.4870773959871192
0.9646218119862153	0.4865710071421158
0.9647747343172094	0.4860434139653805
0.9649279616614466	0.4854943734890403
0.9650814511144888	0.4849239531118363
0.9652352341884628	0.4843319570301194
0.9653893931299505	0.4837179762632448
0.9655415793732086	0.4830917257958534
0.9656939279964732	0.4824448088130949
0.9658464649398757	0.4817770882274478
0.9659992174622539	0.4810884100757897
0.9661522151868205	0.4803785979370814
0.9663054701114876	0.4796475472877058
0.9664590159570393	0.4788950428255141
0.9666128859734476	0.4781208572534589
0.9667671156468478	0.4773247372954971
0.9669217568676385	0.4765063282454756
0.9670767903697886	0.4756656384316088
0.9672322567585232	0.4748023549871865
0.9673881994725769	0.4739161310254136
0.9675446679166959	0.4730065656354403
0.9677017472421772	0.4720730251524023
0.9678571277203377	0.4711295469814964
0.9680128565595026	0.4701640289383142
0.9681689397905034	0.4691763838162247
0.9683254324236948	0.4681662072216764
0.9684823891577176	0.4671330727964497
0.9686398674081040	0.4660765119544381
0.9687979277810365	0.4649960090995659
0.9689566346006628	0.4638909961128383
0.9691160565469060	0.4627608456510818
0.9692762945658753	0.4616046688675940
0.9694373853721499	0.4604220059696494
0.9695968751300428	0.4592311545993004
0.9697568619348739	0.4580167612600820
0.9699174237367579	0.4567781634235639
0.9700786410329301	0.4555146450336320
0.9702405977676015	0.4542254281257130
0.9704033810510136	0.4529096732881581
0.9705670841213607	0.4515664537108321
0.9707318073328443	0.4501947435212239
0.9708976521224353	0.4487934683492361
0.9710622155642438	0.4473831590868088
0.9712275320459788	0.4459466179528632
0.9713937261998842	0.4444826425524752
0.9715609351528147	0.4429898674167602
0.9717292431359020	0.4414673500222981
0.9718987089607237	0.4399143483864542
0.9720694905430438	0.4383291790952412
0.9722420183213989	0.4367075462318458
0.9724129728997852	0.4350808345561147
0.9725850614750623	0.4334235702161223
0.9727583545989918	0.4317348940251652
0.9729330665983849	0.4300125050946128
0.9731094138181315	0.4282539956984932
0.9732878428006766	0.4264545611709382
0.9734652114506290	0.4246460079347969
0.9736439385574476	0.4228038656346514
0.9738243109982276	0.4209249631464569
0.9740066448698083	0.4190057112734777
0.9741912228036018	0.4170427587054618
0.9743753256365965	0.4150651132405815
0.9745611096698167	0.4130497081464365
0.9747489380178427	0.4109923555462692
0.9749391860249951	0.4088885974497121
0.9751324609710464	0.4067312658748705
0.9753252995338133	0.4045590521004519
0.9755205365510727	0.4023400970095248
0.9757185088843270	0.4000702093435421
0.9759202737716903	0.3977367752275057
0.9761220369158906	0.3953836325994979
0.9763266533793470	0.3929775074241378
0.9765349136553833	0.3905086836726469
0.9767487053676814	0.3879541187918316
0.9769617966504890	0.3853881438260601
0.9771791545307158	0.3827510527625061
0.9774027200251530	0.3800185966213999
0.9776266975434106	0.3772614248844363
0.9778556742942462	0.3744230307621205
0.9780937380204208	0.3714519008617438
0.9783313183976750	0.3684671209700754
0.9785771925013512	0.3653584504279575
0.9788260752556589	0.3621923982532989
0.9790835327951958	0.3588978038996309
0.9793542236198505	0.3554139236914527
0.9796379145215384	0.3517421704002416
0.9799301536159857	0.3479394828117488
0.9802445480880400	0.3438275879088541
0.9805720449713137	0.3395235698701282
0.9809188718954800	0.3349452059568325
0.9812939991687009	0.3299731894148477
0.9817108874950908	0.3244277502703257
0.9821953270645698	0.3179640214209487
0.9829567865218055	0.3077805699633966
0.9839500500811720	0.2945209304192051
0.9844554324385334	0.2877866081230160
0.9848749369042747	0.2822166213081609
0.9852395473184172	0.2773947859376614
0.9855877864784973	0.2728091939212228
0.9858809779202208	0.2689672134148046
0.9861847250475433	0.2650056503072116
0.9864800151612618	0.2611748672843686
0.9867616124398784	0.2575418203233993
0.9870359168498337	0.2540233518046619
0.9872877004448243	0.2508129339604766
0.9875399126341737	0.2476162810562400
0.9877897549351906	0.2444697908233224
0.9880284235516880	0.2414838430391959
0.9882641612317292	0.2385544856158986
0.9884963758918291	0.2356888954470629
0.9887250556743847	0.2328874057573846
0.9889428588000273	0.2302386872086071
0.9891629912814135	0.2275815424308909
0.9893761145339269	0.2250289586302231
0.9895852643084069	0.2225435526106698
0.9897915221635205	0.2201120366105907
0.9899984331858300	0.2176929555863620
0.9902032303638874	0.2153188240766624
0.9903986237422110	0.2130732478677351
0.9905965849512588	0.2108179207226673
0.9907936700892096	0.2085926977147024
0.9909884007316619	0.2064142982304192
0.9911768800175952	0.2043255099695232
0.9913663222114012	0.2022460637049190
0.9915548079842552	0.2001972734983990
0.9917408452230047	0.1981953306880867
0.9919234713399494	0.1962499115307786
0.9921057252655199	0.1943284328120944
0.9922952466101002	0.1923509995711164
0.9924746997585637	0.1904990253646423
0.9926513375440631	0.1886959490961890
0.9928291026602180	0.1869014728113269
0.9930049176496477	0.1851467523030092
0.9931761952168381	0.1834570594323328
0.9933500085068544	0.1817622603286363
0.9935218697899052	0.1801065368066820
0.9936924907448093	0.1784829791348980
0.9938601816163708	0.1769068349224615
0.9940278588321723	0.1753506717164651
0.9941975081570007	0.1737964802935848
0.9943639488636331	0.1722918879315347
0.9945287721696879	0.1708218193875969
0.9946933137696732	0.1693740757088976
0.9948575883468701	0.1679488819860905
0.9950182233955290	0.1665748031392615
0.9951793660183983	0.1652161416864166
0.9953410759329895	0.1638725143619838
0.9955017101777582	0.1625580251177794
0.9956601225564077	0.1612812911517417
0.9958188344072443	0.1600220414704986
0.9959780058407991	0.1587790572291656
0.9961358244736103	0.1575668625985552
0.9962923234212657	0.1563844596359742
0.9964492812721857	0.1552186558113927
0.9966056757386538	0.1540770337169906
0.9967601070021527	0.1529696167534087
0.9969149083573137	0.1518792980759755
0.9970705319951283	0.1508034210508808
0.9972222456534906	0.1497742178478682
0.9973761556888123	0.1487499861797930
0.9975292986874675	0.1477508604073808
0.9976837694904721	0.1467634351808383
0.9978344697083470	0.1458199789343766
0.9979882029517104	0.1448776960598535
0.9981399329469505	0.1439679172045871
0.9982910137544494	0.1430820308228485
0.9984414394518009	0.1422199424222448
0.9985919497099723	0.1413772982121958
0.9987431723529869	0.1405509873406679
0.9988915436136375	0.1397600738045063
0.9990430720624069	0.1389725368419804
0.9991922812681312	0.1382173494290087
0.9993398696916831	0.1374900199270335
0.9994890806366136	0.1367747430960204
0.9996373806115784	0.1360838958206397
0.9997856667483903	0.1354131120764138
0.9999332176313114	0.1347656289242282
