0.0000000000000000	0.0000000000369111
0.0424050745772596	0.0000200000369111
0.0446514427439653	0.0000044786630669
0.0466093985296904	0.0000258240666814
0.0504029177953452	0.0000257306364041
0.0521674542300383	0.0000516390562723
0.0550061420316019	0.0000521865823217
0.0569426989898294	0.0000832415186431
0.0650267515587345	0.0002049478765600
0.0665854711591246	0.0002566847970273
0.0679475883959749	0.0003215089898072
0.0691784299043569	0.0003973181188346
0.0703339163008994	0.0004848949689608
0.0714146722490272	0.0005828301516655
0.0725599174588331	0.0007053828790564
0.0737148629035446	0.0008514585190332
0.0747718655340468	0.0010074209600968
0.0757314706576662	0.0011698834490225
0.0765921996690712	0.0013347348848075
0.0773872170658966	0.0015046929790857
0.0781421032759208	0.0016831032331575
0.0789755291621772	0.0019012017171168
0.0797588903426953	0.0021281621234071
0.0804926490448895	0.0023618309539623
0.0811820128889471	0.0026015431138791
0.0818311783430411	0.0028465902160376
0.0824390218926359	0.0030944170262002
0.0830539007583056	0.0033644942900292
0.0836499238290453	0.0036460004383521
0.0842541428510881	0.0039526308907034
0.0848276038173811	0.0042648092449420
0.0853724176593040	0.0045817218602314
0.0858909182853105	0.0049028536408429
0.0863836210747152	0.0052267533143307
0.0868837133550429	0.0055751430946650
0.0873682662633067	0.0059325390918595
0.0878404111898750	0.0063004479482830
0.0883202445717288	0.0066952234291051
0.0887806246969108	0.0070947787546050
0.0892234388476025	0.0074991641431598
0.0896505744093402	0.0079086797996170
0.0900629785869103	0.0083229641463510
0.0904816245146207	0.0087632162741134
0.0908916258240044	0.0092142932364937
0.0912933884299061	0.0096761185209456
0.0916884540785182	0.0101499766621117
0.0920895293514401	0.0106517870916024
0.0924791554931274	0.0111599747289626
0.0928581669190501	0.0116745201375421
0.0932275528822132	0.0121957508474472
0.0935881888640079	0.0127239943708356
0.0939407201189507	0.0132593814497860
0.0942982968945930	0.0138221863685005
0.0946506952766772	0.0143967821561982
0.0949979134858539	0.0149828048471306
0.0953412510016273	0.0155821153433160
0.0956897667643249	0.0162112055883261
0.0960311390904489	0.0168481660298198
0.0963656993758755	0.0174928377290461
0.0966937843222744	0.0181451269001084
0.0970157815792982	0.0188051016545866
0.0973320523922342	0.0194728463017791
0.0976429414466556	0.0201484767527279
0.0979484247016338	0.0208313615774726
0.0982591185540531	0.0215456091816222
0.0985662279964234	0.0222715392337826
0.0988702700608700	0.0230101051180509
0.0991800172452089	0.0237832835582751
0.0994847607175171	0.0245648485910389
0.0997846395366748	0.0253545476515867
0.1000798129644794	0.0261522036377891
0.1003704512706785	0.0269576975550071
0.1006567728724718	0.0277710781618392
0.1009389876538406	0.0285924143240697
0.1012172948288914	0.0294217870742290
0.1014919066933770	0.0302593591597100
0.1017626086174206	0.0311040230741726
0.1020383798745532	0.0319842033140152
0.1023116783513843	0.0328764214140315
0.1025829433432024	0.0337819096582573
0.1028588639821012	0.0347236128072514
0.1031311411229537	0.0356736557419599
0.1033999838490946	0.0366322715483823
0.1036655212719273	0.0375994495926726
0.1039278932996484	0.0385752464754737
0.1041872493821254	0.0395597863167534
0.1044437625116704	0.0405533188975112
0.1046976008963451	0.0415561171633437
0.1049489288766428	0.0425684797224543
0.1051979056392550	0.0435907246027926
0.1054446838064591	0.0446231818747834
0.1056894080579198	0.0456661857389686
0.1059320351621648	0.0467192981547011
0.1061793599247741	0.0478125158095183
0.1064313569737554	0.0489470788249340
0.1066811515841633	0.0500925863468693
0.1069288172391222	0.0512490564682552
0.1071744283708924	0.0524165268952054
0.1074180596206225	0.0535950521669758
0.1076597862560288	0.0547847061932690
0.1078996805242005	0.0559855647837869
0.1081378282362967	0.0571977889371722
0.1083743092843173	0.0584215299504393
0.1086092002965973	0.0596569413379616
0.1088425755892180	0.0609041828750481
0.1090745079019242	0.0621634239284821
0.1093050689095638	0.0634348459003101
0.1095343295127997	0.0647186436753728
0.1097623599299959	0.0660150260684142
0.1099892302632016	0.0673242190098095
0.1102149592480407	0.0686461649951431
0.1104396562109409	0.0699813479600010
0.1106636140449722	0.0713313801569337
0.1108916090605313	0.0727256007118351
0.1111177819642966	0.0741286143572457
0.1113478444735847	0.0755762304077807
0.1115769751103966	0.0770386058023293
0.1118052190894093	0.0785158886793260
0.1120326162433260	0.0800082026698379
0.1122592168263696	0.0815157495783913
0.1124850670210273	0.0830387164216426
0.1127102103533073	0.0845772834598376
0.1129346882970086	0.0861316273226007
0.1131585408239688	0.0877019240686977
0.1133818102179906	0.0892883755716763
0.1136045301367690	0.0908911319917233
0.1138267353768252	0.0925103593866701
0.1140484604871116	0.0941462299067006
0.1142697401838416	0.0957989248486286
0.1144906097028050	0.0974686374509745
0.1147111050809785	0.0991555753275647
0.1149312633783479	0.1008599625790190
0.1151511227726364	0.1025820410188879
0.1153707226932088	0.1043220717506119
0.1155901038684777	0.1060803361091339
0.1158093083089654	0.1078571360937037
0.1160283793182582	0.1096527950045338
0.1162473613318749	0.1114676566448899
0.1164663205294062	0.1133022575307460
0.1166851776093433	0.1151559193635076
0.1169039962829025	0.1170291580884719
0.1171228359625949	0.1189224704103589
0.1173417543862362	0.1208363548773155
0.1175608075946741	0.1227713107993283
0.1177800507601992	0.1247278446958289
0.1179995332816812	0.1267064255717293
0.1182193047766462	0.1287075367654583
0.1184394143258134	0.1307316688537726
0.1186599101407497	0.1327793161139795
0.1188808395835721	0.1348509760886881
0.1191022489621363	0.1369471470055921
0.1193241832437469	0.1390683242850149
0.1195466856809340	0.1412149960215451
0.1197697973350869	0.1433876372477603
0.1199935518129269	0.1455866570870339
0.1202179626802063	0.1478122692336267
0.1204430832600109	0.1500650830589479
0.1206689654502320	0.1523457039550368
0.1208954306042002	0.1546524082258798
0.1211181106447196	0.1569401324558452
0.1213420932598263	0.1592606852554369
0.1215674762944084	0.1616152913975006
0.1217943549094941	0.1640051702709800
0.1220228205279886	0.1664315227728701
0.1222529582505736	0.1688955012252037
0.1224848549899441	0.1713982935013057
0.1227185981285584	0.1739411080922135
0.1229541423859820	0.1765237118547131
0.1231916505239354	0.1791481418621745
0.1234312689029340	0.1818162896247278
0.1236731286530253	0.1845299059680329
0.1239173498258047	0.1872906396533338
0.1241635767268079	0.1900947570234245
0.1244071441634938	0.1928887016157083
0.1246549104737369	0.1957509645861929
0.1249002390122950	0.1986047542995507
0.1251490875179170	0.2015191409709433
0.1254016731598797	0.2044971377693456
0.1256581629026858	0.2075411945134286
0.1259185594026632	0.2106518104864609
0.1261824620706271	0.2138246251862360
0.1264447846565532	0.2169981524456625
0.1267139595423451	0.2202744005915813
0.1269903108108065	0.2236582809404888
0.1272747409411599	0.2271618329462024
0.1275591525733266	0.2306854503553518
0.1278404952500271	0.2341903916667770
0.1281321197379934	0.2378427587965295
0.1284350907665789	0.2416571530459385
0.1287495838332505	0.2456370817564905
0.1290654531644849	0.2496543802365896
0.1294044629823034	0.2539864674613090
0.1297494230346138	0.2584150548634985
0.1300979472788545	0.2629089538945050
0.1304812819476635	0.2678718689127371
0.1308769270985868	0.2730137928001766
0.1313077459495445	0.2786331094454218
0.1317891476840419	0.2849327885828816
0.1324311923389351	0.2933569329320485
0.1332233516411285	0.3037723569288556
0.1343650726183245	0.3187615146595172
0.1349099129517944	0.3259042519478105
0.1353843007703962	0.3321045694469474
0.1358154014897692	0.3377188274490975
0.1362012335606709	0.3427240192085758
0.1365658725071536	0.3474342885686308
0.1369043604562745	0.3517869047234771
0.1372171451902108	0.3557896790351839
0.1375382509920436	0.3598785706855711
0.1378329740783660	0.3636120951999419
0.1381223049519769	0.3672573715208475
0.1384015629673976	0.3707554317091207
0.1386699692786227	0.3740977528701857
0.1389376865378031	0.3774111845987287
0.1391918968100331	0.3805374476768594
0.1394421917828072	0.3835956007746677
0.1396862219294140	0.3865573908366768
0.1399286076506527	0.3894789238841382
0.1401628038327606	0.3922817218441444
0.1403896178280098	0.3949766794283824
0.1406158008945303	0.3976443674276484
0.1408431512521575	0.4003053253348552
0.1410644624648981	0.4028751304124629
0.1412803078818061	0.4053614089542859
0.1414912334840259	0.4077713189893237
0.1416978405537579	0.4101124845705687
0.1419051808856381	0.4124421589210806
0.1421129437622795	0.4147561441640231
0.1423165185280871	0.4170031238658983
0.1425163879128207	0.4191891364889406
0.1427128649061450	0.4213182208452680
0.1429063443403048	0.4233951958496943
0.1430974061280368	0.4254267351967710
0.1432890319917006	0.4274443962628277
0.1434806462265010	0.4294415898651820
0.1436695816295645	0.4313905877187440
0.1438560574308507	0.4332941077423978
0.1440402536676027	0.4351543988932211
0.1442223129953534	0.4369732775878691
0.1444024314420952	0.4387530473336351
0.1445841802916185	0.4405287586906430
0.1447631184052292	0.4422568540917516
0.1449392442803176	0.4439379419366830
0.1451161892475093	0.4456067247540969
0.1452914356731026	0.4472393403781403
0.1454650866579590	0.4488370373713444
0.1456372005576116	0.4504006236443564
0.1458079066351770	0.4519315262553711
0.1459773935400923	0.4534316556113661
0.1461485241089635	0.4549260372215190
0.1463177887140267	0.4563837921454443
0.1464852749285784	0.4578060919460659
0.1466510717690311	0.4591940885596794
0.1468152761416567	0.4605489664763586
0.1469778791469535	0.4618710110591586
0.1471416020132575	0.4631822138826592
0.1473043179903657	0.4644653387950164
0.1474660895245663	0.4657210407295121
0.1476269650550145	0.4669498444902123
0.1477870930712009	0.4681530145397236
0.1479488986345023	0.4693484116639958
0.1481095130397495	0.4705145556071520
0.1482689785344350	0.4716520217302366
0.1484273487586974	0.4727614511971536
0.1485845935388500	0.4738428883934940
0.1487407870906388	0.4748971017229861
0.1488959986890151	0.4759247951804148
0.1490502960453644	0.4769266331861399
0.1492037404753751	0.4779032105736246
0.1493563882680150	0.4788550648583969
0.1495082912619893	0.4797826826985830
0.1496594973111093	0.4806865052703784
0.1498100506645679	0.4815669328080174
0.1499600748800294	0.4824248063165814
0.1501117049667228	0.4832719997398813
0.1502646777292353	0.4841063187640209
0.1504169423376008	0.4849163423371725
0.1505685396986877	0.4857024492135087
0.1507195071293315	0.4864649825849971
0.1508698789818582	0.4872042553640936
0.1510196870146895	0.4879205537722031
0.1511689607199536	0.4886141404431446
0.1513177276107842	0.4892852570928230
0.1514660134632433	0.4899341267692371
0.1516138425587495	0.4905609559200978
0.1517612378750677	0.4911659360639194
0.1519082213132595	0.4917492454626328
0.1520548160647072	0.4923110589751999
0.1522010166338667	0.4928514366155886
0.1523468541442319	0.4933705735094046
0.1524923542794422	0.4938686328027169
0.1526375400810139	0.4943457581103921
0.1527824323228164	0.4948020763975544
0.1529270498376883	0.4952377004185580
0.1530714413275822	0.4956528235884312
0.1532176702060085	0.4960529866454251
0.1533635036046363	0.4964317163875922
0.1535089614302021	0.4967891709375406
0.1536540636024462	0.4971255001993770
0.1537988300416923	0.4974408457671271
0.1539432804282925	0.4977353403649210
0.1540874353980006	0.4980091102590609
0.1542313151131474	0.4982622720430970
0.1543749394204112	0.4984949331727470
0.1545183278414516	0.4987071921287932
0.1546614996263602	0.4988991386752846
0.1548044737658033	0.4990708540285994
0.1549472820807223	0.4992224258167524
0.1550898858182074	0.4993538618802223
0.1552323099436254	0.4994652420448567
0.1553745780297205	0.4995566337874228
0.1555167127378637	0.4996280933817167
0.1556587358065638	0.4996796665120986
0.1558006680496016	0.4997113889003023
0.1559425293622963	0.4997232869361206
0.1560843387499591	0.4997153783043237
0.1562261143038838	0.4996876725978917
0.1563678728095747	0.4996401720446612
0.1565096315532624	0.4995728715755409
0.1566514065719191	0.4994857595961856
0.1567932130224752	0.4993788185403221
0.1569350652645852	0.4992520254070709
0.1570769769341553	0.4991053522413531
0.1572189610090830	0.4989387665644971
0.1573610298671981	0.4987522317625531
0.1575031953387500	0.4985457074364636
0.1576454747316017	0.4983191406199518
0.1577878405665267	0.4980725494647749
0.1579303081083329	0.4978058882863663
0.1580728922846067	0.4975191059367465
0.1582156081475399	0.4972121451073176
0.1583584687936380	0.4968849469980773
0.1585014874193448	0.4965374476710846
0.1586446770572727	0.4961695787159716
0.1587880505509750	0.4957812674649918
0.1589316205243506	0.4953724372469813
0.1590753993459631	0.4949430076843774
0.1592193990906264	0.4944928950308503
0.1593636314969266	0.4940220125565582
0.1595081079207623	0.4935302709846495
0.1596528392836805	0.4930175789871573
0.1597978360128122	0.4924838437568498
0.1599431079760113	0.4919289716492140
0.1600886644111608	0.4913528689036292
0.1602345137915385	0.4907554426842676
0.1603806637843537	0.4901366018373761
0.1605270374678280	0.4894966181126020
0.1606717696489977	0.4888440182808416
0.1608170170766383	0.4881693825111685
0.1609627012149870	0.4874729491132651
0.1611088458524985	0.4867544971648572
0.1612554742424469	0.4860137988116588
0.1614026093852102	0.4852506182424827
0.1615502740600886	0.4844647117831243
0.1616984909814315	0.4836558272907519
0.1618472829493860	0.4828237034565294
0.1619966733072800	0.4819680672535121
0.1621466845727373	0.4810886416747827
0.1622973407116101	0.4801851327450049
0.1624486669874579	0.4792572296168388
0.1626007102417520	0.4783044780702112
0.1627512450615196	0.4773411046766848
0.1629023223610269	0.4763542821611443
0.1630539377341939	0.4753439422332352
0.1632061078017966	0.4743098796843919
0.1633588456036343	0.4732519099389457
0.1635120586775946	0.4721705843088884
0.1636636574247144	0.4710810109418418
0.1638161650811827	0.4699653350579539
0.1639695944873712	0.4688232467681315
0.1641239598605213	0.4676544244270366
0.1642792765116231	0.4664585361527422
0.1644355606350093	0.4652352409981556
0.1645928345523103	0.4639841472403489
0.1647510647084658	0.4627053100209073
0.1649102952545448	0.4613981680567060
0.1650705650709201	0.4600621886314665
0.1652319100160172	0.4586968518694095
0.1653943654420673	0.4573016313341542
0.1655579872749328	0.4558758124353540
0.1657174102068496	0.4544668971841124
0.1658781800280144	0.4530266143496499
0.1660402946369971	0.4515546894766834
0.1662037575576369	0.4500508058721273
0.1663685021242279	0.4485153086172108
0.1665345670501516	0.4469475870172885
0.1667019725739229	0.4453471974509396
0.1668707881639766	0.4437132182109165
0.1670410462895004	0.4420450689641295
0.1672126888223247	0.4403430585156027
0.1673828197704010	0.4386361676793638
0.1675551317223900	0.4368875333559650
0.1677295359876145	0.4350975782074878
0.1679064034146222	0.4332620218069762
0.1680820612253383	0.4314190407650607
0.1682595622147326	0.4295367954870584
0.1684389340215142	0.4276146744122030
0.1686201798628035	0.4256523333052505
0.1688029749189933	0.4236530125384242
0.1689849706277378	0.4216426529600513
0.1691697431733480	0.4195817881918308
0.1693574707369323	0.4174678685719624
0.1695483576543238	0.4152979984611319
0.1697390405620359	0.4131103678810009
0.1699321175294438	0.4108752012540276
0.1701271769171179	0.4085969542180476
0.1703217799374264	0.4063043589980945
0.1705202634494181	0.4039462751235993
0.1707227116383373	0.4015209927750653
0.1709291386297370	0.3990276494907601
0.1711402090485895	0.3964575108715848
0.1713499536295462	0.3938832493464834
0.1715601289826978	0.3912840752977436
0.1717754963845011	0.3886009071335981
0.1719961568448337	0.3858316467288107
0.1722222829628959	0.3829733047439733
0.1724485505765662	0.3800930786147063
0.1726770142585556	0.3771653487761388
0.1729125425136812	0.3741272889088985
0.1731552323492929	0.3709766420014425
0.1734036539328432	0.3677310945685420
0.1736584206934432	0.3643823904081755
0.1739177341723151	0.3609538818838325
0.1741853794700278	0.3573949691684193
0.1744576527888888	0.3537546963901808
0.1747474961674164	0.3498591025984191
0.1750433295424542	0.3458626354581947
0.1753511361575794	0.3416845615416083
0.1756799285163247	0.3372009932171181
0.1760212577041907	0.3325266352066658
0.1763876394893077	0.3274886859303915
0.1767964290022569	0.3218467126971922
0.1772360501401393	0.3157586931919703
0.1777754800154251	0.3082696286008300
0.1785109805289131	0.2980362693529719
0.1796510207668638	0.2821927388054954
0.1801939522214152	0.2746573565686907
0.1806556956971277	0.2682673143239246
0.1810813128618767	0.2623968896616412
0.1814725040790819	0.2570215517880801
0.1818306979915577	0.2521191152216138
0.1821754890450830	0.2474201253514187
0.1825189795316350	0.2427594462400488
0.1828303244946908	0.2385541970860557
0.1831359633597590	0.2344457200968861
0.1834343337866447	0.2304551796648538
0.1837207152757175	0.2266448068867513
0.1840082518037051	0.2228394420627685
0.1842827978533576	0.2192261809142279
0.1845464064466548	0.2157762542324082
0.1848099642875294	0.2123466828007805
0.1850693917672958	0.2089906876313093
0.1853283635512452	0.2056610232758364
0.1855805047279847	0.2024394239376194
0.1858270025069558	0.1993097896131568
0.1860684455079976	0.1962638911744816
0.1863062965257876	0.1932826638277596
0.1865455527772784	0.1903036903573845
0.1867850020877906	0.1873427818460041
0.1870207597180802	0.1844479122406779
0.1872529801798620	0.1816166570028658
0.1874821467171010	0.1788426365752998
0.1877087452415696	0.1761195765728181
0.1879330678503827	0.1734436525108761
0.1881555782979956	0.1708090750621311
0.1883810253901003	0.1681600607458878
0.1886034450423744	0.1655669907339798
0.1888231881112133	0.1630252555275920
0.1890405525227226	0.1605309606332187
0.1892558018361768	0.1580806929175803
0.1894691726750738	0.1556714226294063
0.1896808737863239	0.1533005031435924
0.1898910085611236	0.1509665194800998
0.1900998189019034	0.1486665584782722
0.1903074940388374	0.1463983575099186
0.1905142826614485	0.1441590634084551
0.1907246776839748	0.1419005363673779
0.1909377699497061	0.1396336252437312
0.1911498047713400	0.1373986303665700
0.1913608732117583	0.1351944270732165
0.1915710579890081	0.1330200022565726
0.1917804357501724	0.1308744275748170
0.1919891046721227	0.1287565755847372
0.1921969692356204	0.1266672940280157
0.1924041290713702	0.1246054462580392
0.1926106714216953	0.1225700485248498
0.1928166742587948	0.1205602339497675
0.1930222078157650	0.1185752335538981
0.1932273357372896	0.1166143617852318
0.1934321159808955	0.1146770050500868
0.1936366007179322	0.1127626201508233
0.1938408415125755	0.1108706836471664
0.1940448840855984	0.1090007396875351
0.1942487700616111	0.1071523815623599
0.1944525375770645	0.1053252444077563
0.1946562216605084	0.1035190002631172
0.1948598068348739	0.1017337746361742
0.1950593413316571	0.1000036127553497
0.1952590257290701	0.0982915162746336
0.1954588993781292	0.0965971921848207
0.1956589986855454	0.0949203825857268
0.1958594294152377	0.0932602608752472
0.1960599246711324	0.0916190860531128
0.1962605463753830	0.0899963555548015
0.1964613571583495	0.0883915803373179
0.1966624128381468	0.0868043445046828
0.1968637647955867	0.0852342836868358
0.1970654604608548	0.0836810791557142
0.1972675437746424	0.0821444524111563
0.1974700557148378	0.0806241595292881
0.1976730344088028	0.0791199888826525
0.1978765156033075	0.0776317563134132
0.1980805338821858	0.0761592951159590
0.1982851180119939	0.0747024886243602
0.1984902966895328	0.0732612270300310
0.1986960981031143	0.0718354102941048
0.1989025498265229	0.0704249485487515
0.1991096786825908	0.0690297626338729
0.1993175106180874	0.0676497844702329
0.1995260703707391	0.0662849587163175
0.1997353813288440	0.0649352429895503
0.1999454652882398	0.0636006086483377
0.2001563416191740	0.0622810451452039
0.2003679907860310	0.0609767825711351
0.2005804515793186	0.0596876859317023
0.2007937567035744	0.0584136652006353
0.2010079346275793	0.0571546616747472
0.2012228337299895	0.0559116710628847
0.2014343978269747	0.0547076331325342
0.2016472481534659	0.0535158166986335
0.2018614186480644	0.0523362450210763
0.2020769452058800	0.0511689366986095
0.2022938647570122	0.0500139111994935
0.2025121675956594	0.0488714406963473
0.2027320572727689	0.0477406929483235
0.2029535938031650	0.0466216237573748
0.2031768417907627	0.0455141803367152
0.2034018720300815	0.0444182953317087
0.2036287691412733	0.0433338525322485
0.2038575540003763	0.0422610536565361
0.2040834287128409	0.0412220213053866
0.2043107557575815	0.0401963006885034
0.2045395966490420	0.0391837864815810
0.2047699947968651	0.0381844641971207
0.2050017129972986	0.0371995296699779
0.2052301071020912	0.0362482157710649
0.2054609277752924	0.0353062017481488
0.2056942106578420	0.0343737177404086
0.2059300010150653	0.0334509575110506
0.2061683527405415	0.0325380857564867
0.2064093277582059	0.0316352433992106
0.2066530154757155	0.0307424782896106
0.2068993203146144	0.0298605161744707
0.2071484098092484	0.0289891220920822
0.2074004412542304	0.0281281364607553
0.2076558370581637	0.0272765425413418
0.2079078415139748	0.0264565271582679
0.2081618152328606	0.0256501877756545
0.2084122601313702	0.0248744522519830
0.2086663853412680	0.0241066491592106
0.2089242476712343	0.0233471162520929
0.2091859271661698	0.0225961257086170
0.2094515244913545	0.0218538993242980
0.2097211599546253	0.0211206180358459
0.2099948067258619	0.0203968671219832
0.2102727410604334	0.0196824297769483
0.2105555398250248	0.0189763891312777
0.2108352682992648	0.0182982923580969
0.2111177296952486	0.0176336694756059
0.2113966615896571	0.0169967080417363
0.2116808411392723	0.0163670851633632
0.2119703929110631	0.0157451695960471
0.2122654833216071	0.0151312537441064
0.2125663181323625	0.0145255713318588
0.2128731008497956	0.0139283914482919
0.2131860241644045	0.0133400274988716
0.2135065753169838	0.0127584387452628
0.2138226586166128	0.0122053526098860
0.2141425422516093	0.0116657609873309
0.2144593121859305	0.0111507778789859
0.2147835976283198	0.0106429670094226
0.2151156525409370	0.0101427484496119
0.2154558168896765	0.0096504446897724
0.2158045060695563	0.0091663175535230
0.2161619924367295	0.0086908702731609
0.2165173519635707	0.0082384721441468
0.2168795743495973	0.0077974707164393
0.2172475776697560	0.0073696420380382
0.2176122799157974	0.0069649885647649
0.2179879563092694	0.0065675767240567
0.2183751543726941	0.0061778731255469
0.2187745692876714	0.0057962609135973
0.2191870465053063	0.0054230685129362
0.2196154298636171	0.0050569613827638
0.2200371395542106	0.0047171095294637
0.2204689827280889	0.0043893862987933
0.2208952574230194	0.0040851331022761
0.2213389579534172	0.0037877475613919
0.2218013348938001	0.0034978161920985
0.2222841112922049	0.0032157609713107
0.2227920239853977	0.0029404947450518
0.2232955933677538	0.0026881169504096
0.2238174959352808	0.0024469374204265
0.2243320608810599	0.0022282705914415
0.2248777029579115	0.0020156074980950
0.2254580655236316	0.0018096266177476
0.2260830888629929	0.0016092006162025
0.2267120480252460	0.0014280481104111
0.2273775579557633	0.0012569354636002
0.2280345998590414	0.0011070037884619
0.2287536325238310	0.0009620603760950
0.2295568084917238	0.0008210242711371
0.2303848113165761	0.0006957538902663
0.2312967378066094	0.0005784503582666
0.2323011862398247	0.0004709868475979
0.2333859602394737	0.0003755196095812
0.2345371882975412	0.0002931580794419
0.2359030450685675	0.0002158288698382
0.2375059923223185	0.0001478509381509
0.2392983905367855	0.0000926726431356
0.2412476928598966	0.0000503339178244
0.2436952151342216	0.0000158957395595
0.2467898220851022	-0.0000063735354849
0.2584363350912345	-0.0000380246311716
0.2602231031174758	-0.0000539549616018
0.2625078789743968	-0.0000325112308349
0.2646357537025480	-0.0000439990626177
0.2673399492370069	-0.0000237598780231
0.2693442506959244	-0.0000409928389622
0.2716665181021118	-0.0000282469995566
0.2746671662780315	-0.0000501643435592
0.2762627831860489	-0.0000348154559952
0.2798385358810563	-0.0000488415664982
0.2815679934045154	-0.0000230653569902
0.2838925925200323	-0.0000230101340371
0.2950846602421586	0.0000142038380957
0.3057833393864256	-0.0000077911151572
0.3071740371282718	0.0000128430995225
0.3095496857615513	-0.0000019958551327
0.3116714362052067	0.0000171799438817
0.3136449443288897	0.0000004672933396
0.3162874840929323	0.0000149637658007
0.3190064107182669	-0.0000025657254305
0.3213742146639455	0.0000092889017509
0.3242369490262436	-0.0000093039705463
0.3266426827582730	0.0000042030975825
0.3295258204162318	-0.0000096165297788
0.3322063584003824	0.0000069173870144
0.3346300513040943	-0.0000065644552514
0.3376491804353310	0.0000071971876316
0.3407657725286459	-0.0000076729644477
0.3429553045394338	0.0000077021678007
0.3450878322133452	-0.0000106600886142
0.3472849324362236	0.0000049192559700
0.3496449876127281	-0.0000120246571171
0.3519651088241088	0.0000047404368945
0.3543791733451565	-0.0000092309553966
0.3567964905331857	0.0000098058657418
0.3589642128615515	-0.0000045589841904
0.3615647413500128	0.0000115207320441
0.3640494626525926	-0.0000060607392067
0.3663265758038021	0.0000059901076549
0.3693185870518990	-0.0000142514292737
0.3715224052549988	-0.0000015829164259
0.3747172123025219	-0.0000156437716585
0.3771987294434486	0.0000039982408027
0.3795157517471309	-0.0000048572175227
0.3827850401928448	0.0000176793103898
0.3849078246748868	0.0000035675574676
0.3878246664204169	0.0000157513657376
0.3902310336740460	-0.0000069721902156
0.3925598258404370	-0.0000003344458953
0.3956182647591143	-0.0000238514936604
0.3974590338452681	-0.0000065750927474
0.3998280322421387	-0.0000197278829005
0.4021819371401906	0.0000033532811953
0.4038616579603839	-0.0000098361744552
0.4057639944214462	0.0000144853915383
0.4076238037855078	-0.0000001230755594
0.4102524963013264	0.0000157575287401
0.4125219531651637	-0.0000047518121585
0.4145569524409768	0.0000071923749329
0.4174243792780952	-0.0000135053217995
0.4194480827862405	0.0000033039603246
0.4219088957947520	-0.0000081461006375
0.4247238057553667	0.0000161737505015
0.4266753512326341	0.0000062627193615
0.4303050903225509	0.0000255099572549
0.4322250316801271	0.0000029961309665
0.4366830395274499	0.0000103407062606
0.4398462633574169	0.0000031849964834
0.4470431240347392	0.0000007497491654
0.4490073314377226	-0.0000116348460885
0.4518127016255561	0.0000159888735067
0.4533809898671955	0.0000001731799719
0.4554063336181936	0.0000274805076330
0.4570577280894126	0.0000116474687952
0.4602576315520472	0.0000009230575379
0.4673684140859816	-0.0000121860662324
0.4694123255331182	0.0000033434595839
0.4724036441091868	-0.0000185584694199
0.4742475778602674	-0.0000000635117226
0.4761911468210729	-0.0000131421909400
0.4788768457823233	0.0000123028648180
0.4806302746843663	0.0000008420123458
0.4840408319811872	0.0000214141389060
0.4859977432857628	0.0000001029258325
0.4902412505369632	-0.0000113647904336
0.4932731983935551	0.0000094099787827
0.4960814526883381	-0.0000133787145140
0.4976449209514742	0.0000005901583347
0.5009408598367514	0.0000006988466375
0.5045847545722247	-0.0000062838506188
0.5087699425975816	-0.0000157889605806
0.5141818468856548	0.0000196236576508
0.5159287515485036	0.0000027117872165
0.5186270869439832	0.0000245849980794
0.5204618196096649	0.0000055474288551
0.5225784870461686	0.0000192267145120
0.5249448429347497	-0.0000024944261173
0.5270292077386672	0.0000099657264325
0.5290444887917829	-0.0000111623696483
0.5315915790260095	-0.0000002051031477
0.5344427248163383	-0.0000178087830171
0.5368715961556451	-0.0000035838829775
0.5398889927772230	-0.0000152500673498
0.5426353741280203	0.0000065231822024
0.5445335409097164	-0.0000034797084152
0.5478027082247786	0.0000212764785619
0.5493577372626602	0.0000029304024785
0.5516431686189174	0.0000164646381797
0.5541610213818933	-0.0000082286739849
0.5560244435711040	0.0000011099642792
0.5597802813827598	-0.0000232278857269
0.5615722812735573	-0.0000042135241006
0.5675322171603766	0.0000038223202912
0.5791263293570492	-0.0000044757056279
0.5817011532464067	0.0000120666742173
0.5864649244876911	-0.0000110862517549
0.5890155589517470	0.0000175130575887
0.5905350881366876	-0.0000016780051205
0.5924865481606859	0.0000148989785275
0.5944226621239337	-0.0000073379089163
0.5965012610586844	0.0000033274869542
0.5988620791395887	-0.0000220732722560
0.6006633215457842	-0.0000099809852020
0.6037588734525301	-0.0000307950358060
0.6056533933750367	-0.0000132780944067
0.6080815085387865	-0.0000263156937243
0.6103936887990782	-0.0000045192583211
0.6125920663534521	-0.0000155328055417
0.6148846447722962	0.0000058847522037
0.6171080790177574	-0.0000082268705119
0.6195832389261761	0.0000081868599216
0.6222609549632856	-0.0000061392529409
0.6246972516125771	0.0000111494511935
0.6270359279281188	-0.0000015373748219
0.6298029841246754	0.0000184864014248
0.6317805639201799	0.0000039972063257
0.6352011893718438	0.0000161928981821
0.6376161995234257	-0.0000065758448402
0.6407330226569602	0.0000072633018084
0.6442144669553239	-0.0000231741908025
0.6460894009881709	-0.0000082864420175
0.6508850213028694	-0.0000295265119220
0.6532383822110479	-0.0000102106782709
0.6562204258643656	-0.0000111356789531
0.6588567246137420	0.0000201215187785
0.6603855155011766	0.0000098208170497
0.6642241545103518	0.0000167073332546
0.6655025319372936	0.0000133684932626
0.6680036608823968	0.0000192467047560
0.6705880713254539	-0.0000144378359054
0.6725699162896872	-0.0000033377709477
0.6786742018546261	-0.0000062240777731
0.6809970712037621	-0.0000225453710952
0.6850221333041103	0.0000079095149640
0.6882023043922820	0.0000014027301865
0.6943105232348443	0.0000282860077499
0.6960888121353137	0.0000107708707712
0.6985224805310130	0.0000215659397663
0.7019921424148907	-0.0000046486035098
0.7035118140382636	0.0000161805830090
0.7125941978952706	0.0000059635057369
0.7141253201305462	0.0000302913168404
0.7233674963023334	0.0000922373530185
0.7257301917063450	0.0000973762956198
0.7274121271463364	0.0001393718416978
0.7313753028238789	0.0001646871199712
0.7331297440359752	0.0002022677250378
0.7363887043831240	0.0002478096383674
0.7449685535169445	0.0004226800778106
0.7468499331687480	0.0004907515724060
0.7487461992660862	0.0005813491264459
0.7503677732048348	0.0006770618729779
0.7517320153534985	0.0007740819115637
0.7529718283497784	0.0008775227845122
0.7544639204542558	0.0010242807701530
0.7558181675184515	0.0011814212028937
0.7570505136138397	0.0013470396776486
0.7581673891117614	0.0015182446497470
0.7591855643009326	0.0016938673055761
0.7601266352184871	0.0018744707357607
0.7610176767175697	0.0020629800612507
0.7619403856422269	0.0022776505918230
0.7628726765130569	0.0025166239889586
0.7637571205298954	0.0027653513375794
0.7645969737600652	0.0030229908919930
0.7653950282620694	0.0032886486708226
0.7661430785879727	0.0035575796540670
0.7668486523669188	0.0038301417160138
0.7675118868295726	0.0041043360062504
0.7681942228106957	0.0044057132035093
0.7688554110152839	0.0047175129457122
0.7694962505979579	0.0050394254511836
0.7701183093972200	0.0053715324973219
0.7707599437352896	0.0057354597953815
0.7713690708800023	0.0061022821363094
0.7719477134594551	0.0064710471606224
0.7724970359492824	0.0068404253761161
0.7730531080138321	0.0072344232319772
0.7735938895324038	0.0076377613883157
0.7741209267522164	0.0080508278738016
0.7746354447652333	0.0084738988866414
0.7751384059593822	0.0089071421376566
0.7756307139162323	0.0093507572110497
0.7761386279051244	0.0098293768720468
0.7766322019881319	0.0103156249098935
0.7771081450269811	0.0108049994296654
0.7775680863955965	0.0112976813608523
0.7780130921905372	0.0117934699647255
0.7784665836585074	0.0123186257899776
0.7789118836565846	0.0128543922040155
0.7793497917737048	0.0134012489409722
0.7797808420945421	0.0139594393173748
0.7802054118218801	0.0145290639107579
0.7806237565089916	0.0151100966388219
0.7810367201759433	0.0157033625237095
0.7814597136846728	0.0163318793957805
0.7818739495662713	0.0169683579178850
0.7822796282530470	0.0176122993561261
0.7826750706650049	0.0182601428837234
0.7830608934967407	0.0189118598890288
0.7834364565383534	0.0195653724832488
0.7838205500111364	0.0202536267996244
0.7841994665079179	0.0209527516925402
0.7845734914016679	0.0216629112449424
0.7849428378336829	0.0223841704567656
0.7853076542788173	0.0231164923647833
0.7856680238364094	0.0238597205244385
0.7860240136418061	0.0246136667737338
0.7863756636140233	0.0253780824584813
0.7867236484184282	0.0261541082063067
0.7870785115354914	0.0269659417432030
0.7874263267594249	0.0277821201245030
0.7877673284475769	0.0286023564718389
0.7881014765787793	0.0294257380289019
0.7884296634952490	0.0302536970862236
0.7887647170971084	0.0311189924737737
0.7890962225137609	0.0319953559986806
0.7894243572714328	0.0328829623112581
0.7897492737371632	0.0337819461891685
0.7900711020450404	0.0346924039011943
0.7903899529388474	0.0356143952718296
0.7907059196684799	0.0365479439034445
0.7910190809206470	0.0374930411444649
0.7913295002734861	0.0384496404271372
0.7916371511798619	0.0394174165770695
0.7919426797291855	0.0403981738083687
0.7922542148208224	0.0414186840081830
0.7925615167008552	0.0424458653967187
0.7928647034875920	0.0434795489062845
0.7931639181545517	0.0445196731046981
0.7934593303615565	0.0455662995943649
0.7937509759879297	0.0466190484685873
0.7940478032610853	0.0477106128872631
0.7943424447064691	0.0488144125082571
0.7946350132972003	0.0499306638338856
0.7949256009960702	0.0510595235350683
0.7952142911472473	0.0522011317600975
0.7955011594263671	0.0533556133890018
0.7957862741654812	0.0545230770829564
0.7960696973234228	0.0557036171237095
0.7963514850953320	0.0568973140769031
0.7966316876920929	0.0581042321184227
0.7969102518183471	0.0593239886402898
0.7971872709631944	0.0605568366758345
0.7974628320751279	0.0618030196382013
0.7977370888412546	0.0630631020207311
0.7980176063210602	0.0643725509434076
0.7982959612481946	0.0656926910737161
0.7985721824318297	0.0670233526309125
0.7988462998838537	0.0683643741370580
0.7991183464596923	0.0697156112867504
0.7993883603194069	0.0710769506469749
0.7996563850808297	0.0724483126505237
0.7999224711298153	0.0738296606432557
0.8001866762350767	0.0752210068169404
0.8004490658031711	0.0766224164671065
0.8007097127167137	0.0780340100806890
0.8009685258931115	0.0794550315157395
0.8012328739413858	0.0809264729217529
0.8014962639488574	0.0824128298780333
0.8017587463789021	0.0839142924869312
0.8020203634797126	0.0854310131466289
0.8022811566001112	0.0869631472130911
0.8025411662910575	0.0885108533105691
0.8028004327010317	0.0900742954404926
0.8030590105955564	0.0916537340005058
0.8033167797942398	0.0932483569423612
0.8035738155247480	0.0948585384096065
0.8038301834713638	0.0964846102390663
0.8040859436449044	0.0981268833919300
0.8043411510160603	0.0997856499047792
0.8045958562165056	0.1014611855717044
0.8048501062525841	0.1031537530270402
0.8051039451871076	0.1048636049362719
0.8053574147606903	0.1065909870830562
0.8056105549117526	0.1083361410380403
0.8058634042156319	0.1100993064974344
0.8061160002136479	0.1118807230405186
0.8063683796372622	0.1136806312829665
0.8066205785301184	0.1154992733885444
0.8068726322692411	0.1173368928921686
0.8071245534868009	0.1191935725202866
0.8073700887746621	0.1210224752937677
0.8076157732235024	0.1228715502708510
0.8078616616887926	0.1247412566342075
0.8081078068975927	0.1266320491217694
0.8083542599839061	0.1285443812666681
0.8086010709392875	0.1304787082053605
0.8088482889365325	0.1324354886755773
0.8090959626045442	0.1344151867587661
0.8093441402379090	0.1364182732068478
0.8095928699418243	0.1384452263226539
0.8098421997223283	0.1404965324403097
0.8100921775986528	0.1425726866105840
0.8103428514227841	0.1446741908773157
0.8105943269645564	0.1468020431283593
0.8108463754965981	0.1489544086939467
0.8110990111796715	0.1511314711560730
0.8113523274920248	0.1533341026427312
0.8116064135606530	0.1555631577752241
0.8118613578591639	0.1578195046511736
0.8121172476602753	0.1601040192489800
0.8123741682987825	0.1624175778351088
0.8126322022625506	0.1647610474302080
0.8128914279303222	0.1671352725825583
0.8131519185876992	0.1695410640808850
0.8134137394620852	0.1719791687558187
0.8136769467026628	0.1744502561226070
0.8139415871944371	0.1769549123361947
0.8142074391602810	0.1794911705216078
0.8144679692087655	0.1819960447604239
0.8147311721837276	0.1845458679400376
0.8149966137373823	0.1871367732708263
0.8152645055576543	0.1897711088159643
0.8155350435209255	0.1924511090706321
0.8158083453913019	0.1951782678167039
0.8160847865315823	0.1979566847777154
0.8163645634159548	0.2007887291488259
0.8166478802425887	0.2036768793053385
0.8169347430187358	0.2066216083853500
0.8172255138278777	0.2096270471056437
0.8175201029996982	0.2126927041624530
0.8178110924473917	0.2157409628740843
0.8181087492094841	0.2188791732825117
0.8184042458696812	0.2220142298844884
0.8187057910169506	0.2252331095359903
0.8190134042439835	0.2285366630900562
0.8193276674489621	0.2319317620881759
0.8196478490837389	0.2354111116224746
0.8199661931748270	0.2388900658922227
0.8202950175905246	0.2425032281930258
0.8206361123528102	0.2462714457498602
0.8209912565902825	0.2502157465915645
0.8213474470795413	0.2541920144594090
0.8217075150984734	0.2582309841586828
0.8220890649634136	0.2625307656687478
0.8224901234067085	0.2670710272377661
0.8229051497505472	0.2717896384017269
0.8233460378263168	0.2768222709549143
0.8238122113982349	0.2821632323827680
0.8243348874343930	0.2881723969979298
0.8249093260981486	0.2947965990295290
0.8258742418212804	0.3059487421623963
0.8274416125402820	0.3240521762395135
0.8280632492277814	0.3312175149584628
0.8285771473655869	0.3371221205739110
0.8290477587599142	0.3425091724232942
0.8294660927963033	0.3472784436624303
0.8298638981935492	0.3517937438469246
0.8302616949788822	0.3562882998683433
0.8306159230276345	0.3602705101064568
0.8309673692018634	0.3642008100725149
0.8312933697706196	0.3678262215135915
0.8316008318631121	0.3712262548254220
0.8319147135521571	0.3746768011903839
0.8322130632111052	0.3779360806480855
0.8324989173738575	0.3810390437264932
0.8327753218149382	0.3840200993420755
0.8330534504286863	0.3869993251018140
0.8333223294488948	0.3898591722495251
0.8335833344959165	0.3926153580626443
0.8338381205973334	0.3952862309421222
0.8340929268578576	0.3979371613768783
0.8343384459499463	0.4004715775518600
0.8345828903021706	0.4029748309423146
0.8348219507140450	0.4054029680153992
0.8350565520318152	0.4077660151674308
0.8352929377087690	0.4101266514130374
0.8355232490646030	0.4124062920173522
0.8357479521835141	0.4146105361162050
0.8359667696224121	0.4167376059802448
0.8361868826540659	0.4188574811164243
0.8364038167262806	0.4209268503108874
0.8366182860870376	0.4229528804879993
0.8368338279621110	0.4249686912285674
0.8370450538763959	0.4269238694393178
0.8372523956032890	0.4288231651868671
0.8374562129775337	0.4306705384584288
0.8376565529699833	0.4324670168250898
0.8378583843146742	0.4342570824367548
0.8380582507493970	0.4360098091385863
0.8382602281258983	0.4377605714037134
0.8384590561130729	0.4394635204239020
0.8386549971407045	0.4411214860278566
0.8388482496834645	0.4427366758871945
0.8390389978660864	0.4443111142242311
0.8392274179602981	0.4458467008550543
0.8394136717380994	0.4473451605712402
0.8395976717718168	0.4488061750542228
0.8397838222285832	0.4502644905194984
0.8399716909355697	0.4517158022067796
0.8401574860216297	0.4531305803147743
0.8403413029986547	0.4545099466138660
0.8405232302844400	0.4558549403705909
0.8407033515686426	0.4571665387162466
0.8408817195108422	0.4584454685739296
0.8410584877099638	0.4596931538018170
0.8412336930421480	0.4609101510608873
0.8414074674684164	0.4620976569220065
0.8415799999684745	0.4632572064281027
0.8417543489213862	0.4644090544222033
0.8419296792074062	0.4655469333273843
0.8421036458725808	0.4666555006736247
0.8422763085094104	0.4677353963800608
0.8424477214087476	0.4687872076634405
0.8426179348829014	0.4698114796719088
0.8427869964001490	0.4708087241172331
0.8429549544812485	0.4717794432951026
0.8431218036358679	0.4727238179408496
0.8432876145515976	0.4736424576528935
0.8434524470204866	0.4745358857565894
0.8436163545032742	0.4754045694500093
0.8437794332569044	0.4762491809820998
0.8439443965475987	0.4770834324626267
0.8441080792671515	0.4778910292785700
0.8442705243503313	0.4786724935719439
0.8444317673571905	0.4794282962934223
0.8445943455013333	0.4801701417072088
0.8447561285699052	0.4808880834508302
0.8449171384891527	0.4815823720177660
0.8450774184764056	0.4822533402579774
0.8452369420952076	0.4829010222968090
0.8453957596654446	0.4835257699204830
0.8455539149117474	0.4841278890411923
0.8457114469263673	0.4847076507212122
0.8458683905961157	0.4852652954284760
0.8460247770425638	0.4858010370312289
0.8461806340639255	0.4863150664805920
0.8463359865665541	0.4868075551397343
0.8464908569745802	0.4872786577321966
0.8466453431217397	0.4877287457486171
0.8468016555960042	0.4881638712520193
0.8469572977864400	0.4885767556688655
0.8471122897050570	0.4889676133870826
0.8472666514809651	0.4893366520801969
0.8474204207394979	0.4896841128852946
0.8475735391616530	0.4900100166578334
0.8477260449983827	0.4903146086176822
0.8478779754324935	0.4905981151558341
0.8480293665992210	0.4908607444774531
0.8481802534434268	0.4911026869828087
0.8483306696002323	0.4913241157965705
0.8484806473062655	0.4915251874339723
0.8486302173100221	0.4917060425365739
0.8487794088608475	0.4918668067653803
0.8489282497028522	0.4920075917110824
0.8490767660884753	0.4921284958279881
0.8492249827759815	0.4922296053470287
0.8493729234640490	0.4923109954433543
0.8495206101981192	0.4923727306463524
0.8496680636649422	0.4924148659356021
0.8498153033398540	0.4924374476049678
0.8499623476290257	0.4924405140170274
0.8501092131597056	0.4924240962901690
0.8502559368288057	0.4923882156010365
0.8504047492342174	0.4923319051009651
0.8505531987615714	0.4922556946849160
0.8507013132906529	0.4921596750467488
0.8508491204692211	0.4920439243853068
0.8509966475834960	0.4919085086664078
0.8511439214540101	0.4917534819618221
0.8512909683380758	0.4915788868650134
0.8514378138416341	0.4913847549736578
0.8515844828416165	0.4911711074283959
0.8517309994212785	0.4909379554940719
0.8518773868188509	0.4906853011707676
0.8520236673902568	0.4904131378208875
0.8521698620809893	0.4901214517721633
0.8523159924524969	0.4898102189728050
0.8524620787211217	0.4894794090409104
0.8526081399847230	0.4891289856017546
0.8527541944033005	0.4887589065838605
0.8529002586681226	0.4883691262548143
0.8530463487160671	0.4879595941974845
0.8531924797355466	0.4875302558020040
0.8533386662482371	0.4870810525203674
0.8534849221670675	0.4866119221350959
0.8536312608468761	0.4861227990082421
0.8537777119382906	0.4856135570114490
0.8539242191995148	0.4850843670275498
0.8540708001105828	0.4845351542842917
0.8542174719354974	0.4839658376911506
0.8543642516926322	0.4833763301278301
0.8545111561340878	0.4827665387209592
0.8546582017288569	0.4821363651231029
0.8548054046605119	0.4814857057439075
0.8549527807803241	0.4808144521865274
0.8551003456255299	0.4801224914187467
0.8552481144289801	0.4794097059739322
0.8553961021291731	0.4786759741447660
0.8555443233812129	0.4779211701666759
0.8556927926736314	0.4771451638486614
0.8558415235348896	0.4763478249774575
0.8559905296057401	0.4755290181038159
0.8561398245241238	0.4746886031791167
0.8562894218514117	0.4738264360371290
0.8564393353548013	0.4729423668407986
0.8565895786898409	0.4720362419305696
0.8567401654269670	0.4711079037966927
0.8568911106532587	0.4701571812197183
0.8570424043132765	0.4691840603688072
0.8571940680755004	0.4681883263459712
0.8573461220359206	0.4671697666431487
0.8574985860488601	0.4661281629976179
0.8576514798482928	0.4650632908181268
0.8578048221244100	0.4639749259128502
0.8579586318964656	0.4628628353029032
0.8581129061268519	0.4617269405983764
0.8582653229949155	0.4605846979877099
0.8584184109027352	0.4594174935733276
0.8585721956704493	0.4582249581229287
0.8587267244773795	0.4570065457932757
0.8588796349194785	0.4557811583210941
0.8590332004262827	0.4545308630859294
0.8591874424360442	0.4532553380645595
0.8593422947836321	0.4519549905132582
0.8594977856031933	0.4506294598746234
0.8596539404491101	0.4492783983651532
0.8598107834126654	0.4479014628934701
0.8599683368622045	0.4464983185091742
0.8601266211422592	0.4450686424242356
0.8602856542279982	0.4436121286746696
0.8604454513382813	0.4421284934296955
0.8606060243439768	0.4406174825110493
0.8607672675167727	0.4390799560791391
0.8609268711114721	0.4375382806860137
0.8610876911665879	0.4359651212182015
0.8612496265781622	0.4343611928401725
0.8614127287593472	0.4327257356460902
0.8615770475543004	0.4310579878394298
0.8617426326007266	0.4293571730250921
0.8619095337927163	0.4276224959164424
0.8620779006891893	0.4258521031929336
0.8622447865934653	0.4240771867567293
0.8624127526186726	0.4222707782203977
0.8625817822962115	0.4204328823773990
0.8627517945694486	0.4185642232001380
0.8629200434425280	0.4166953362533401
0.8630899788862261	0.4147881681993363
0.8632616282925289	0.4128420583037025
0.8634349999806917	0.4108565622127643
0.8636101843554842	0.4088302923743339
0.8637872159640626	0.4067624867707232
0.8639661044068243	0.4046526762253204
0.8641469376963267	0.4024994661736692
0.8643298231147506	0.4003012079087268
0.8645080662559069	0.3981390947082641
0.8646887077445102	0.3959284341935389
0.8648717646615678	0.3936685536443164
0.8650572342891560	0.3913590368131005
0.8652451069482457	0.3889995774130459
0.8654354675085085	0.3865886955576017
0.8656282955415713	0.3841262396620551
0.8658195983682614	0.3816634022954497
0.8660146461395781	0.3791324686653865
0.8662137935800820	0.3765280826360249
0.8664126950174706	0.3739069408810938
0.8666148858588957	0.3712224518746105
0.8668203135237469	0.3684748228510997
0.8670242178481951	0.3657279111753229
0.8672331127354767	0.3628940884765412
0.8674472832762561	0.3599685888417039
0.8676673207661865	0.3569423934540127
0.8678878172116368	0.3538896400085800
0.8681065366665661	0.3508419852871723
0.8683323832786330	0.3476754947590465
0.8685651430730491	0.3443920351805873
0.8688054329599025	0.3409818360828620
0.8690472229421285	0.3375301422996210
0.8692923834826221	0.3340106784680277
0.8695473602649305	0.3303302955232568
0.8698107787209391	0.3265075879425044
0.8700814724761550	0.3225590471671347
0.8703609643545411	0.3184620948850425
0.8706506898980467	0.3141947175595143
0.8709560884884937	0.3096762308603997
0.8712718824815461	0.3049836431332962
0.8716086023017422	0.2999600717752270
0.8719653734608854	0.2946170935336123
0.8723503214982370	0.2888320191392123
0.8728046796860046	0.2819827215174348
0.8733120101926856	0.2743157638413170
0.8740137316161409	0.2636906751413918
0.8751706888311832	0.2461948367763469
0.8756994068867952	0.2382131291714212
0.8761477163129063	0.2314658477395272
0.8765357217489521	0.2256461505379236
0.8769023927392368	0.2201663917737625
0.8772418921087149	0.2151124925162471
0.8775647954871832	0.2103258185418263
0.8778704785421111	0.2058144995609981
0.8781779483108386	0.2012973113369247
0.8784562309648560	0.1972281865324345
0.8787404039700450	0.1930933248470300
0.8790106659608051	0.1891813319546297
0.8792699069079984	0.1854485978160043
0.8795224147093832	0.1818321468736971
0.8797701613612132	0.1783035108425947
0.8800162281797814	0.1748187972197442
0.8802561660317658	0.1714407730972880
0.8804918278798651	0.1681426686062244
0.8807265760544358	0.1648775308086983
0.8809547073960462	0.1617243477409437
0.8811765806000214	0.1586770988627557
0.8813992037327761	0.1556393182179560
0.8816191371684864	0.1526581278043999
0.8818402389294984	0.1496815581950386
0.8820570583344891	0.1467830612107032
0.8822698027716873	0.1439591470164686
0.8824790446520661	0.1412015594117913
0.8826852118767053	0.1385041143942658
0.8828886363386679	0.1358620078551696
0.8830901395784988	0.1332641972413961
0.8832921514540354	0.1306795767441295
0.8834954435081565	0.1280988517520514
0.8836963592372766	0.1255685838787275
0.8838951180967486	0.1230856265049162
0.8840919008453058	0.1206473810158882
0.8842868478832724	0.1182518005014541
0.8844800859355356	0.1158970441484046
0.8846717822735114	0.1135808179443209
0.8848623817735225	0.1112975386081571
0.8850546679988622	0.1090142144494568
0.8852449257452591	0.1067751297666471
0.8854332436626167	0.1045788256782889
0.8856199317466426	0.1024213104064033
0.8858050018154078	0.1003021225928181
0.8859886622829660	0.0982185673814155
0.8861710272917640	0.0961690896508672
0.8863558248961387	0.0941121257726877
0.8865398111294979	0.0920841964327905
0.8867230593547581	0.0900843871917530
0.8869056323707896	0.0881119208444075
0.8870875851018031	0.0861661234246768
0.8872690879224016	0.0842451083805603
0.8874531762000997	0.0823172335772115
0.8876363475745307	0.0804195815005443
0.8878186841195889	0.0785511152824184
0.8880002610088286	0.0767108971949930
0.8881811543208975	0.0748980067358997
0.8883614327107666	0.0731116239787585
0.8885411589264922	0.0713510108597912
0.8887203904429448	0.0696155019959421
0.8888991823050141	0.0679044746475705
0.8890775563060896	0.0662176379852159
0.8892555562774244	0.0645545001952915
0.8894332244472529	0.0629145982899972
0.8896106022989767	0.0612974894744639
0.8897877291236533	0.0597027638796865
0.8899646487604976	0.0581299832148157
0.8901413393065328	0.0565792995194295
0.8903178493050252	0.0550502415688557
0.8904942225816791	0.0535423951362262
0.8906705005814668	0.0520553807767911
0.8908467195867025	0.0505888757357869
0.8910229142246145	0.0491425824072692
0.8911991171418443	0.0477162300243242
0.8913753591786084	0.0463095722014733
0.8915516695768795	0.0449223843195602
0.8917280755883733	0.0435544657229921
0.8919046048125845	0.0422056207377354
0.8920812827004854	0.0408756775959302
0.8922581331549416	0.0395644828440433
0.8924351784917667	0.0382719007546237
0.8926124393790709	0.0369978128603778
0.8927899346844125	0.0357421180898213
0.8929676215933511	0.0345051519503246
0.8931424994861302	0.0333073124264640
0.8933178872967265	0.0321254196281024
0.8934938059323715	0.0309594485229219
0.8936702757627107	0.0298093823341953
0.8938473167339934	0.0286752114552941
0.8940249483929789	0.0275569330092033
0.8942032134813250	0.0264544033234531
0.8943820182626482	0.0253683211887424
0.8945614017377462	0.0242985503629066
0.8947414021027752	0.0232449715823126
0.8949220573514743	0.0222074785912234
0.8951034052834816	0.0211859778638272
0.8952854835227757	0.0201803882680308
0.8954683295499113	0.0191906406587382
0.8956519807512978	0.0182166773937910
0.8958364744929117	0.0172584517469522
0.8960218478503560	0.0163159291278337
0.8962081392910398	0.0153890783866410
0.8963953870538479	0.0144778802717377
0.8965836309958424	0.0135823183738035
0.8967729123839724	0.0127023807277184
0.8969632029302596	0.0118383862982227
0.8971512712774471	0.0110046378976785
0.8973369571775689	0.0102009601455571
0.8975238306868167	0.0094115531412891
0.8977119352296713	0.0086364481540131
0.8979013121942355	0.0078756955790798
0.8980920010404131	0.0071293631704269
0.8982840403266619	0.0063975307857760
0.8984774633415208	0.0056803058774394
0.8986723050833110	0.0049777953100569
0.8988686005280008	0.0042901118674292
0.8990663837720821	0.0036173767552788
0.8992656769985329	0.0029597556748597
0.8994665067560436	0.0023173993729845
0.8996688058511287	0.0016907563743815
0.8998687849292581	0.0010911990877180
0.9000709701752371	0.0005048778906816
0.9002410560692304	0.0000268989436322
0.9004474098062487	-0.0005344825214136
0.9006560183591403	-0.0010816258474945
0.9008669779197482	-0.0016143901430669
0.9010806502373185	-0.0021332695833937
0.9012918513679627	-0.0026259233881954
0.9015049580310871	-0.0031029425093633
0.9017196274824206	-0.0035633439768998
0.9019324317619629	-0.0040001703750818
0.9021482549942693	-0.0044236227811329
0.9023671810292935	-0.0048333638510535
0.9025893049710809	-0.0052290644405655
0.9028147302580136	-0.0056103949999305
0.9030435400363542	-0.0059769761834059
0.9032759288547975	-0.0063285948688910
0.9035069495011706	-0.0066579235098149
0.9037346218139867	-0.0069630765807193
0.9039664661888007	-0.0072545253695671
0.9042026127506950	-0.0075318020020790
0.9044431700236674	-0.0077944020403896
0.9046882108852563	-0.0080417780141417
0.9049378721698742	-0.0082734537058438
0.9051923731633338	-0.0084890117668345
0.9054449290551738	-0.0086828650579016
0.9056981763012247	-0.0088578707493154
0.9059574355283485	-0.0090174888656702
0.9062227152436594	-0.0091609572646489
0.9064941791161772	-0.0092876321932946
0.9067721268441427	-0.0093969247803065
0.9070480741524063	-0.0094856390558771
0.9073344653293196	-0.0095577821437051
0.9076235981308833	-0.0096108686151184
0.9079212078127776	-0.0096455768954700
0.9082279985707560	-0.0096611034762914
0.9085420349593538	-0.0096565262809918
0.9088615570382973	-0.0096318652668972
0.9091987718037433	-0.0095851843049013
0.9095392081839527	-0.0095177064219530
0.9098914117919279	-0.0094275095537451
0.9102505314656134	-0.0093157368172915
0.9106341774234263	-0.0091758786347947
0.9110296781390355	-0.0090113621788799
0.9114277156546673	-0.0088264406753643
0.9118607609902231	-0.0086055751579486
0.9123435353111713	-0.0083379706119508
0.9128141498153790	-0.0080575621133358
0.9133576534008868	-0.0077139233521664
0.9139485802547930	-0.0073197853130570
0.9146386503540763	-0.0068391036050295
0.9154691493966510	-0.0062406813209538
0.9183276028944285	-0.0041815884001083
0.9192352325363297	-0.0035470456590824
0.9200264708768583	-0.0030143593384582
0.9207753568862558	-0.0025303120279945
0.9214598962982687	-0.0021062422677654
0.9221175314800140	-0.0017185195160039
0.9227865818357160	-0.0013455687477620
0.9234273036971764	-0.0010099614175331
0.9240358776779529	-0.0007119499978834
0.9246286250396860	-0.0004418350864165
0.9252120506102677	-0.0001959011092462
0.9257902897631386	0.0000279806852198
0.9263645432008103	0.0002305005262013
0.9269374604111521	0.0004127792094770
0.9275127176870589	0.0005760023744685
0.9280934086224446	0.0007208583657474
0.9286821674435577	0.0008476683509598
0.9292762119219543	0.0009555042093040
0.9298550584738733	0.0010419409540243
0.9304604510919714	0.0011135623811951
0.9310897430863432	0.0011685839522662
0.9317525129650875	0.0012065248119614
0.9324532405130683	0.0012259461790140
0.9331492415047072	0.0012260336103385
0.9339319817155195	0.0012063075830989
0.9348610954357913	0.0011602440613723
0.9358314256179755	0.0010903069908812
0.9371061020732677	0.0009769798496185
0.9386532540479005	0.0008205015167232
0.9402516857972074	0.0006820358705143
0.9423689910253833	0.0004922514672525
0.9448323532561165	0.0002974765357959
0.9470760132397111	0.0001410034184763
0.9490246555479265	0.0000271349435594
0.9507626039792367	-0.0000554135228121
0.9524648575332488	-0.0001185748587169
0.9541945631780205	-0.0001650339001215
0.9559906400776842	-0.0001948498868972
0.9579790103476427	-0.0002084213474676
0.9603834909625126	-0.0002026626015914
0.9635744042611327	-0.0001746216217772
0.9661332030089027	-0.0001730260276783
0.9692512925596727	-0.0001321119232371
0.9718118137925775	-0.0001225138570880
0.9742539367289426	-0.0000817348141651
0.9763601122432967	-0.0000767843527548
0.9794015699449721	-0.0000348938181369
0.9811312448992071	-0.0000419221665830
0.9840166685589182	-0.0000137701075152
0.9860730687727819	-0.0000259705057543
0.9880512554448274	-0.0000048835818657
0.9907221937124658	-0.0000144371892758
0.9927711957668162	0.0000101188258917
0.9950803749253440	0.0000059910613236
0.9977791158818722	0.0000394490548594
0.9995627575148084	0.0000340008361204
