0.0000000000000000	0.0000000000000000
0.0000012878507614	-0.0020000000000000
0.0000025813492651	-0.0030039149337488
0.0000038731778705	-0.0080052444959324
0.0000051675148385	-0.0150169325911883
0.0000064626902744	-0.0240351058115050
0.0000077746748656	-0.0351846097179971
0.0000090728557592	-0.0482295493366356
0.0000103718801109	-0.0632849132998599
0.0000116822573726	-0.0804819045656574
0.0000129852785380	-0.0995878887288620
0.0000142891494659	-0.1207082888370891
0.0000156040722471	-0.1440175005071326
0.0000169132107543	-0.1692226502338918
0.0000182232070254	-0.1964462798984542
0.0000195408755612	-0.2258365247688309
0.0000208574688893	-0.2571893013472336
0.0000221749297831	-0.2905647141620460
0.0000234942940605	-0.3259911097523611
0.0000248197696808	-0.3635529690142878
0.0000347379590120	-0.6531112507353971
0.0000393306313691	-0.7833118439290074
0.0000436776211069	-0.9044840305958773
0.0000478196400612	-1.0178869408973714
0.0000518042918834	-1.1249748650653550
0.0000556737366971	-1.2268493492040673
0.0000596471425010	-1.3291421597644524
0.0000636967597095	-1.4308207808676809
0.0000678044881513	-1.5311408914017566
0.0000719578017933	-1.6295283878466569
0.0000761476188644	-1.7255179453424025
0.0000803670581933	-1.8187176718998928
0.0000846081821837	-1.9087339827004486
0.0000887523917081	-1.9930006627114651
0.0000929457970537	-2.0744299750336439
0.0000971795712677	-2.1525971510892390
0.0001009950537153	-2.2190233220635514
0.0001029953706589	-2.2491975486331883
0.0001050021134606	-2.2749471620520239
0.0001070157083711	-2.2962484664752272
0.0001090391885335	-2.3130446486290128
0.0001110626769600	-2.3252270366600531
0.0001130972088758	-2.3328181650649991
0.0001151306187914	-2.3357436656417518
0.0001171702081407	-2.3339971869322240
0.0001171702081407	-2.3339971869322240
0.0001191916045927	-2.3276173956712611
0.0001212313981877	-2.3165295269986310
0.0001232684096842	-2.3008110415676741
0.0001253360795178	-2.2801989412878538
0.0001299305105088	-2.2281142372798803
0.0001345418698390	-2.1713547594930622
0.0001391711435212	-2.1099960775655799
0.0001438224471912	-2.0440763321528110
0.0001485002944460	-1.9736280613373196
0.0001532100924124	-1.8986667468212766
0.0001579599236890	-1.8191592838360033
0.0001626789542477	-1.7364814119497505
0.0001674245559549	-1.6498318713579125
0.0001722038766284	-1.5592268462285641
0.0001770260533877	-1.4646381553807306
0.0001819033529217	-1.3659669442879152
0.0001868530080405	-1.2630004483199109
0.0001919013790868	-1.1553158653001905
0.0001969047896152	-1.0462310882857671
0.0002005895869012	-0.9641030552791966
0.0002014031122191	-0.9435963131410728
0.0002022169387350	-0.9210807210129219
0.0002030302340590	-0.8965796644313110
0.0002038466982380	-0.8699588448907846
0.0002046634959281	-0.8413259259398410
0.0002054806274020	-0.8106800803893690
0.0002063020023547	-0.7778690721274161
0.0002071228062374	-0.7430858190957926
0.0002079439471871	-0.7062870503622658
0.0002087654254807	-0.6674719315288768
0.0002095951738614	-0.6262551513006456
0.0002104212785907	-0.5832210732684633
0.0002112477247561	-0.5381679691346140
0.0002120745126399	-0.4910949962041442
0.0002129169596952	-0.4411106898290265
0.0002137489679007	-0.3897356046991839
0.0002145813224412	-0.3363378853592344
0.0002154186073295	-0.2806171106637058
0.0002162573321799	-0.2228237253854762
0.0002170964089814	-0.1630048297738659
0.0002179358380294	-0.1011595628061824
0.0002187879336496	-0.0363651395290190
0.0002192330337586	-0.0017240219551095
0.0002200799058871	0.0657120256448505
0.0002209273967007	0.1351983033085940
0.0002217841801887	0.2074583145977182
0.0002226399001386	0.2816013892536589
0.0002234959864519	0.3577774913517335
0.0002243524394425	0.4359875058348101
0.0002252853225279	0.5252671761496563
0.0002289908088711	0.8729855590063660
0.0002319725179292	1.1511398125190486
0.0002352580994224	1.4556747912478838
0.0002388090863326	1.7819150311739052
0.0002424669293631	2.1143600289125790
0.0002459968473572	2.4313405487927144
0.0002497343461745	2.7624562966001109
0.0002536040407263	3.0999163629066082
0.0002575643778157	3.4391204825277573
0.0002615899427634	3.7770026790836781
0.0002656565913838	4.1107187514991965
0.0002695866796304	4.4254553727081767
0.0002736069082701	4.7390678678684761
0.0002776950950780	5.0488377196913756
0.0002818362977500	5.3527311220968850
0.0002860199151443	5.6491368868615162
0.0002902381162303	5.9367248027349673
0.0002944848877138	6.2143612184112040
0.0002987554192863	6.4810563866375341
0.0003020561738841	6.6752497455976521
0.0003038125411584	6.8024576927699565
0.0003056044837824	6.9458574529355248
0.0003074305890544	7.1058810290732923
0.0003092772631225	7.2818301479460157
0.0003111742698770	7.4771691718823199
0.0003130932632753	7.6897052760281452
0.0003150500004263	7.9216140034110376
0.0003170644300658	8.1762130105338677
0.0003191089065708	8.4508371887281477
0.0003212094775873	8.7496247690362363
0.0003233819938945	9.0761530006966016
0.0003257677723393	9.4723345636128276
0.0003298887429114	10.1210089347543732
0.0003340687845858	10.7586692848814209
0.0003381329277209	11.3580145344883405
0.0003422594631806	11.9448873518303973
0.0003464356760242	12.5156566897404602
0.0003506524321292	13.0674030765972216
0.0003549028782558	13.5976874497948224
0.0003591817027812	14.1044198758239343
0.0003634846446162	14.5857753903031160
0.0003678081434575	15.0401381708404358
0.0003721490632780	15.4660631196066589
0.0003764966454704	15.8615117906717682
0.0003808036116958	16.2220200717154874
0.0003851404719079	16.5530596994147423
0.0003895030125916	16.8532020900163850
0.0003938879398220	17.1212431188206970
0.0003982923693776	17.3561513392672886
0.0004039047216833	17.6152958076431325
0.0004068061656965	17.8146839401746249
0.0004097537722647	18.0527166226245299
0.0004127617665640	18.3319106476023812
0.0004158229130247	18.6529741451777724
0.0004189415177583	19.0176099444760069
0.0004221279011119	19.4283825816439375
0.0004254425271253	19.9348332547541922
0.0004297374831016	20.5363514143340140
0.0004340779406450	21.1030773014928172
0.0004383657112434	21.6214509035448827
0.0004426856439474	22.1012728203443416
0.0004470330961174	22.5404222181281142
0.0004514044721911	22.9371094929962887
0.0004557967192422	23.2897979266038249
0.0004602070602740	23.5971682973518924
0.0004646298034573	23.8579103481415835
0.0004690237146633	24.0695503839133664
0.0004735171659920	24.1893317618469901
0.0004835075955530	24.5506922872014464
0.0004945674571050	25.0005624766678594
0.0005029899651111	25.3861775320378094
0.0005070834425912	25.6329045983715389
0.0005112378297061	25.9345988032145094
0.0005154793694921	26.2944803184139069
0.0005198293938958	26.7162439091409070
0.0005243296334993	27.2064716125005646
0.0005300587579723	27.8929214812905606
0.0005344418268697	28.3130165353990257
0.0005388109115308	28.6757761922008747
0.0005432074652427	28.9839770430475383
0.0005476282074338	29.2360314594474637
0.0005632369004965	29.9933666752484633
0.0005810133153911	30.8074219296290188
0.0005955517652504	31.4127313352819115
0.0006073875112649	31.8457977893105593
0.0006136895036881	32.1928409266559754
0.0006202822166852	32.6206501889059055
0.0006325589510399	33.5106623419414191
0.0006369853651540	33.7011020382397177
0.0006414439999613	33.8252946438207900
0.0006479045753938	33.9223765459562969
0.0006584227659501	34.0220215331087843
0.0006688111462481	34.0521974083032006
0.0006688111462481	34.0521974083032006
0.0006790739228425	34.0139251669029576
0.0006893064565380	33.9076145242445932
0.0006995680883785	33.7326390547625365
0.0007080859270603	33.5255759160062397
0.0007158586448614	33.4677039434414354
0.0007237884430358	33.4757637733384001
0.0007237884430358	33.4757637733384001
0.0007299136671222	33.5077486835128937
0.0007299136671222	33.5411563321964010
0.0007343842098570	33.4628189170402948
0.0007388728803227	33.3171739729182974
0.0007441153024458	33.0745052104238084
0.0007549721362795	32.5071555454690397
0.0007661768561486	31.8553041479693846
0.0007778617680615	31.1103408982236331
0.0007903191792330	30.2519070687230958
0.0008092255825840	28.8756847422989651
0.0008148152721956	28.5804678551399647
0.0008203592617687	28.3450911651833941
0.0008261435170405	28.2144624022195281
0.0008306121154518	28.0444747902229423
0.0008351299371468	27.8164657366286612
0.0008396633740438	27.5316302050276036
0.0008442046216080	27.1908581406558412
0.0008541019639009	26.3609396666096636
0.0008801118867250	24.1519039086451563
0.0008946163137437	22.9993328904331875
0.0009030322886751	22.3693584459987562
0.0009068976641155	22.1332413621208488
0.0009107234496416	21.9440955089235885
0.0009145171311933	21.8005760352370288
0.0009183021049822	21.7012028297049078
0.0009220796292444	21.6456288657374252
0.0009261456211406	21.6742092253710581
0.0009305938162662	21.6411731867017814
0.0009350826187604	21.5646143244767501
0.0009395875577778	21.4444852756708961
0.0009441060138423	21.2808571615646862
0.0009486325585844	21.0741047504649508
0.0009537054154135	20.7558548476267752
0.0009623815111195	20.2949663423334279
0.0009709274007611	19.8815622189627774
0.0009791853144220	19.5222872393199509
0.0009872173739290	19.2122217787270948
0.0009950737561236	18.9476737936694555
0.0010017655077533	18.7579059488981237
0.0010049753664141	18.7073828715394193
0.0010081815125786	18.6944241958263433
0.0010081815125786	18.6944241958263433
0.0010113856884238	18.7188434272107997
0.0010146123139301	18.7809155685428415
0.0010178583235197	18.8809975320911434
0.0010211322272329	19.0197656470566265
0.0010244390923155	19.1980040489885688
0.0010305219804402	19.5806656114736413
0.0010349297271131	19.7840985729674621
0.0010393261576002	19.9477808438983075
0.0010437511844758	20.0728889674584607
0.0010482014354335	20.1585311288165805
0.0010526667047791	20.2039159910186150
0.0010747209183751	20.3076174650942178
0.0010838343054374	20.4363351214372777
0.0010933967211160	20.6127168098950797
0.0011019276494240	20.8088808543350154
0.0011055343011475	20.9366521698249137
0.0011091795418388	21.1077621102806852
0.0011128728988034	21.3234476946716178
0.0011166300090670	21.5856734063938553
0.0011204614013362	21.8965308476658009
0.0011243591465737	22.2564960746324907
0.0011302505194667	22.8566175364946425
0.0011346320393968	23.2170070901317409
0.0011389916131569	23.5297320282835578
0.0011433799179498	23.7979922499181171
0.0011477934878110	24.0203956029843155
0.0011522289571060	24.1957830670645926
0.0012034452689298	25.9117864723276945
0.0012083959116381	26.1380152830183548
0.0012134576362997	26.4217023983630419
0.0012186865492186	26.7681227303614833
0.0012240554287931	27.1776828736546925
0.0012300937370325	27.6959178615009627
0.0012344585383622	27.9679488396651124
0.0012388717159560	28.1876407232471919
0.0012433100042122	28.3522581507688116
0.0012477778912277	28.4609500238451822
0.0012598951111077	28.6578974570563325
0.0012716053799850	28.7906476509380340
0.0012829875878458	28.8618830334523153
0.0012941299011895	28.8736137248680294
0.0012941299011895	28.8736137248680294
0.0013094000722081	28.8494669714963479
0.0013094000722081	28.8207174045248529
0.0013158053389724	28.9072868044588951
0.0013223578866987	29.0538209834866379
0.0013310756763378	29.3163139631511029
0.0013355055537785	29.3415120817759885
0.0013355055537785	29.3415120817759885
0.0013399775189493	29.3085060121865020
0.0013444670621631	29.2166048536164240
0.0013536989178720	28.9378734182285449
0.0013646987554910	28.5511831858640797
0.0013760022075350	28.0956371383020027
0.0013877036479547	27.5665952156292065
0.0013999453823399	26.9566649322551513
0.0014056540260563	26.6333268472573153
0.0014111961561688	26.4253247331632224
0.0014167198842581	26.2710542066204908
0.0014222209058035	26.1702328023761197
0.0014322059297217	26.0611809023638656
0.0014366922968068	25.9119718487251518
0.0014412084016173	25.7097963386054040
0.0014457360051545	25.4553808048876640
0.0014527731129456	24.9944772079000046
0.0014767712817374	23.3764840474521556
0.0015022789035647	21.6234350028153592
0.0015063191852902	21.4014645722298198
0.0015103484806102	21.2230612755925492
0.0015143451980121	21.0887414261814321
0.0015183290060898	20.9972359567520819
0.0015223076126350	20.9480148088433431
0.0015275660473806	20.9737082273075259
0.0015320163736750	20.9290795814645172
0.0015365135075621	20.8421412669263368
0.0015410224022593	20.7130823101759241
0.0015455411641115	20.5421004212105878
0.0015500739284240	20.3292174006957254
0.0015555195233079	19.9884189688310165
0.0015661235722035	19.4173998004392132
0.0015762327886163	18.9118711065920593
0.0015857425036082	18.4743916933868704
0.0015948588736826	18.0922914820139837
0.0016020611079316	17.8236577701370891
0.0016053360316445	17.7413776176498637
0.0016086105989286	17.6947241943729630
0.0016118809600362	17.6836033092126712
0.0016118809600362	17.6836033092126712
0.0016151498759229	17.7078318606493887
0.0016184429417745	17.7677007600960479
0.0016217565404380	17.8635551778616417
0.0016251026962179	18.0321939119729535
0.0016294942075566	18.2098007529544468
0.0016339288495427	18.3526679990590793
0.0016383575426696	18.4587264819484567
0.0016428119522023	18.5284255807603309
0.0016472786762955	18.5610355006364429
0.0016517550559680	18.5565040826937242
0.0016517550559680	18.5565040826937242
0.0016562292419804	18.5147000813264668
0.0016655917337939	18.3701299118887107
0.0016745258859198	18.3049708762557373
0.0016836571843696	18.2752937421347177
0.0016928559290430	18.2824483807352678
0.0016928559290430	18.2824483807352678
0.0017013980016149	18.3242478876717385
0.0017047759162363	18.3775242982938884
0.0017081730363333	18.4679229639863856
0.0017116005810692	18.5961335288564307
0.0017150637404678	18.7629168287638706
0.0017185728861409	18.9694750858688685
0.0017221386969330	19.2173587167982767
0.0017259983630942	19.5644740676441131
0.0017303526865283	19.8988504838292002
0.0017347577037558	20.1972500901984979
0.0017391199231275	20.4527638784061772
0.0017435121574743	20.6696017095985241
0.0017479299985380	20.8465293959056766
0.0017523700037070	20.9825733772480234
0.0017572560930301	21.0458881534078266
0.0017730439316802	21.3808517645560272
0.0017937080284373	21.8637447945689622
0.0018040132996339	22.1344824208815503
0.0018082894344353	22.3034262373961987
0.0018126320154630	22.5196747492024052
0.0018170701995491	22.7859514506848377
0.0018215971752194	23.1031617385129273
0.0018276624915524	23.6286671365039211
0.0018320251657041	23.9366722898992741
0.0018364428075685	24.2007780886943173
0.0018408775278474	24.4172254393134587
0.0018453162400896	24.5847051058463606
0.0018497550142606	24.7030783768100370
0.0018561942414721	24.8142014312180095
0.0018704082957935	25.0180657496388612
0.0018839006056856	25.1615540857481648
0.0018967580584490	25.2482237891281187
0.0019061111590763	25.2670484142828045
0.0019115111079280	25.3702118582393652
0.0019170138446596	25.5262058136075325
0.0019226255890950	25.7365133586727524
0.0019313794448284	26.1306636327671029
0.0019358190715399	26.2327795587677457
0.0019402614664530	26.2826955027284725
0.0019447404796732	26.2804138062067310
0.0019447404796732	26.2804138062067310
0.0019492954857631	26.2250848297117791
0.0019609308906350	26.0124563846887860
0.0019726612972747	25.7454274214409367
0.0019845632843341	25.4222575414666991
0.0019967444337542	25.0397032653200924
0.0020061613223634	24.7001122498146692
0.0020114633251527	24.5990883747771498
0.0020167796774948	24.5471378356860583
0.0020221010274543	24.5444397866996873
0.0020221010274543	24.5444397866996873
0.0020324963813249	24.5872512036678010
0.0020324963813249	24.6117383548714699
0.0020369698575512	24.5452386531770053
0.0020414523755546	24.4295076941584632
0.0020459672632335	24.2637707573756920
0.0020507692162216	24.0371462143326227
0.0020667560980536	23.2156770028817157
0.0020865021823031	22.1508815189505519
0.0021048623364575	21.1240378973568319
0.0021090577644972	20.9620831190181853
0.0021132421541943	20.8425712732909822
0.0021174168322006	20.7652295673423595
0.0021215864710242	20.7296971477017387
0.0021259655258854	20.7350095965240691
0.0021259655258854	20.7765211272478432
0.0021304197118473	20.7671543547771051
0.0021304197118473	20.7671543547771051
0.0021348946225035	20.7164227316651726
0.0021393933394484	20.6237854097063895
0.0021439052192889	20.4894123966126074
0.0021484254518166	20.3135877622218501
0.0021529617654040	20.0962051234020294
0.0021713286817374	19.1155089082809049
0.0021835261463775	18.5337381971738537
0.0021947573069738	18.0348329840236623
0.0022024952732030	17.7223838938146727
0.0022059115613962	17.6257614565655167
0.0022093201726932	17.5646337798442538
0.0022127326244013	17.5386697954031234
0.0022161475909877	17.5478633245938731
0.0022161475909877	17.5478633245938731
0.0022195685615549	17.5922490131424709
0.0022230191573662	17.6723111520515417
0.0022342316061012	18.0079640610295542
0.0022386639944417	18.0671226240393104
0.0022431350999913	18.0905849015096933
0.0022476002733043	18.0778021686671906
0.0022476002733043	18.0778021686671906
0.0022520768955419	18.0288079279341353
0.0022565709527203	17.9434458540128290
0.0022690977395506	17.6378156975778779
0.0022786890446545	17.4711256761039380
0.0022882988644454	17.3391740131390861
0.0022978620318846	17.2428927626592099
0.0023029945911138	17.2178485142493543
0.0023029945911138	17.2178485142493543
0.0023063050087781	17.2414808168308475
0.0023096379090110	17.2998306668038317
0.0023129934297522	17.3932445392192214
0.0023163767826540	17.5222502929190398
0.0023197976067434	17.6877383159814805
0.0023232644326610	17.8908244686630731
0.0023332164610602	18.5434804472497845
0.0023376004091004	18.7584262403187800
0.0023420228501422	18.9377861868078483
0.0023464637592147	19.0798278771498104
0.0023509104062956	19.1836371317527892
0.0023553577831494	19.2491132351758907
0.0023629919543855	19.2705264505865408
0.0023764676370389	19.4002919224646178
0.0023915803306963	19.5850004201264660
0.0024028950980784	19.7564967392491546
0.0024067803815698	19.8631340800777956
0.0024107097605942	20.0109580502145832
0.0024146804859267	20.2004104485139528
0.0024187185950864	20.4334936657258091
0.0024228394906779	20.7122971817881592
0.0024327194318731	21.4518023697092417
0.0024371098962129	21.6975838988471352
0.0024415372218630	21.9019945685857103
0.0024459784022496	22.0629737631385758
0.0024503975474505	22.1792029679469671
0.0024549082400841	22.2532919193979701
0.0024753277390480	22.4929260502953525
0.0024925750748825	22.6500294382118170
0.0025058778350472	22.7290408091690068
0.0025106394096259	22.8384871286990574
0.0025154839809308	22.9955921286345202
0.0025204318733753	23.2024101092938508
0.0025255359123289	23.5096286808769293
0.0025299308719414	23.7215939039544246
0.0025343709064881	23.8882075553728193
0.0025388017542401	24.0068125215717387
0.0025432601123374	24.0780857474200474
0.0025477304034029	24.1010989476971886
0.0025477304034029	24.1010989476971886
0.0025523828812133	24.0758901199907704
0.0025651538714906	23.9424534566485931
0.0025778715808025	23.7612186136862853
0.0025907509132931	23.5298610542170188
0.0026076980536721	23.1711873953731669
0.0026127070811348	23.1536167580920491
0.0026127070811348	23.1536167580920491
0.0026177412558146	23.1823451562504452
0.0026228324177930	23.2579172024967313
0.0026316972377247	23.4535480783748262
0.0026361259124668	23.4632222089821063
0.0026361259124668	23.4632222089821063
0.0026405994584499	23.4262921944631373
0.0026450890190789	23.3422564665114578
0.0026495943121641	23.2108859503637461
0.0026573681956923	22.9205894267620351
0.0026727641666434	22.3070878187038382
0.0026905327209261	21.5517858988372879
0.0027051855764798	20.8921363674671738
0.0027094925772538	20.7716318098840347
0.0027137973732483	20.6928438873604179
0.0027181007452399	20.6556721022793894
0.0027224078238127	20.6599244439389054
0.0027224078238127	20.6599244439389054
0.0027336709893868	20.7253575503378720
0.0027336709893868	20.7459828078882076
0.0027381193582001	20.6965901867502176
0.0027426192334105	20.6051064065645804
0.0027471305626523	20.4719627075808788
0.0027516505474690	20.2973985100288772
0.0027580283500848	19.9618593898733963
0.0027776430975957	19.0665575867637109
0.0027932467682242	18.3921389575108698
0.0028027233907287	18.0141719818322699
0.0028063199959824	17.9139693111683584
0.0028099064226166	17.8500603900286734
0.0028134871186027	17.8220648744283778
0.0028170693153089	17.8298035907490373
0.0028170693153089	17.8298035907490373
0.0028206624869522	17.8732233275636752
0.0028242836549218	17.9527893485794436
0.0028306892306376	18.1434829580430588
0.0028350981481768	18.2068622808709257
0.0028395602096949	18.2347383083844932
0.0028440374924180	18.2260395483838025
0.0028440374924180	18.2260395483838025
0.0028485137376436	18.1808865401841580
0.0028530037707645	18.0991313834192411
0.0028575544316568	17.9437846497465152
0.0028687297665009	17.6356360781035164
0.0028797330564317	17.3674208865247088
0.0028904222016685	17.1418973550724587
0.0029006837848985	16.9596355323432455
0.0029040427578757	16.9284145882330641
0.0029074013366278	16.9311415525712761
0.0029074013366278	16.9311415525712761
0.0029107651971567	16.9678259993051270
0.0029141561838719	17.0388417699350789
0.0029175723445137	17.1445994515288973
0.0029210256017479	17.2859585968880474
0.0029245197963800	17.4637447512618778
0.0029302011366381	17.7992191042902199
0.0029346048366524	17.9917884455488988
0.0029390034930532	18.1484449054682102
0.0029434292216716	18.2699475192281682
0.0029478788420076	18.3555034257279601
0.0029523417112389	18.4043839833559026
0.0029568033649909	18.4164152075017000
0.0029568033649909	18.4164152075017000
0.0029836688224134	18.3778608925626159
0.0029836688224134	18.3595829316700545
0.0029973966345413	18.4053891329976764
0.0030034446309861	18.4517744682132907
0.0030071321985527	18.5238693552003610
0.0030108540634577	18.6338569903395026
0.0030146169517756	18.7825399414578271
0.0030184194943707	18.9703728133813847
0.0030222847148610	19.1992200965022199
0.0030272759782945	19.5773651151604646
0.0030316382839259	19.8472378670994196
0.0030360545241947	20.0807857786330040
0.0030404847950351	20.2746663272668286
0.0030448862833637	20.4269759548889986
0.0030493175263269	20.5396856174481428
0.0030537740266671	20.6118815578128469
0.0030594950857010	20.6572265480081008
0.0030957036442964	20.8928493751470370
0.0031044980580748	20.9206501443837460
0.0031088273088672	21.0079288213428939
0.0031132222163085	21.1385656830229465
0.0031176787640339	21.3133957066844779
0.0031222183669038	21.5342562571766258
0.0031331554421053	22.1405588158375757
0.0031375690338274	22.2979939437330543
0.0031420208081102	22.4121100117315635
0.0031464794535403	22.4812761663021021
0.0031509474898368	22.5055482903971722
0.0031563905518362	22.4848874535860688
0.0031563905518362	22.4848874535860688
0.0031710969133525	22.3852898134604672
0.0031857394403881	22.2412835234204849
0.0032004527582615	22.0073102958553761
0.0032051374308616	21.9662750352929095
0.0032098720864520	21.9687142011585124
0.0032098720864520	21.9687142011585124
0.0032146016650900	22.0150625860977627
0.0032194021880743	22.1063407490690977
0.0032242760356143	22.2435860179966767
0.0032301011319141	22.4567256646403095
0.0032345176040621	22.5338199302576108
0.0032389841268626	22.5668007027194903
0.0032434608518697	22.5544310660311602
0.0032434608518697	22.5544310660311602
0.0032479363789894	22.4969498964811798
0.0032524374485563	22.3939605718177930
0.0032674832452051	21.9599966163497839
0.0032836726590916	21.4475004627245553
0.0033069868809075	20.6593553179075755
0.0033113328944861	20.5940901556793037
0.0033156924170063	20.5699047788962410
0.0033200661674753	20.5869985921817289
0.0033200661674753	20.5869985921817289
0.0033244583007742	20.6453638472432637
0.0033300549369637	20.7667270342885999
0.0033344942549811	20.7840188237674290
0.0033344942549811	20.7840188237674290
0.0033389654823458	20.7599519059787276
0.0033434542077398	20.6941654945136051
0.0033479474171993	20.5867450140430108
0.0033524613466156	20.4374856261654401
0.0033603998473256	20.1182313361644844
0.0033925937434025	18.7971435332832080
0.0034031647492192	18.4072334554395809
0.0034069236600513	18.3145904946674349
0.0034106723151532	18.2589739189082039
0.0034144223264174	18.2400150880725072
0.0034181759323664	18.2576047172253233
0.0034181759323664	18.2576047172253233
0.0034219418667960	18.3118479643716867
0.0034259372624193	18.4438580191108095
0.0034303509842674	18.5370645513434553
0.0034348103376804	18.5941009849759986
0.0034392752850058	18.6139726128483503
0.0034437543005768	18.5964559702629550
0.0034437543005768	18.5964559702629550
0.0034482312295052	18.5417459876406134
0.0034527262940217	18.4496008460635608
0.0034572850821378	18.2822642664405564
0.0034706547346913	17.8770954697455764
0.0034834697988777	17.5241361854363618
0.0034956666043471	17.2236080743458650
0.0035028673522712	17.0742159743665560
0.0035063168141677	17.0437392110201991
0.0035097652286386	17.0474722603024915
0.0035097652286386	17.0474722603024915
0.0035132201127613	17.0853561780929191
0.0035167001734666	17.1577333155822664
0.0035202060749931	17.2649954302190345
0.0035237474852967	17.4078777909774836
0.0035319134860306	17.7951027011536205
0.0035363303743484	17.9370461672405845
0.0035407774687191	18.0439499875332423
0.0035452100680390	18.1145045801565239
0.0035496734726085	18.1493096071884636
0.0035541483850972	18.1476806255602874
0.0035541483850972	18.1476806255602874
0.0035586726641643	18.0733538941167744
0.0035716583000071	17.9443853680286516
0.0035849605242681	17.8480845346413801
0.0035984631341670	17.7862059994241619
0.0036034621752526	17.7877442023191499
0.0036034621752526	17.7877442023191499
0.0036070531058748	17.8292733739236269
0.0036106756245715	17.9069206653616497
0.0036143285222756	18.0211635542727500
0.0036180229262583	18.1728794475386195
0.0036217715072182	18.3633515977968926
0.0036256986357453	18.6376703971584838
0.0036300705529890	18.8928291300140394
0.0036344893153607	19.1128670907205915
0.0036388821476059	19.2936382465516481
0.0036433029050351	19.4371845152894096
0.0036477473636996	19.5425821222898541
0.0036522076881620	19.6090502755336793
0.0036566573098653	19.6361681771175611
0.0037028066770674	19.6943734157944235
0.0037068623664486	19.7506621176334178
0.0037109665303022	19.8471931051513195
0.0037151225008814	19.9848538443523367
0.0037193267437694	20.1641672766476532
0.0037236033904376	20.3869387400131252
0.0037312355444711	20.8415675801563758
0.0037356505528099	21.0265351458146625
0.0037400909325782	21.1703381599723457
0.0037445250120705	21.2716785052192634
0.0037489860698480	21.3310065921438436
0.0037534565479745	21.3475198324058510
0.0037534565479745	21.3475198324058510
0.0037611748682253	21.3178551845227204
0.0037791624316983	21.2149381805846389
0.0037965895837334	21.0721179604836415
0.0038047639930152	20.9948188590324634
0.0038047639930152	20.9739239401734316
0.0038092284526302	20.9955729813649654
0.0038137275309983	21.0594281168085686
0.0038182859024388	21.1665050669225892
0.0038228921181710	21.3171751650782433
0.0038320736504721	21.6815190496623558
0.0038365108316030	21.7749149958031545
0.0038409732243088	21.8251113953568172
0.0038454508101028	21.8317078723453868
0.0038454508101028	21.8317078723453868
0.0038498848361231	21.7947960963045055
0.0038545224996869	21.7119266914128879
0.0038708054466401	21.3511289713121037
0.0038880383275532	20.9253268757999784
0.0039059073341202	20.4422416543736851
0.0039102412219117	20.3998917956835513
0.0039145973664187	20.3982030888104688
0.0039145973664187	20.3982030888104688
0.0039189514383315	20.4373039357310624
0.0039233666619091	20.5179668619397937
0.0039316302489874	20.7281251852783903
0.0039360796209415	20.7628981402106660
0.0039405447786887	20.7563224553960239
0.0039405447786887	20.7563224553960239
0.0039450200313936	20.7082027804173698
0.0039495114600381	20.6183696257761291
0.0039540220557320	20.4867050633849495
0.0039817407251009	19.4911068057126755
0.0040029943469252	18.7752828427947875
0.0040068859746336	18.6913204090061100
0.0040107718339900	18.6450377532050240
0.0040146556745974	18.6362159758836725
0.0040146556745974	18.6362159758836725
0.0040185448922021	18.6647245732027187
0.0040224644759670	18.7308535604971382
0.0040343585395064	19.0073640366727012
0.0040388055258578	19.0322257479292105
0.0040432835776691	19.0190759956686684
0.0040432835776691	19.0190759956686684
0.0040477601083366	18.9678861549738080
0.0040522523028201	18.8784636843025311
0.0040567909335529	18.7125833806336708
0.0040735879607352	18.2004545201756507
0.0040888994710879	17.7695809945229790
0.0041016228622520	17.4457287091114139
0.0041051852734601	17.3906407921445911
0.0041087486708695	17.3704449822628000
0.0041123163316061	17.3850693389655007
0.0041123163316061	17.3850693389655007
0.0041158827095972	17.4344379025289058
0.0041194913473972	17.5193238213326907
0.0041231329114676	17.6401649492451078
0.0041332722731199	18.0440555676395675
0.0041376936667844	18.1490492764967826
0.0041421538096852	18.2185715862608895
0.0041465907856291	18.2513798360351132
0.0041510705803849	18.2480137902543191
0.0041510705803849	18.2480137902543191
0.0041555084249328	18.2083510893571408
0.0041613334348498	18.0783293889321364
0.0041753040853565	17.8662319963157721
0.0041893627013968	17.6883968523791744
0.0042017254307723	17.5657039996751472
0.0042053034253989	17.5666125099269728
0.0042053034253989	17.5666125099269728
0.0042088882744905	17.6027019658856716
0.0042125000824914	17.6743211014882569
0.0042161396508264	17.7818824582195667
0.0042198175884227	17.9261609034952372
0.0042235449751419	18.1082502895197415
0.0042320448827513	18.5832035776367199
0.0042364526075355	18.7589116245460552
0.0042408945472332	18.8983342746902707
0.0042453089198664	18.9992695717245397
0.0042497551039926	19.0630908626602675
0.0042542266815150	19.0890067668113979
0.0042589499214561	19.0770668161187622
0.0042589499214561	19.0389507985041426
0.0042806242784105	18.9610585715960802
0.0043019909792640	18.9201650369122625
0.0043019909792640	18.9201650369122625
0.0043058882655123	18.9521352188786523
0.0043098173083237	19.0223558092941154
0.0043137793754166	19.1313179113752376
0.0043177934479160	19.2801356841522704
0.0043218717521486	19.4701667627289901
0.0043264723952797	19.7652169478004858
0.0043308529814921	19.9888907343393853
0.0043352860541830	20.1752103645602503
0.0043396859954611	20.3200368075922810
0.0043441169852530	20.4255120424271972
0.0043485743226954	20.4907098027066645
0.0043530436058952	20.5148501469176168
0.0043580979265571	20.4983597675365523
0.0043580979265571	20.4983597675365523
0.0043818484622987	20.3630582053369409
0.0044061928514108	20.2018019726293261
0.0044061928514108	20.1817000706566958
0.0044104590002557	20.2260486747754591
0.0044147708472824	20.3114002798871596
0.0044191392784435	20.4387266732630515
0.0044235594276414	20.6085492987926564
0.0044312290432212	20.9597757860045846
0.0044356597259911	21.0840858969883591
0.0044401127713190	21.1666741790222090
0.0044445780706167	21.2070879127361884
0.0044490525668015	21.2048766534702260
0.0044490525668015	21.2048766534702260
0.0044535268677673	21.1602548229044523
0.0044634913949896	20.9924946810689121
0.0044822604200345	20.6420625593149865
0.0045066334375744	20.1406165249532023
0.0045109112736188	20.1310735887769816
0.0045109112736188	20.1310735887769816
0.0045152032346803	20.1616644088286989
0.0045195400650442	20.2330559045900280
0.0045239232105329	20.3458321876439143
0.0045307510664633	20.5738689597118949
0.0045351597541671	20.6446178743005859
0.0045396219905563	20.6751080243990906
0.0045440995171604	20.6641258490647424
0.0045440995171604	20.6641258490647424
0.0045485758839033	20.6118129625086226
0.0045530666524345	20.5179893486306852
0.0045604366590472	20.3096000631044227
0.0045914350711549	19.3962162522041908
0.0046039735297187	19.0028752350551962
0.0046079424202307	18.9415206522364343
0.0046119222224628	18.9179500108681218
0.0046159035671718	18.9323360556446367
0.0046159035671718	18.9323360556446367
0.0046198987456856	18.9847286051156132
0.0046239324300894	19.0756525456006152
0.0046310197628734	19.2881852801122129
0.0046354613715390	19.3488696384684928
0.0046399160630529	19.3711247980887791
0.0046443964451468	19.3546518735063380
0.0046443964451468	19.3546518735063380
0.0046488749447914	19.2994685053763284
0.0046533624074065	19.2054818414464279
0.0046585765509685	19.0165679240338932
0.0046797161708873	18.4006741524643864
0.0046976481942592	17.9144649196008139
0.0047035269114604	17.7797470235453794
0.0047071967483859	17.7377423364165239
0.0047108650225233	17.7313316641104137
0.0047108650225233	17.7313316641104137
0.0047145383676369	17.7604723768833850
0.0047182369748363	17.8253811345044397
0.0047219670089099	17.9265772202491185
0.0047259285284870	18.1070830867907588
0.0047303265786275	18.2557891986215779
0.0047347714073997	18.3695051331880386
0.0047392053484922	18.4462823158727502
0.0047436685433729	18.4866318803054490
0.0047481419839691	18.4898636724158827
0.0047481419839691	18.4898636724158827
0.0047526158591557	18.4561178335610023
0.0047571046362061	18.3852520232486114
0.0047784256967711	17.9429732049619908
0.0047933483465530	17.7004792634962875
0.0048028670726505	17.5749646107675588
0.0048064776414270	17.5701727286968961
0.0048064776414270	17.5701727286968961
0.0048100840849751	17.6005122667914264
0.0048137238049455	17.6664228836976633
0.0048173903249997	17.7682401583129455
0.0048210998620478	17.9069085003456259
0.0048248589625925	18.0834124048217930
0.0048295755629456	18.3460340865683627
0.0048339524097861	18.5186045367510630
0.0048383745541025	18.6561800812457612
0.0048428199801156	18.7571078844542249
0.0048472799390598	18.8206328254620878
0.0048517317853008	18.8464159875606292
0.0048562113543016	18.8345552115584240
0.0048562113543016	18.8345552115584240
0.0048656018427775	18.7138847501547119
0.0048852451683652	18.5630431446466950
0.0049022785113034	18.4661159431395454
0.0049022785113034	18.4661159431395454
0.0049060858449494	18.4856436931227606
0.0049099209924601	18.5423791057285570
0.0049137842791393	18.6367167584390501
0.0049176885294160	18.7694297255070630
0.0049216468280266	18.9416655011325332
0.0049258292092757	19.2008619851548055
0.0049302115725332	19.4208582273986679
0.0049346412429855	19.6043200226103878
0.0049390493338708	19.7478738289390634
0.0049434856767500	19.8529863074347368
0.0049479460840139	19.9188304927097448
0.0049524133553748	19.9446655029874194
0.0049569286333438	19.9306112498253398
0.0049569286333438	19.9306112498253398
0.0049945491543142	19.6640130701849891
0.0050042420182785	19.5892773526970458
0.0050042420182785	19.5697879753443509
0.0050083528052346	19.5973809645179742
0.0050124974862027	19.6644374496928585
0.0050166763109871	19.7714716091316305
0.0050209065564610	19.9194379822512389
0.0050252152190422	20.1504171800266043
0.0050296083843650	20.3415718436420931
0.0050340451661317	20.4938693633456808
0.0050384755015397	20.6050512921031306
0.0050429320485771	20.6756141917175249
0.0050474001740713	20.7047537579230685
0.0050518815169436	20.6924459717214440
0.0050518815169436	20.6924459717214440
0.0050566047454036	20.6369594297285559
0.0050778688827120	20.3165229292160987
0.0051001789385807	19.8981880956856614
0.0051043632976704	19.8453323710291372
0.0051085832343936	19.8317024871948391
0.0051085832343936	19.8317024871948391
0.0051128011160129	19.8577555100608052
0.0051170383064542	19.9237080442345196
0.0051213362951582	20.0306248366344981
0.0051258325168023	20.2237460538679201
0.0051302379035429	20.3605775565242801
0.0051346892028432	20.4580472799265145
0.0051391368938494	20.5145465322025728
0.0051436109150224	20.5302030850526442
0.0051436109150224	20.5302030850526442
0.0051480598075956	20.5048426065538187
0.0051525506748344	20.4380808017129247
0.0051580019319177	20.3116986671938662
0.0051853240872043	19.6260338760079200
0.0052044048796713	19.1168079683214884
0.0052084186176041	19.0736803568711046
0.0052124473986887	19.0686041250022527
0.0052124473986887	19.0686041250022527
0.0052164730388811	19.1016595918130498
0.0052205368207987	19.1733960291164571
0.0052246387627933	19.2842529490949133
0.0052298715725887	19.4697288323335407
0.0052342842479348	19.5516705754491973
0.0052387448814713	19.5954833441595895
0.0052432187131329	19.6000037839108998
0.0052432187131329	19.6000037839108998
0.0052476931054560	19.5653272191710776
0.0052521818611055	19.4913110892500612
0.0052567857498585	19.3369771390402221
0.0052852313150252	18.5639618812415748
0.0053022941251423	18.1335294042789279
0.0053060524007923	18.0797555548153071
0.0053098152043632	18.0621926491206963
0.0053098152043632	18.0621926491206963
0.0053135738311427	18.0807714561350821
0.0053173600861424	18.1357793863642840
0.0053211741793020	18.2275361710690191
0.0053250277040234	18.3935196245485102
0.0053294274806327	18.5432293638300294
0.0053338703952364	18.6572567914026770
0.0053383126890534	18.7339893469174612
0.0053427812503228	18.7735615539859708
0.0053472296393037	18.7754494874301123
0.0053472296393037	18.7754494874301123
0.0053517041932182	18.7399052172252318
0.0053561932690248	18.6666693009741138
0.0053950967875101	17.8516705407386382
0.0054032278955215	17.7266330769204501
0.0054068847172844	17.7140572407485699
0.0054068847172844	17.7140572407485699
0.0054105402371910	17.7368906992639275
0.0054142272611740	17.7954614375570870
0.0054179416314102	17.8901654563991563
0.0054216968173064	18.0218284719763169
0.0054255765111338	18.2308663550293808
0.0054299649759906	18.4192837640877762
0.0054343988528821	18.5727472099699149
0.0054388189799782	18.6887200925655215
0.0054432663784992	18.7680593173984711
0.0054477328059483	18.8100125446807027
0.0054521899418240	18.8142565231231131
0.0054521899418240	18.8142565231231131
0.0054566634951633	18.7809034715636116
0.0054990004636161	18.2694062169389824
0.0055037227269182	18.2440458987079381
0.0055037227269182	18.2440458987079381
0.0055074917303976	18.2638938000279616
0.0055112895339591	18.3205420989050687
0.0055151162469888	18.4143519431784242
0.0055189806746844	18.5459864339578182
0.0055229006220146	18.7167239578138407
0.0055331263148252	19.2303627536333188
0.0055375371510188	19.3764952968706687
0.0055419859714175	19.4850660240237445
0.0055464426917845	19.5546015738457193
0.0055509036232469	19.5850587952097008
0.0055553808991437	19.5762418149740043
0.0055553808991437	19.5762418149740043
0.0055636062989759	19.4655175106627176
0.0056033551650120	19.1308468003998549
0.0056073684335395	19.1473342993491720
0.0056073684335395	19.1473342993491720
0.0056113877296837	19.2021405360834478
0.0056154457001650	19.2959525991812626
0.0056195465499661	19.4294079092680541
0.0056237080557564	19.6038001388818479
0.0056312082119455	19.9734492864510997
0.0056356323677879	20.1166008789936015
0.0056400799367322	20.2201066764575650
0.0056445316302369	20.2832648209432840
0.0056490028983562	20.3059310749311486
0.0056534772135670	20.2879195684472649
0.0056534772135670	20.2879195684472649
0.0056591338637988	20.2190693994815724
0.0056849765010049	19.8589168773781353
0.0057050536459644	19.5441809728909845
0.0057091777987962	19.5478397306051406
0.0057091777987962	19.5478397306051406
0.0057133226570032	19.5906874363710983
0.0057175075783383	19.6731982538871719
0.0057217354143128	19.7960012684769389
0.0057265146721564	20.0168195663269479
0.0057309155440860	20.1628429223580952
0.0057353661683249	20.2701349973379372
0.0057398020830730	20.3366179836496173
0.0057442705390625	20.3628883431939229
0.0057487477993185	20.3482093861345170
0.0057487477993185	20.3482093861345170
0.0057532234713047	20.2928320629943784
0.0057591696745621	20.1719332415820460
0.0057873633452147	19.5547058665968692
0.0058043615098386	19.1534106792421817
0.0058083873727703	19.1224691436699743
0.0058124292940936	19.1297184203271868
0.0058124292940936	19.1297184203271868
0.0058164821099439	19.1753718586976305
0.0058205714770629	19.2598394645178850
0.0058247029997638	19.3837753118499414
0.0058297765037846	19.5793184558400242
0.0058341853212125	19.6739984981194347
0.0058386411453892	19.7304433106943762
0.0058431127849759	19.7474121989150717
0.0058431127849759	19.7474121989150717
0.0058475864041547	19.7249024382002318
0.0058520775818713	19.6627545073876924
0.0058566321977058	19.5599724172183969
0.0058997757539623	18.4423749282418115
0.0059038234774086	18.3633639599426139
0.0059076586598783	18.3262912485852212
0.0059114923490641	18.3260262754359289
0.0059114923490641	18.3260262754359289
0.0059153236671215	18.3624027319841012
0.0059191963216282	18.4359701645213860
0.0059231082449930	18.5473491322681845
0.0059327808607729	18.8878667723943181
0.0059372146021569	18.9705044351944139
0.0059416785578871	19.0156280871094729
0.0059461449170901	19.0226956969122654
0.0059461449170901	19.0226956969122654
0.0059506170463063	18.9916425065769801
0.0059551048766408	18.9223991675076100
0.0059624001229625	18.7224728583455899
0.0059824687929316	18.2929631076113388
0.0060006916686438	17.9388000982669986
0.0060044035359161	17.8947748528370703
0.0060081116834161	17.8866784706534609
0.0060081116834161	17.8866784706534609
0.0060118190460270	17.9143350933033147
0.0060155624642200	17.9781591484423409
0.0060193357367375	18.0785955255815018
0.0060231553954586	18.2166327371778394
0.0060328460027009	18.6317573226165649
0.0060372674088381	18.7486857210013120
0.0060417245430530	18.8289472442484609
0.0060461621944692	18.8712800903844169
0.0060506384461038	18.8762302409218172
0.0060506384461038	18.8762302409218172
0.0060551100358476	18.8432565797801779
0.0060610160062035	18.7184568205298980
0.0060812410576629	18.4279443644050573
0.0061007798221664	18.1835222523736277
0.0061045443668333	18.1652691363214664
0.0061045443668333	18.1652691363214664
0.0061083038714666	18.1833666740206468
0.0061083038714666	18.1833666740206468
0.0061120855069251	18.2379240184647742
0.0061159039014939	18.3295616251357458
0.0061197603075086	18.4588772086775315
0.0061236683183280	18.6269655148443540
0.0061315447621798	19.0224435726045868
0.0061359638041512	19.1726913328786033
0.0061404096493103	19.2853493421730064
0.0061448488662242	19.3593261571343547
0.0061493168963858	19.3949673220437013
0.0061537910234095	19.3915898312703483
0.0061537910234095	19.3915898312703483
0.0061586013850481	19.3090579992847999
0.0061938415369882	18.9425750931161225
0.0062038284187654	18.8627712300138093
0.0062077681977560	18.8801812267267977
0.0062077681977560	18.8801812267267977
0.0062117243072101	18.9354547564975988
0.0062157221081826	19.0292709105682150
0.0062197629219425	19.1622992647081745
0.0062238621446488	19.3357643183205283
0.0062310257207334	19.6922731096268109
0.0062354489754258	19.8386190054865281
0.0062398946752480	19.9458616696958728
0.0062443460265204	20.0133439569691731
0.0062488159896764	20.0408730586246904
0.0062532868554619	20.0282605873715909
0.0062532868554619	20.0282605873715909
0.0062583220930295	19.9713920224606589
0.0062905614442951	19.5381181407502673
0.0063043311730589	19.3256541945528930
0.0063083917341105	19.3279494343796472
0.0063083917341105	19.3279494343796472
0.0063124809252224	19.3688071542200717
0.0063166022355969	19.4488211501258803
0.0063207654434733	19.5686228637098019
0.0063249832722329	19.7292190125821563
0.0063294253404421	19.9390324789005327
0.0063338260110022	20.0680996318041132
0.0063382713453770	20.1584667321212976
0.0063427369799635	20.2087334401637975
0.0063471891811133	20.2184534321137583
0.0063471891811133	20.2184534321137583
0.0063516621819419	20.1878386528518199
0.0063562099581053	20.1159678003085922
0.0063858065032184	19.5316919597108374
0.0064044039477952	19.1347644890070363
0.0064084198120007	19.1130797075833669
0.0064124622559384	19.1296043548365446
0.0064124622559384	19.1296043548365446
0.0064165182184665	19.1844641298084504
0.0064206140715447	19.2782945390762492
0.0064247565972220	19.4118631718422101
0.0064296987956789	19.6140201337831179
0.0064341046826704	19.7185178869250599
0.0064385569482147	19.7847950279132760
0.0064430268705839	19.8115604520361082
0.0064474993888501	19.7986456796574046
0.0064474993888501	19.7986456796574046
0.0064519756248214	19.7460114973524981
0.0064565281496977	19.6525981784618153
0.0065028096143046	18.5390392644841029
0.0065066763320081	18.4959138736392639
0.0065105442665295	18.4897583378414687
0.0065105442665295	18.4897583378414687
0.0065144233063138	18.5205407725837681
0.0065183377946951	18.5887583085231896
0.0065222861127308	18.6949027370802803
0.0065276214923351	18.9200457011497178
0.0065320204915234	19.0464033698227126
0.0065364757628954	19.1362679544312151
0.0065409353161831	19.1876787656163295
0.0065454109000263	19.2007968043507979
0.0065454109000263	19.2007968043507979
0.0065498458695288	19.1755818451841620
0.0065543371203844	19.1116853300701770
0.0065600850655772	18.9483186464381994
0.0065832959512149	18.4456751417482110
0.0066016775199600	18.0821438728705175
0.0066054298141862	18.0442794357880487
0.0066091826310472	18.0426092541633345
0.0066091826310472	18.0426092541633345
0.0066129425877833	18.0770517660074397
0.0066167329537821	18.1480001420123180
0.0066205546451209	18.2559109338743504
0.0066244204722849	18.4016609440086505
0.0066302506286586	18.6678988344751815
0.0066346355540904	18.7981762126109935
0.0066390696372139	18.8926033417118191
0.0066435295301584	18.9497140706106926
0.0066479989473181	18.9688012393511798
0.0066524806865465	18.9498858559747099
0.0066524806865465	18.9498858559747099
0.0066569602107922	18.8930707645079927
0.0066833631885106	18.4284999714183435
0.0067015818885246	18.1717477124506779
0.0067053522665323	18.1540917672730906
0.0067053522665323	18.1540917672730906
0.0067091181084410	18.1727629083062219
0.0067129118946258	18.2280376221908966
0.0067167343313462	18.3202633727675099
0.0067205949903742	18.4501172276220693
0.0067245056184234	18.6186174350940554
0.0067300820997801	18.9043313554856489
0.0067344606194150	19.0575292024164007
0.0067388872902282	19.1746094712627873
0.0067433389833701	19.2539559043841706
0.0067478044893713	19.2948149159249525
0.0067522719888360	19.2970494933627670
0.0067522719888360	19.2970494933627670
0.0067567451605795	19.2606063144966697
0.0067973526546226	18.7363464143842542
0.0068038156271682	18.6829747747953938
0.0068077140559480	18.6955026332236827
0.0068077140559480	18.6955026332236827
0.0068116263655035	18.7455046662886318
0.0068155756869412	18.8335284164097381
0.0068195654658175	18.9602166024933148
0.0068236077405016	19.1266031713962015
0.0068315023226020	19.5085063496465558
0.0068359253025544	19.6490532052238933
0.0068403738663870	19.7509527580347459
0.0068448210713658	19.8133410474405487
0.0068492932616628	19.8362961165238083
0.0068537564461335	19.8195073481259953
0.0068537564461335	19.8195073481259953
0.0068590187890293	19.7566013704285659
0.0069057928883388	19.1226756264426463
0.0069098165971459	19.1412140677532783
0.0069098165971459	19.1412140677532783
0.0069138569896150	19.1980181032015622
0.0069179402672136	19.2940658928353841
0.0069220673025002	19.4297993289418258
0.0069274680445154	19.6914035157113254
0.0069318619105822	19.8439591005077283
0.0069363112099463	19.9587386364760526
0.0069407661231252	20.0334738050125409
0.0069452292326216	20.0682294873636984
0.0069497051717076	20.0626982852941715
0.0069497051717076	20.0626982852941715
0.0069541805285304	20.0170398214557750
0.0069613088831669	19.8923420222485774
0.0069969732423150	19.2316724392006435
0.0070040316287008	19.0790320774743627
0.0070080458864176	19.0604819489338588
0.0070080458864176	19.0604819489338588
0.0070120715337282	19.0799416932286832
0.0070161106973095	19.1376711943551676
0.0070201962011654	19.2345222237993667
0.0070243285092477	19.3711303655848361
0.0070302707596451	19.6151741100337915
0.0070346681894979	19.7222925003518057
0.0070391149983912	19.7913850128062379
0.0070435856772882	19.8211040459836561
0.0070480445078205	19.8110966491801612
0.0070480445078205	19.8110966491801612
0.0070525205808968	19.7614624612369525
0.0070572186377748	19.6688116845557630
0.0071036526690661	18.6277697430929301
0.0071075432927522	18.5972188156974347
0.0071114500921046	18.6038763727913938
0.0071114500921046	18.6038763727913938
0.0071153643998951	18.6477610422882094
0.0071193128574738	18.7293655499269711
0.0071233008971689	18.8493299520576834
0.0071322450317534	19.1798007796332080
0.0071366792066710	19.2701750241953498
0.0071411404009311	19.3224065109015761
0.0071456092688921	19.3360168047037391
0.0071456092688921	19.3360168047037391
0.0071500795178158	19.3108334713332077
0.0071545660486379	19.2468411357465250
0.0071610532565485	19.0688612638788619
0.0071871114316171	18.5168713788229020
0.0072027618658255	18.2166102335924407
0.0072065552767295	18.1880286483548339
0.0072103526999407	18.1959121955360068
0.0072103526999407	18.1959121955360068
0.0072141482967609	18.2401673911870965
0.0072179883497937	18.3214979461183418
0.0072218657562235	18.4404140213160552
0.0072260353197121	18.6437792639208624
0.0072304307865655	18.8054664091866073
0.0072348738779885	18.9312335385680583
0.0072393025416475	19.0188347873277124
0.0072437606244797	19.0689842742561098
0.0072482329304634	19.0809374910412686
0.0072482329304634	19.0809374910412686
0.0072527066904552	19.0547388678654883
0.0072572056992590	18.9522066658280721
0.0072804929369708	18.5500208411010234
0.0073011812436913	18.2283750054653240
0.0073049680986053	18.2018215070482796
0.0073087566239490	18.2117630491262226
0.0073087566239490	18.2117630491262226
0.0073125549353045	18.2582247833694602
0.0073163869134482	18.3416626410145511
0.0073202541394839	18.4626070577730985
0.0073241690186348	18.6220142142984244
0.0073306377871821	18.9350510663334219
0.0073350587989776	19.0778665397335097
0.0073394772599654	19.1826812835598091
0.0073439247221268	19.2499280985761665
0.0073483952183252	19.2788602020000361
0.0073528553818025	19.2691558806119900
0.0073528553818025	19.2691558806119900
0.0073573596123560	19.1823122964997559
0.0073868227524974	18.7850610980277395
0.0074032126108986	18.5936047611219557
0.0074070911639417	18.5958766581384829
0.0074070911639417	18.5958766581384829
0.0074109785009108	18.6354143745784064
0.0074148990419931	18.7126157662514281
0.0074188557650150	18.8280316394929415
0.0074228601313829	18.9825662391604268
0.0074330670132991	19.4442835668023086
0.0074374863202993	19.5679653648994787
0.0074419437140407	19.6534719467359054
0.0074464047095113	19.6994621872651834
0.0074508809686089	19.7061023983350339
0.0074508809686089	19.7061023983350339
0.0074553492581616	19.6733606768735036
0.0074657072729364	19.5316241692217361
0.0075043187627177	18.9785087273273625
0.0075082868251242	18.9833141936032384
0.0075082868251242	18.9833141936032384
0.0075122837602853	19.0260017842274003
0.0075163147888192	19.1072107873095014
0.0075203847610740	19.2274856238674978
0.0075245101840555	19.3879557016540112
0.0075300127281236	19.6475184058784507
0.0075344030948637	19.7803976105437727
0.0075388411816109	19.8754019545710854
0.0075433043976463	19.9310662999639696
0.0075477739921655	19.9466703946545962
0.0075477739921655	19.9466703946545962
0.0075522453916812	19.9223954332740867
0.0075568255181707	19.8571761086824310
0.0075985507465070	19.1204907078839774
0.0076039929702049	19.0038046243880103
0.0076079870005972	18.9892578205418445
0.0076079870005972	18.9892578205418445
0.0076119924581618	19.0125822956387296
0.0076160115545665	19.0740526918287117
0.0076200813300831	19.1746196872796268
0.0076242001547087	19.3149723372237503
0.0076304932797724	19.5784631887070368
0.0076348856370990	19.6894408625119688
0.0076393287323023	19.7625907057253194
0.0076437992765761	19.7965308457549121
0.0076482498564931	19.7907612468964551
0.0076482498564931	19.7907612468964551
0.0076527255251573	19.7454875342520886
0.0076574748580989	19.6566992125949973
0.0077038308855915	18.6731599345158195
0.0077077381317030	18.6483599972628866
0.0077116627036922	18.6608075853273121
0.0077116627036922	18.6608075853273121
0.0077155850625356	18.7105470487096959
0.0077195525988186	18.7983977125124184
0.0077235626854755	18.9249072860116669
0.0077316822865918	19.2386977915817603
0.0077361161383567	19.3372985000723219
0.0077405740163150	19.3975952731502801
0.0077450444851885	19.4191872739646598
0.0077495223363642	19.4016880283012867
0.0077495223363642	19.4016880283012867
0.0077539973960293	19.3453911939972656
0.0077594975020752	19.1945741105057870
0.0077887195923242	18.5909602757265482
0.0078031230757768	18.3229965405644997
0.0078069396599745	18.2983198378980099
0.0078107658318716	18.3102317344951544
0.0078107658318716	18.3102317344951544
0.0078146021288355	18.3589230806997676
0.0078184719510524	18.4447989204458693
0.0078223787084891	18.5684327676132028
0.0078344553321204	19.0269233406271958
0.0078388747355002	19.1161041123670294
0.0078433371140314	19.1679063833333139
0.0078478076197285	19.1812095117418195
0.0078478076197285	19.1812095117418195
0.0078522797304183	19.1561618225319208
0.0078567690164296	19.0926068991169373
0.0078843580515319	18.5656977287640927
0.0079022827918295	18.2819348922710354
0.0079060866032395	18.2626803965280899
0.0079098913688764	18.2800419898762954
0.0079098913688764	18.2800419898762954
0.0079137168798785	18.3340934009687615
0.0079175782423576	18.4254459712420271
0.0079214801234186	18.5547833317261919
0.0079254756757143	18.7620992347072608
0.0079298677595476	18.9428141157967289
0.0079343045983548	19.0874180946643079
0.0079387314089214	19.1936255629239554
0.0079431852221851	19.2620709976989701
0.0079476534594920	19.2919929569584028
0.0079521291054525	19.2832929295767244
0.0079521291054525	19.2832929295767244
0.0079566043278113	19.2358750742968958
0.0079976579498946	18.6059762341910364
0.0080037874529531	18.5421172666538467
0.0080076587961745	18.5456786703152794
0.0080076587961745	18.5456786703152794
0.0080115375140630	18.5864462702115461
0.0080154492338169	18.6647801224042951
0.0080193976065743	18.7812499022868380
0.0080233931394885	18.9367375327188689
0.0080319881378392	19.3312482672878154
0.0080364118697379	19.4608399682346835
0.0080408643198131	19.5522004161279135
0.0080453100816420	19.6043544536726486
0.0080497849384666	19.6175230366571434
0.0080497849384666	19.6175230366571434
0.0080542281556434	19.5915156514749818
0.0080599143517526	19.5137368842493686
0.0081036753975442	18.8612309284805519
0.0081076233522753	18.8589899454971928
0.0081076233522753	18.8589899454971928
0.0081115869947665	18.8943851298435277
0.0081155669078215	18.9677564000688683
0.0081195960032650	19.0799688675029344
0.0081236761460011	19.2318312185374829
0.0081313728343689	19.5740881181479303
0.0081358011244897	19.6973984629835925
0.0081402530708180	19.7818059742268915
0.0081447120612555	19.8267499380250243
0.0081491860559085	19.8319612153683096
0.0081491860559085	19.8319612153683096
0.0081536606837823	19.7975120918737559
0.0081590323636771	19.7125514825090491
0.0082051401841076	18.9137196380618562
0.0082091134049239	18.9131143058797093
0.0082091134049239	18.9131143058797093
0.0082130997766619	18.9502635562620618
0.0082171032227176	19.0255163092862745
0.0082211578598998	19.1397836374139381
0.0082252813731740	19.3330335230602657
0.0082296799211577	19.4944486630197744
0.0082341223947517	19.6184192373949600
0.0082385610980916	19.7031031795758267
0.0082430268317222	19.7487797964133165
0.0082474986655020	19.7547420031030754
0.0082474986655020	19.7547420031030754
0.0082519712204223	19.7211988466480790
0.0082564847209055	19.6476918151551523
0.0083037446437665	18.6922458572490875
0.0083076563905759	18.6704620488257262
0.0083115859854672	18.6859781003450607
0.0083115859854672	18.6859781003450607
0.0083155136189816	18.7388337605734208
0.0083194887287326	18.8299163037647297
0.0083235076738042	18.9597955857534792
0.0083317704343282	19.2851988475088767
0.0083362032034228	19.3867413408620308
0.0083406607653920	19.4499163919231961
0.0083451279194014	19.4742633151260947
0.0083496056270474	19.4594567824508324
0.0083496056270474	19.4594567824508324
0.0083540816571244	19.4057296571752360
0.0083597360592539	19.2553208526404553
0.0083932563110673	18.5855158326049974
0.0084035951957696	18.4049243942083756
0.0084074431482104	18.3851971132738399
0.0084112936347551	18.4024711240794936
0.0084112936347551	18.4024711240794936
0.0084151556542310	18.4566076661075584
0.0084190527494398	18.5481836510498823
0.0084229894139915	18.6778341884138932
0.0084329758134527	19.0730697475547295
0.0084374027522823	19.1736689791098200
0.0084418639245562	19.2365783488934454
0.0084463132005153	19.2608764304743225
0.0084507935380782	19.2467389466228589
0.0084507935380782	19.2467389466228589
0.0084552722562962	19.1941061996530884
0.0084634343948163	19.0058671691480754
0.0084892058744201	18.5493849110747817
0.0085031388525079	18.3319717951730361
0.0085069599983203	18.3187340928949851
0.0085069599983203	18.3187340928949851
0.0085107767481692	18.3421428449988682
0.0085146265141044	18.4025431144850451
0.0085185073330535	18.5003381642759201
0.0085224289004025	18.6362581484421845
0.0085342571112193	19.1216439401605065
0.0085386730212081	19.2245311920352364
0.0085431309083877	19.2899414845643697
0.0085475986589806	19.3166684774723940
0.0085520795716002	19.3047249196808117
0.0085520795716002	19.3047249196808117
0.0085565591264210	19.2541697338659112
0.0085998112176079	18.5617348100794004
0.0086038470130907	18.5233682258227574
0.0086077160176711	18.5245406212237391
0.0086077160176711	18.5245406212237391
0.0086115814641072	18.5627431133294749
0.0086154938324529	18.6386339832535448
0.0086194438755407	18.7527489164433590
0.0086234315459103	18.9055131257312254
0.0086319398849623	19.2908953961206961
0.0086363644306409	19.4180651887728217
0.0086408171838927	19.5070574313777101
0.0086452648343898	19.5569595873722797
0.0086497398274329	19.5679234934146500
0.0086497398274329	19.5679234934146500
0.0086541935643448	19.5398037288868416
0.0086597815801355	19.4215643501886568
0.0087023481111404	18.7997478650678573
0.0087062929652874	18.7841705586777223
0.0087062929652874	18.7841705586777223
0.0087102179627616	18.8061657704635543
0.0087141850407795	18.8660621726501923
0.0087181901897445	18.9644590583532313
0.0087222315675364	19.1017691552445079
0.0087344092735367	19.5924237735966145
0.0087388269636410	19.6895294650594224
0.0087432873351077	19.7481882016049681
0.0087477568548727	19.7672121073050029
0.0087477568548727	19.7672121073050029
0.0087522285861734	19.7467206938610467
0.0087567559612969	19.6862143909004743
0.0088046726536179	18.8654163564996331
0.0088086265335072	18.8622398307312586
0.0088086265335072	18.8622398307312586
0.0088125961069069	18.8968104064787958
0.0088165981266224	18.9695243396048099
0.0088206363602224	19.0809196662685956
0.0088247272100321	19.2320517794882697
0.0088297338056608	19.4600678835504866
0.0088341306264702	19.5855095849996950
0.0088385736670263	19.6732723984677733
0.0088430401788000	19.7219822771257967
0.0088474878223728	19.7310875206948353
0.0088474878223728	19.7310875206948353
0.0088519612476209	19.7008864102397183
0.0088564679498180	19.6308818898484105
0.0089036425340106	18.7056353624057472
0.0089075569253793	18.6853182309647181
0.0089114894002344	18.7023348174958173
0.0089114894002344	18.7023348174958173
0.0089154200630713	18.7567228328459272
0.0089193993875287	18.8494051212470914
0.0089234231597754	18.9809610666827737
0.0089319242814436	19.3184566248109455
0.0089363562416964	19.4210289396808307
0.0089408140947512	19.4851996574349791
0.0089452784402061	19.5104435335214781
0.0089497564214420	19.4965064161735953
0.0089497564214420	19.4965064161735953
0.0089542328288504	19.4435743927197819
0.0089601702135954	19.2894460812727324
0.0089957883173316	18.5935501381845896
0.0090037508752456	18.4621947266256292
0.0090076137109200	18.4447448437478272
0.0090076137109200	18.4447448437478272
0.0090114723246966	18.4643360775765579
0.0090153583031206	18.5210724253100381
0.0090192727448054	18.6153351332449937
0.0090232281013199	18.7478634842931271
0.0090324274497426	19.1187147320109894
0.0090368561328536	19.2237056986705888
0.0090413148171442	19.2908187827097493
0.0090457693623768	19.3192881884052490
0.0090502480821042	19.3091271805269891
0.0090502480821042	19.3091271805269891
0.0090547256533559	19.2603456173398904
0.0090611130677905	19.1057018300096679
0.0090888823236027	18.6074948358423988
0.0091031731264734	18.3803759663099306
0.0091070075160204	18.3661553566191920
0.0091070075160204	18.3661553566191920
0.0091108379735152	18.3886786980016339
0.0091147000071248	18.4483040486839514
0.0091185922244263	18.5453771692569340
0.0091225252831348	18.6806314353901790
0.0091340093610198	19.1492403816458108
0.0091384278160536	19.2518261935094692
0.0091428874215754	19.3168271136239191
0.0091473546324892	19.3430445722210074
0.0091518349392015	19.3305364257335697
0.0091518349392015	19.3305364257335697
0.0091563138242112	19.2793650962230529
0.0092033533473394	18.5211187730754290
0.0092072023523150	18.5152609918954099
0.0092072023523150	18.5152609918954099
0.0092110734312901	18.5464082721501349
0.0092149751805174	18.6149572508087466
0.0092189095478922	18.7213782712978229
0.0092228885340323	18.8665044499350749
0.0092330793164424	19.3057417938003013
0.0092375012093723	19.4205895133677551
0.0092419602977082	19.4974528875844761
0.0092463985100474	19.5350441177607550
0.0092508776782952	19.5339061216327963
0.0092508776782952	19.5339061216327963
0.0092553147035906	19.4938940194212407
0.0092647407066339	19.3099209928637201
0.0093020855865756	18.7501675948811375
0.0093060168235227	18.7309803963287571
0.0093099350863360	18.7493536426928458
0.0093099350863360	18.7493536426928458
0.0093138784997113	18.8053168986830208
0.0093178660729891	18.8996682222847312
0.0093219006411607	19.0331934905289373
0.0093263975513970	19.2606200123555773
0.0093307920371385	19.4269406555940449
0.0093352364445123	19.5562401126823211
0.0093396612290906	19.6459867954613721
0.0093441168927032	19.6971275591834001
0.0093485900288653	19.7088722237811460
0.0093485900288653	19.7088722237811460
0.0093530645502749	19.6812088309741142
0.0093578310341221	19.6110643177125077
0.0094040304710259	18.8169567802212612
0.0094079712252110	18.8087094480581776
0.0094079712252110	18.8087094480581776
0.0094119241259233	18.8381106356466574
0.0094159073582244	18.9054775923111755
0.0094199248108753	19.0113097219783214
0.0094239916917620	19.1565675316774282
0.0094308424010695	19.4530030262152778
0.0094352706861626	19.5716462777980489
0.0094396989750439	19.6513511084484627
0.0094441577942189	19.6923590855138713
0.0094486328998737	19.6939227512985440
0.0094486328998737	19.6939227512985440
0.0094531082248118	19.6560996069780671
0.0094579435542876	19.5742996466182682
0.0095033151104480	18.7031830200347748
0.0095072223103212	18.6818550416681504
0.0095111355780297	18.6977964612151339
0.0095111355780297	18.6977964612151339
0.0095150727683736	18.7511953115388721
0.0095190548219969	18.8428567588390656
0.0095230704241420	18.9730734179098093
0.0095326631810068	19.3486375884845252
0.0095370930413103	19.4471088953894231
0.0095415539996990	19.5072399820308320
0.0095460105830905	19.5282910298125003
0.0095504907556084	19.5102471507169426
0.0095504907556084	19.5102471507169426
0.0095549688793963	19.4531821840918440
0.0095632945943291	19.2528164065791358
0.0095987974111294	18.5773783390594573
0.0096038530251384	18.5032575381882509
0.0096077271916088	18.4879322279852012
0.0096077271916088	18.4879322279852012
0.0096115969385603	18.5097435811289301
0.0096154948904150	18.5688087549128831
0.0096194220494020	18.6655208435061581
0.0096233911794155	18.8006467688545591
0.0096320678989768	19.1561897624272106
0.0096364971927353	19.2646911040611464
0.0096409541000610	19.3351876246701089
0.0096454114033312	19.3670039165804475
0.0096498888938920	19.3600485388544961
0.0096498888938920	19.3600485388544961
0.0096543656132154	19.3143709586452914
0.0096601116175704	19.1731940555264835
0.0096895729845086	18.6445664948879042
0.0097033028455933	18.4267618068861836
0.0097071426504091	18.4131896915717377
0.0097071426504091	18.4131896915717377
0.0097109896391042	18.4364658299062896
0.0097148646179242	18.4968541804323507
0.0097187697462991	18.5947811449612210
0.0097227161428342	18.7309893941098196
0.0097335436929109	19.1751920046408202
0.0097379653029642	19.2801091499263002
0.0097424266335768	19.3473257234925846
0.0097468922315171	19.3756357381778272
0.0097513711545613	19.3651634825154950
0.0097513711545613	19.3651634825154950
0.0097558488962704	19.3159586005626629
0.0097707228310670	19.0307705099283382
0.0097993362910088	18.5802611519704932
0.0098038586906464	18.5308054038728756
0.0098077257182499	18.5283575600063593
0.0098077257182499	18.5283575600063593
0.0098116025591799	18.5630169272674976
0.0098155111056979	18.6351449643207872
0.0098194539624560	18.7452516415672612
0.0098234426275093	18.8941948272839149
0.0098319114891561	19.2697912731854792
0.0098363373426183	19.3929553856869177
0.0098407907651571	19.4779469156998886
0.0098452413574902	19.5239406408663960
0.0098497166975703	19.5309918440869232
0.0098497166975703	19.5309918440869232
0.0098541928928216	19.4989861116586134
0.0098597258303718	19.3769908125538670
0.0099014782555078	18.7312669111256476
0.0099054026329459	18.7051070407080715
0.0099093176421589	18.7164796668247888
0.0099093176421589	18.7164796668247888
0.0099132495253738	18.7653437114822665
0.0099172216531786	18.8523513804506102
0.0099212348911402	18.9781437348670039
0.0099253305201205	19.1831559864322614
0.0099297253470201	19.3579200099939719
0.0099341642555428	19.4956531891299107
0.0099385965400102	19.5942718964755933
0.0099430555213668	19.6542266806342631
0.0099475250373306	19.6747655058305853
0.0099520069605458	19.6558902431519051
0.0099520069605458	19.6558902431519051
0.0099564925852691	19.5976527561481788
