0.0000000000000000	10.5000000000000000
0.0014638858185536	10.4999895000000905
0.0415374132335978	10.4915574466699280
0.0816516257599391	10.4674204954038572
0.1217960322089585	10.4276062770864275
0.1619516185934078	10.3721722129838607
0.2020847379515061	10.3012338244068857
0.2421601083746751	10.2149620803577186
0.2821654051050868	10.1135188141331955
0.3212366868189432	9.9997263262094993
0.3215105080986003	9.9989076330391207
0.3217939264447435	9.9981528056420608
0.3220987469213168	9.9975126890444095
0.3224527206178863	9.9970650126286316
0.3234109095479713	9.9976832128080488
0.3237177068258835	9.9983733110437285
0.3240034670426631	9.9991469478750403
0.3242806854781156	9.9999566570314826
0.3249007393776628	10.0017835106122099
0.3701367115198385	10.1246068594722960
0.4094624998565826	10.2146714114043053
0.4488791347080865	10.2894107819097798
0.4884316043610730	10.3488375867493954
0.5283216558194394	10.3930369066498169
0.5682494417431012	10.4215169001441783
0.6082514481203832	10.4343002735967101
0.6482249254480620	10.4313900203565417
0.6882511302411677	10.4128286987415226
0.7282961507672204	10.3786526393643577
0.7683495714928088	10.3289172194447634
0.8083865413617906	10.2637201095322599
0.8483846655188355	10.1831915853519366
0.8885246136673057	10.0869702238471373
0.9285082703110210	9.9758403101473316
0.9683089738156739	9.8501304717103011
1.0079680401875464	9.7099539031764692
1.0477062846819944	9.5546245864366828
1.0870848982776009	9.3860728247934340
1.1262701697745308	9.2039508298699459
1.1653824478177355	9.0079019799056130
1.1670936686466999	8.9990089875288728
1.1673168671284027	8.9979116442214906
1.1675478152740211	8.9968928454639716
1.1677929708292774	8.9959995943723943
1.1680654330034153	8.9952954340538778
1.1684093546477534	8.9949110668247503
1.1688716286784810	8.9953296774840297
1.1691543639584669	8.9960768890280356
1.1694041284553998	8.9969915486120851
1.1696383836605757	8.9980127996006232
1.1698648584281208	8.9990961677034083
1.1700898621198184	9.0002104915589172
1.2081740907140084	9.1817512979808171
1.2458717672494126	9.3467980375110393
1.2842377484538983	9.4998608667954088
1.3225103755766101	9.6376223097177736
1.3609903328156889	9.7611553918342508
1.3998595243234662	9.8707530509204808
1.4387695834907237	9.9652395730294945
1.4778305320200238	10.0448289456105044
1.5172653106988434	10.1097272840565928
1.5567215205987897	10.1591828877837873
1.5962506816936151	10.1932659128844634
1.6358661819298026	10.2119556031296064
1.6755708582928999	10.2152118176129605
1.7152967480027475	10.2030258165956411
1.7550708610239711	10.1754101827181955
1.7949083860057455	10.1323508048798043
1.8347850991605361	10.0738756887819161
1.8746481850068246	10.0001086545543885
1.9144360627417225	9.9112755138549371
1.9541007400382933	9.8076570218867065
1.9936220883589750	9.6895164950903165
2.0330526334710406	9.5568875502690016
2.0724554818100809	9.4096824563011463
2.1115793118103725	9.2490679049972773
2.1509195910461192	9.0731014371210925
2.1665713895877610	8.9990801511387453
2.1668009160103376	8.9980416749620407
2.1670386858036372	8.9970815942815552
2.1672921398645597	8.9962465353835395
2.1675763926216152	8.9956031134817831
2.1679505318095171	8.9953032908657971
2.1683645408663859	8.9957257186097319
2.1686521985581240	8.9964474544656188
2.1689070786297524	8.9973263340448391
2.1691466108956581	8.9983035377385985
2.1693786944885449	8.9993356709334069
2.1696183760096606	9.0004312554307546
2.2084279432415106	9.1702120854194664
2.2461562421396120	9.3205097639980750
2.2845875476951094	9.4587115528502750
2.3228919127576728	9.5815543571793977
2.3613395342137418	9.6899524543486510
2.4002466154306794	9.7845037574084479
2.4391442669605254	9.8638644732949281
2.4781375186466565	9.9282575794547849
2.5172565598508485	9.9776629866759450
2.5564967230379732	10.0119904057022424
2.5958398188161564	10.0311532627007924
2.6352653143540592	10.0350938018533764
2.6747482833614495	10.0237884802594124
2.7142978470913977	9.9972230444245138
2.7538281716414965	9.9554878933817346
2.7933508712386224	9.8986461144747722
2.8328440857179085	9.8268099637267454
2.8724718933788731	9.7396805247355402
2.9119661981930847	9.6379058341548021
2.9512924817146904	9.5218039801871690
2.9904747287982674	9.3915369844515588
3.0297723141039792	9.2463158835749564
3.0687139738933009	9.0880719276101729
3.0891927005973496	8.9991542280754633
3.0894284715073694	8.9981693452164411
3.0896730526472367	8.9972618903671151
3.0899345741992583	8.9964792464953707
3.0902304931014708	8.9958900832892095
3.0906412436857815	8.9956740047006569
3.0910229874897470	8.9961168931854907
3.0913126569925584	8.9968261677187673
3.0915714524869005	8.9976788293633394
3.0918156850962757	8.9986190790767271
3.0920530349279174	8.9996043342733607
3.0923425892452125	9.0008279841143537
3.1324916881906701	9.1622128574333761
3.1702653933817988	9.2990640826707924
3.2082938084315433	9.4222187174131022
3.2466352369111191	9.5315934064719805
3.2850629422659789	9.6263666595678838
3.3236799895808073	9.7066900593982748
3.3625827699994280	9.7725462898543842
3.4015413139257902	9.8234060855215848
3.4405925722009987	9.8592902689621980
3.4797395757142353	9.8801513367666498
3.5189732425595301	9.8859380167025943
3.5582537667515859	9.8766265492542669
3.5975735947267293	9.8522283429484325
3.6369280121194874	9.8127630755673199
3.6762948747771680	9.7582851117257317
3.7156352510244570	9.6889152178138502
3.7549091320943608	9.6048352610884322
3.7940948201566829	9.5062370652128259
3.8334437927301384	9.3925034679517534
3.8725406966509515	9.2649419839270468
3.9114005799667488	9.1238319266949510
3.9501360807842603	8.9690187687863805
3.9887698137718521	8.8005904223261435
4.0271224074385819	8.6195900098806320
4.0655053386371023	8.4247356260251003
4.1033871184760651	8.2190279197100029
4.1413058088372958	7.9998415681849204
4.1415082348785832	7.9986524573962257
4.1417140354276221	7.9975071081397653
4.1419267359339482	7.9964411850113475
4.1421516245341721	7.9954959521980147
4.1423986286253465	7.9947265715458951
4.1426952532239705	7.9942335275360898
4.1432793767969285	7.9947342337612763
4.1435352626197011	7.9955289644559127
4.1437646762851621	7.9964842164112371
4.1439807199682912	7.9975461176345970
4.1441895718823805	7.9986742814216125
4.1443950656192152	7.9998332326644812
4.1458111359872962	8.0078597481324305
4.1817477534472172	8.2046036523365160
4.2179763001340111	8.3894438193495660
4.2548024795090678	8.5634896216886141
4.2916405178247921	8.7236789942961632
4.3291423746716138	8.8725147116647385
4.3665503301742143	9.0067175433517797
4.4041739064922298	9.1273819191910324
4.4421631066003719	9.2347106908772449
4.4802036080245813	9.3276317101162647
4.5184151174870202	9.4063652902712196
4.5569482705420281	9.4709949884170381
4.5955184076713715	9.5208938248360564
4.6341723769228373	9.5561100179786855
4.6729180566609703	9.5766072033009770
4.7117486113202922	9.5823379525281922
4.7506225581638102	9.5732802410229390
4.7895356375238629	9.5494454497363481
4.8284844038811281	9.5108505387581328
4.8674459536188612	9.4575480196857722
4.9063798934422724	9.3896586129106403
4.9452449330577215	9.3073652964289284
4.9840175198033476	9.2108643657670175
5.0229583317339825	9.0995208919484636
5.0616421527473596	8.9746553988820903
5.1000859120216360	8.8365415114337775
5.1384053051856995	8.6850159372828983
5.1766156189523080	8.5201974590880365
5.2145510708557605	8.3430589987332393
5.2524956809514025	8.1524672001553711
5.2812358615250563	7.9992172255909919
5.2814458990828506	7.9981150465265261
5.2816616766829636	7.9970760569180968
5.2818879229883837	7.9961394000507093
5.2821330729241733	7.9953537894172388
5.2824174685043577	7.9947980154977918
5.2829348491806938	7.9948707814919944
5.2832189358045261	7.9954934934317183
5.2834665156027532	7.9963270269395474
5.2836945575103087	7.9972875646463084
5.2839123289638525	7.9983295769835490
5.2841249190395745	7.9994159598355061
5.2843567074178059	8.0006227290174294
5.3222521860415197	8.1905127628521779
5.3585133218030370	8.3583889571306322
5.3954077280847548	8.5153723115373126
5.4322351109510425	8.6582150485171976
5.4693389664553580	8.7881825638241580
5.5067404210165272	8.9050764719967717
5.5442692800133564	9.0081766908528760
5.5822610585218309	9.0981229363006051
5.6202328215229480	9.1735739058744912
5.6582972881181579	9.2347670413105174
5.6964866339739864	9.2816852720091312
5.7349763834468046	9.3143576751232668
5.7735067754352087	9.3324255125980429
5.8119958069168964	9.3359069331482267
5.8505400496757494	9.3248589065711176
5.8891441180968549	9.2992710843896376
5.9277284103558774	9.2592295433939213
5.9663006288498925	9.2047998767121975
6.0048500701843341	9.1360720689632533
6.0434760576476823	9.0528943811048066
6.0819676556505859	8.9558080231014792
6.1203032764651208	8.8450819046153004
6.1585361812886168	8.7207573745486862
6.1967543144782935	8.5826654752615461
6.2346785031537229	8.4320338365665570
6.2728165596884509	8.2669404765310759
6.3104214803619199	8.0908399723348516
6.3289737951136873	7.9991131445502752
6.3291904763956977	7.9980783215588422
6.3294140011181970	7.9971118425626155
6.3296501806556549	7.9962537311873270
6.3299096024006616	7.9955579458733537
6.3302232431158796	7.9951213127459084
6.3307975341390872	7.9955535467389751
6.3310678804029754	7.9962713603388194
6.3313094023867542	7.9971372167393877
6.3315368610920855	7.9980987382470321
6.3317569602560422	7.9991158037476655
6.3319752031154479	8.0001593424725730
6.3684852190435839	8.1682836230585227
6.4047610473222116	8.3218084074272891
6.4416575670476801	8.4641849819487582
6.4784785460688576	8.5924714971082174
6.5155319263227316	8.7077037242560085
6.5529090923475684	8.8099046914340775
6.5903571304866002	8.8982126558022347
6.6279870744359703	8.9727996584902510
6.6658961390452758	9.0336514479051253
6.7038554410846531	9.0802683504248982
6.7419033309318595	9.1126733303704697
6.7800426110586143	9.1308216867211485
6.8182638160893232	9.1346659018643788
6.8565276050519701	9.1241867310756213
6.8948228171885146	9.0994004596387921
6.9331341345498769	9.0603450783304336
6.9714375873096612	9.0070949287648823
7.0097027906020726	8.9397720892742729
7.0479198262610057	8.8584956408220847
7.0862227775632700	8.7630133799570515
7.1243359130513957	8.6541227965213530
7.1622709827317168	8.5320431294735180
7.2003756633273310	8.3957123185569618
7.2380899926025712	8.2473038101168150
7.2755673163381163	8.0865991073225931
7.3130511492310495	7.9127254123545177
7.3500932507937025	7.7280380346425650
7.3872818777506160	7.5298054302142079
7.4237978914252016	7.3227105593589510
7.4605634739311428	7.1017852395470618
7.4769989883899228	6.9990131260519401
7.4771902264155621	6.9978518353473431
7.4773861032862143	6.9967502768851482
7.4775901988223747	6.9957414506030684
7.4778083597923404	6.9948653234030411
7.4780519347466248	6.9941815313262099
7.4783618791381068	6.9938155628598384
7.4787666852998411	6.9942222382918899
7.4790178082603553	6.9949490519407851
7.4792391581130069	6.9958483463517576
7.4794456271250631	6.9968643602918998
7.4796438755880850	6.9979590977019033
7.4798375778420239	6.9990993326000535
7.4800320374775486	7.0002709373822904
7.5151636147240843	7.2057300424817177
7.5498191586937535	7.3958691236011180
7.5849938055976081	7.5761691014811294
7.6203204082731624	7.7444284553002403
7.6561488367800150	7.9020022875988554
7.6920550707423407	8.0467544845380061
7.7285271636553050	8.1803452073529819
7.7649519879151692	8.3002903303420421
7.8016040142262018	8.4074431267051608
7.8385646792724319	8.5017940235736482
7.8755952379771550	8.5825733927252905
7.9127958127395512	8.6499170197719462
7.9502715167066142	8.7038186035288021
7.9877918619764836	8.7438202353033976
8.0253922313706987	8.7699424856853021
8.0630754793264092	8.7821491265959715
8.1008379208416166	8.7804015007486313
8.1386307220356411	8.7646937866510406
8.1764371071084163	8.7350613033464661
8.2142535653019877	8.6915462896688389
8.2520497668029638	8.6342415714553074
8.2897933240540898	8.5632881680489081
8.3274826019105888	8.4787990063973417
8.3652316354289997	8.3805669299236119
8.4027741893433667	8.2694147525216817
8.4401575351391944	8.1454486536907922
8.4776158622343729	8.0079866688841399
8.5147003083283330	7.8588827589390275
8.5516008106340085	7.6977134986635489
8.5883692328374828	7.5244634295439559
8.6248171183045645	7.3402990642865866
8.6611819709824545	7.1442712536775650
8.6867408543079563	6.9991804973788589
8.6869376114803920	6.9980829166424670
8.6871391475389252	6.9970418761495630
8.6873493130389221	6.9960903498555949
8.6875742718269091	6.9952690538631739
8.6878272212889307	6.9946369930141774
8.6881581821069158	6.9943329929010822
8.6885368366158318	6.9947368974710180
8.6887930198224570	6.9954355930244940
8.6890193378827991	6.9962966531544364
8.6892309123070053	6.9972670682548905
8.6894342308221173	6.9983083919990676
8.6896332730197106	6.9993888075834167
8.6898475687698600	7.0005718813055386
8.7259765361050583	7.1932823061200049
8.7606675255977748	7.3656513250283329
8.7959184992486676	7.5281314111565409
8.8312238567360151	7.6781046055639726
8.8671052687133045	7.8174895882427773
8.9029396883054250	7.9436238489220647
8.9390355525366374	8.0575227779121175
8.9754083880530509	8.1589881230069778
9.0118987621395252	8.2474067323845652
9.0488232787355578	8.3232908955222982
9.0857268812465399	8.3855270848137131
9.1227113464168426	8.4343040674427332
9.1598040058784029	8.4696039788977764
9.1969987501537460	8.4913557323184250
9.2342775990892427	8.4994971241285633
9.2716250396641318	8.4939917767016961
9.3090098367259380	8.4748371647292906
9.3464504640214798	8.4420238366785991
9.3839291328416596	8.3955671338655140
9.4213967709904978	8.3355640639078690
9.4587937935633022	8.2622048805413080
9.4960744068664251	8.1757302967082950
9.5332308050136820	8.0763367174554421
9.5705318271471747	7.9633433951768442
9.6075222143503858	7.8382659466973514
9.6442948963694697	7.7011157455977353
9.6811360360416359	7.5509505873836513
9.7175300099199742	7.3901141034903501
9.7537374944261348	7.2178241470871587
9.7897114362000526	7.0345615492831621
9.7964159655063181	6.9990854353389809
9.7966189897425089	6.9980554343669841
9.7968278364805901	6.9970855816179558
9.7970469610055826	6.9962105449031284
9.7972839355822483	6.9954746050471437
9.7975574036796598	6.9949463233098292
9.7979977468143495	6.9948942134084584
9.7982940639016380	6.9954113266167139
9.7985414820521939	6.9961469659952709
9.7987662842415819	6.9970142430977535
9.7989792870190282	6.9979690421893519
9.7991857681901031	6.9989760865828305
9.7993894605918079	7.0000056231385166
9.8338487387420646	7.1686852520457753
9.8685492470289820	7.3262203042374985
9.9037949029451315	7.4736128307275811
9.9390621379426101	7.6084127008465376
9.9749241769846630	7.7325225479735762
10.0107081050655697	7.8433792341113824
10.0466950374987860	7.9418323440006002
10.0830030606007455	8.0279668087657541
10.1193620716461083	8.1009866056453035
10.1558712787304319	8.1610293360071857
10.1926682254767496	8.2081306342223197
10.2294960774169770	8.2418366304711945
10.2663924517599767	8.2621768632259212
10.3033626812780295	8.2691261212451970
10.3403663609907035	8.2626679574356938
10.3774126866178822	8.2428090317941756
10.4145097325405427	8.2095440110774192
10.4516351622986683	8.1628997296439856
10.4887391107214594	8.1029845532992741
10.5257659321220203	8.0299903680707860
10.5626769575822159	7.9441449601701049
10.5994856818752474	7.8455806052868446
10.6363627442262221	7.7339060654261118
10.6729525288382820	7.6103600493537753
10.7093726688536393	7.4748293910878116
10.7457523099713903	7.3269876307431296
10.7817875450683793	7.1683113559947236
10.8173648599074550	6.9997498677752441
10.8175717055543519	6.9987539913879875
10.8177825014092530	6.9977998497750757
10.8180011978951711	6.9969190749770789
10.8182339022585694	6.9961492859047913
10.8184929194601995	6.9955429127762407
10.8188191767423074	6.9952092807293340
10.8192646141799802	6.9955667685721119
10.8195331503403711	6.9962066340954623
10.8197702916443443	6.9969939112371105
10.8199921941195498	6.9978778016744592
10.8202058802710006	6.9988214617251243
10.8204157517198318	6.9997941535322434
10.8208790199737610	7.0019579097119644
10.8622275912350741	7.1862128647405905
10.8970003586502298	7.3276304060262785
10.9324951888124726	7.4592784356786028
10.9678309351069583	7.5776308498154190
11.0033761627592401	7.6839400853028845
11.0392534468233272	7.7783263989565725
11.0751867614466963	7.8599000550104554
11.1113029659005420	7.9288664369274189
11.1476723025122446	7.9851707313398741
11.1840940391076096	8.0283841493014876
11.2206063966204965	8.0585224843146168
11.2572094025155565	8.0755357520358295
11.2938892626867027	8.0793752667497767
11.3306389817701856	8.0700095152632567
11.3674175580571983	8.0474442370892838
11.4041773729078724	8.0117516063442125
11.4409267150983638	7.9629874239755347
11.4777628533309795	7.9010300285738762
11.5145073251160799	7.8262300725996772
11.5511196211532852	7.7388359285297943
11.5876137382175024	7.6389925925661046
11.6241919131718490	7.5262111808029184
11.6604613473066312	7.4018653397624439
11.6965517449673815	7.2658069097993074
11.7325948046200423	7.1176995374311636
11.7682898192512582	6.9590225667864241
11.8040437080151914	6.7881555795891826
11.8392544978586312	6.6082579830043588
11.8745989134025649	6.4161158180655873
11.9092321101995644	6.2166429736748556
11.9439890981553187	6.0053531561798419
11.9450004945862993	5.9990446563955038
11.9451827315118546	5.9979496197626743
11.9453690427687498	5.9969062802829196
11.9455625115125557	5.9959421835497988
11.9457675918789352	5.9950915034916097
11.9459930002023711	5.9943997792206014
11.9462630721157783	5.9939503239312186
11.9468220598589330	5.9944133619110032
11.9470544645828003	5.9951279037619267
11.9472631347896794	5.9959886029001268
11.9474591497392328	5.9969505862195005
11.9476479095742878	5.9979817433810094
11.9478326894797870	5.9990546267949618
11.9480165225585022	6.0001477161996917
11.9810683191437359	6.1912849003506532
12.0140225266286276	6.3705890345883649
12.0474389411949296	6.5409562366750329
12.0810847625279898	6.7008810978468487
12.1151346388673105	6.8509041579145746
12.1493799582410471	6.9898334216705909
12.1840344631983974	7.1182597330195128
12.2187934171353838	7.2348248874636001
12.2540313465998203	7.3405185428569606
12.2892446835830107	7.4336323945534346
12.3246481413698561	7.5146902203407722
12.3603381093792404	7.5837033109881045
12.3960761655135681	7.6400771135278633
12.4319269658662730	7.6838732469216344
12.4680782906370968	7.7151461921227726
12.5042460282022088	7.7335270306459574
12.5404684838248972	7.7390438558610093
12.5766702084519402	7.7317136087370741
12.6129060304377312	7.7115645660764409
12.6491768404322009	7.6786060061657180
12.6854547377968920	7.6328873516476108
12.7216939764751267	7.5745289932746385
12.7578520788919469	7.5037078980045031
12.7939191399264072	7.4205785282693046
12.8300935622290808	7.3247202904769830
12.8660088306731364	7.2172273465834653
12.9017355780348151	7.0981616643588401
12.9375222538866748	6.9668041371492517
12.9729039724231736	6.8250777709064501
13.0081113250807849	6.6723903812421135
13.0431073734771203	6.5091337989742284
13.0778376318297820	6.3358356688161015
13.1123362715186254	6.1526056927688257
13.1397227569422270	5.9993100422897649
13.1399099422888366	5.9982714036817395
13.1401011308454585	5.9972786961858935
13.1402993715582532	5.9963599170837467
13.1405093477486599	5.9955480508390595
13.1407400314082210	5.9948873824883799
13.1410164840014296	5.9944585263807690
13.1415859838587306	5.9949011731360402
13.1418239892026101	5.9955843434281269
13.1420376662102800	5.9964057775735284
13.1422387320084582	5.9973230556524779
13.1424323847627846	5.9983029859455366
13.1426222664120189	5.9993195602318998
13.1428183231124631	6.0003886124176100
13.1766550079639373	6.1790276141143528
13.2096391792166301	6.3418031949449087
13.2431185111953766	6.4955891678060453
13.2767364372070311	6.6384602744394101
13.3108136002422146	6.7715092901319949
13.3449747098527958	6.8930288545663139
13.3796349511014352	7.0042322662773078
13.4142644331622112	7.1032157022366622
13.4491135381132079	7.1906378180620347
13.4842222824139206	7.2663897543771991
13.5194056679613155	7.3299394147532650
13.5547456546947060	7.3813565036278295
13.5903144030091543	7.4205867232805289
13.6259270873617435	7.4473266216054910
13.6616088061383678	7.4615800701019683
13.6973603732533373	7.4633189532899147
13.7331364685612431	7.4525362096762517
13.7689331526616137	7.4292541080087044
13.8047320801154658	7.3935172782294849
13.8405085172293969	7.3454054260470842
13.8762546645580382	7.2850006563855976
13.9120489622726868	7.2122052935017962
13.9476905252057790	7.1275254168296396
13.9831923447058415	7.0311230044946242
14.0187973652549172	6.9223998916220850
14.0540686465128015	6.8028490598063582
14.0891524364368799	6.6722777282453469
14.1241718506599536	6.5303937268269507
14.1588510063607327	6.3785539509210265
14.1935362523435948	6.2154447177735790
14.2277215905746441	6.0437223647302378
14.2362596186329959	5.9991451466808945
14.2364528951724676	5.9981716278203709
14.2366511131427060	5.9972495802894139
14.2368579545855667	5.9964079194237234
14.2370794583406290	5.9956820529832084
14.2373285474457507	5.9951235565820387
14.2376542393354875	5.9948538049164606
14.2380284765762859	5.9952094039036510
14.2382809460475031	5.9958259910123379
14.2385038018545487	5.9965865834983401
14.2387118612501489	5.9974443552116394
14.2389117915705956	5.9983671467463644
14.2391072963592755	5.9993267213006742
14.2393070649362485	6.0003276676745951
14.2730059202591111	6.1634128035621520
14.3060082047467372	6.3118267313565148
14.3395204577456816	6.4511295137321962
14.3731058011497961	6.5792448944557460
14.4071928690640831	6.6975509985217352
14.4412719442986379	6.8040634110820930
14.4759329570244244	6.9003682647067626
14.5104908692017105	6.9843540879905595
14.5451832387757971	7.0566235682939844
14.5802237918914752	7.1174121334155398
14.6152664795842870	7.1659788773208000
14.6503921725001831	7.2024342345008154
14.6856162023575614	7.2267424174849033
14.7209269096229214	7.2388420338749437
14.7563054006440613	7.2386894415669119
14.7917276456646629	7.2262701182181628
14.8271633110004082	7.2016084049362235
14.8625965767148926	7.1647528896765609
14.8980051406511471	7.1157838380870775
14.9335212125531296	7.0545189214459310
14.9689177181822757	6.9813988556548372
15.0041596543488520	6.8966780411087267
15.0392824972743284	6.8004514043107811
15.0744353758080454	6.6923966161492263
15.1092783119516660	6.5737391911837912
15.1439733292828773	6.4441942359646580
15.1785140766423634	6.3039731448015326
15.2127977281609592	6.1537318829060474
15.2456094445788128	5.9996539206990036
15.2458067700842630	5.9987172230036068
15.2460078644316592	5.9978193067129562
15.2462162542333211	5.9969870482405634
15.2464371178336311	5.9962527949331532
15.2466805770641951	5.9956599218084996
15.2469757659480969	5.9952902984669603
15.2475086060611993	5.9956527543032889
15.2477618361188458	5.9962619114884452
15.2479874936073205	5.9970019583937066
15.2481993049867981	5.9978301859197947
15.2484034925573582	5.9987151251581965
15.2486038107776807	5.9996295258287384
15.2488522242631852	6.0007772463604745
15.2840571052604748	6.1570274456768805
15.3170890734100524	6.2921082944608493
15.3506779920821028	6.4180634045774134
15.3842453377434385	6.5324883286832058
15.4183936219721716	6.6371886759930172
15.4524467895300610	6.7298812229541536
15.4866845752064570	6.8113213047821475
15.5212169769797956	6.8815637291634797
15.5557933870982819	6.9399645533416283
15.5905041126395503	6.9866253402229415
15.6254712710227359	7.0215496200614949
15.6604640451692916	7.0444027496153154
15.6955143550745380	7.0552048149648376
15.7306301611487207	7.0539370154980467
15.7657566954696513	7.0406043691916711
15.8008905215927911	7.0152412198366063
15.8360206011274922	6.9778958940442006
15.8711196097668861	6.9286572124766606
15.9061833385114788	6.8676065753212239
15.9412802329281877	6.7946674777193170
15.9762122136691804	6.7103591983777768
16.0110154774620703	6.6147822653122352
16.0458576805219231	6.5075613554151834
16.0803782268155118	6.3899856321582531
16.1147464645969869	6.2617499037766065
16.1489562581128290	6.1230664134570327
16.1773905917329657	5.9994442664125254
16.1775940186413791	5.9985635096913539
16.1778023741921899	5.9977281418039645
16.1780198679782146	5.9969663282384715
16.1782533262004229	5.9963130448339061
16.1785176057293434	5.9958203944480664
16.1788785898785363	5.9956228696394573
16.1792331701604724	5.9959763498297063
16.1794935532111381	5.9965549686273629
16.1797250467687270	5.9972608502076739
16.1799421749838466	5.9980511146363664
16.1801514367295525	5.9988941666705049
16.1803569343642515	5.9997634571117917
16.1806958401025014	6.0012099022169183
16.2174884573019717	6.1512549601629622
16.2505470046078742	6.2743064012205849
16.2842134443537283	6.3882142309989440
16.3177757525240175	6.4903511227180424
16.3515710643293701	6.5817158208375792
16.3856220665373087	6.6621590967013686
16.4197765627798837	6.7311769409545068
16.4543133259296752	6.7891233012631131
16.4888286092601462	6.8351757477725004
16.5234153375566422	6.8694735000708613
16.5580943327597936	6.8919940943923477
16.5928562150364733	6.9026826976716817
16.6276833623080407	6.9014992348440893
16.6625487852380623	6.8884329988149782
16.6974630676275311	6.8634769227285508
16.7324129088054079	6.8266388945088190
16.7673509327372763	6.7779981153007247
16.8022184811830186	6.7177190198370935
16.8369725370652787	6.6460093270162801
16.8716220278393081	6.5629999542062940
16.9063370478582549	6.4683428252741226
16.9407695161818665	6.3631338038344216
16.9750417665880278	6.2472553466629606
17.0092429286018572	6.1205569529613406
17.0394405926396821	5.9995369648914973
17.0396491749526788	5.9986985913201956
17.0398628043256437	5.9979035791327231
17.0400860062580506	5.9971799848551699
17.0403261916829507	5.9965628806788951
17.0405999334317251	5.9961055685260449
17.0409914442090127	5.9959621425924023
17.0413289859367758	5.9963283535918555
17.0415911114067988	5.9968977453637970
17.0418258709704986	5.9975839478652730
17.0420467659593768	5.9983460440949887
17.0422604733196508	5.9991546755250535
17.0424709845615006	5.9999833112239989
17.0428087736390879	6.0013180055933457
17.0800564565171591	6.1413658239295730
17.1131305744623567	6.2539080217968293
17.1468378658753160	6.3572108167010022
17.1804093739820871	6.4487031739308183
17.2141623892229489	6.5292649813243795
17.2482106212250557	6.5989638643963193
17.2823016416195685	6.6571499649828736
17.3165333092580589	6.7039363009106463
17.3510061325334171	6.7393052533609668
17.3855086673091392	6.7629417612779683
17.4200719639640127	6.7748614442517434
17.4546995458106728	6.7750423688016213
17.4893457187631363	6.7634827640851052
17.5240049348681382	6.7402090382460846
17.5586591778450725	6.7052697077398618
17.5932931961392818	6.6587331938668779
17.6279982311180348	6.6004916425451574
17.6625837624310194	6.5309290811502523
17.6970239412506096	6.4502690398301992
17.7313709116077760	6.3585464599643968
17.7656711839324721	6.2557446037825546
17.7997306840925198	6.1426234665901083
17.8338737237855369	6.0182200046140428
17.8388192702431603	5.9992950734899839
17.8390345859197090	5.9985094229199953
17.8392567713220629	5.9977759316134591
17.8394915551344901	5.9971247825548000
17.8397494137615773	5.9965965934180838
17.8400608997434809	5.9962641842391733
17.8406366785041719	5.9965942597573010
17.8409052213421830	5.9971392945057698
17.8411452667610639	5.9977965124831494
17.8413713240158174	5.9985264104799993
17.8415900298745882	5.9992988567287835
17.8418063261224162	6.0000902110714023
17.8749340260095515	6.1160332558589907
17.9079926655519515	6.2206487385625113
17.9416011812958338	6.3156898473064729
17.9751199153930692	6.3991528492162537
18.0088132735767950	6.4716912649834386
18.0427867294058117	6.5333402416024775
18.0767996261583477	6.5835397544962015
18.1109280140146716	6.6223625836806415
18.1453150492804447	6.6498210273702902
18.1797193011635159	6.6656219187290651
18.2141734456242830	6.6697862883586128
18.2486249293033005	6.6623239108527690
18.2831186022136265	6.6432451351420188
18.3176598796764019	6.6125416887789070
18.3522139834370321	6.5702540656643418
18.3867222377638200	6.5165104848013078
18.4211305923916662	6.4515074147418980
18.4554120469822713	6.3754474612596921
18.4896129038806265	6.2883687583629992
18.5237590896901949	6.1903098070580462
18.5576858122145580	6.0819148558995098
18.5814727020241932	5.9994217001994690
18.5816929491715257	5.9986699312046712
18.5819200058883567	5.9979671095218778
18.5821598843330200	5.9973429514306309
18.5824234936682267	5.9968375879509583
18.5827430918234988	5.9965233335520258
18.5833122085385725	5.9968331033019595
18.5835872599677465	5.9973545080084492
18.5838326279209305	5.9979840252795595
18.5840637510584656	5.9986829658508150
18.5842874998131471	5.9994213214441316
18.5845114960895437	6.0001840021398323
18.6179487843515545	6.1085294093319575
18.6510212548061460	6.2045765946889162
18.6846596665082103	6.2909645532556304
18.7181871575782139	6.3657631660341236
18.7518462062689295	6.4295409970803536
18.7858250073468263	6.4824649418971552
18.8198086980542030	6.5239190297102319
18.8538709986840374	6.5539899485961577
18.8880233339955552	6.5726416643778665
18.9222525773840253	6.5798219806623619
18.9565408819146874	6.5754979694183282
18.9908578415517155	6.5596687430404357
19.0252000291893530	6.5323482452662098
19.0595407680796995	6.4935851321714289
19.0938394012366750	6.4434862033790701
19.1280616541979427	6.3821992644746146
19.1622224721538430	6.3098041867041692
19.1963789221900853	6.2262506923765786
19.2303182367365366	6.1322052925199975
19.2641432518180480	6.0275811856599990
19.2727124500842919	5.9993592986501998
19.2729388172265175	5.9986478160781198
19.2731732571812096	5.9979885031678553
19.2734225754432984	5.9974129723004426
19.2737009119615408	5.9969644374034212
19.2740591761642435	5.9967366633030279
19.2744946402362665	5.9970148135296935
19.2747801919098336	5.9975027614263157
19.2750327156086207	5.9980995297322721
19.2752697072044512	5.9987648988225919
19.2754990294663777	5.9994695472347335
19.2757294724345059	6.0002003152493950
19.3092426439326772	6.1009277113110310
19.3423263129062626	6.1892555776686420
19.3759856365036036	6.2678313511067820
19.4095201186729405	6.3348304402853559
19.4431466096031365	6.3907405893448583
19.4771331135705985	6.4358177917422799
19.5110967107412030	6.4694226499533665
19.5451127799501734	6.4916536925596295
19.5791980086515274	6.5024994393932083
19.6133474054787555	6.5019302133822805
19.6475246007388549	6.4899394579588172
19.6817110719902608	6.4665540773828045
19.7158898856777469	6.4318237098839024
19.7501656632686284	6.3856364420892673
19.7843713549229960	6.3282427624765125
19.8184549552775806	6.2598633508768993
19.8524075096028518	6.1806783891731936
19.8864851921882710	6.0901310476150892
19.9170128211961135	5.9996310165861209
19.9172430190451202	5.9989411178406993
19.9174798708362353	5.9982942405827924
19.9177299704723119	5.9977193184707227
19.9180051775713878	5.9972555266685141
19.9183415690078540	5.9969744322276632
19.9188978197736759	5.9972507799998471
19.9191857205452045	5.9977302862855035
19.9194418412912881	5.9983105839231330
19.9196829974614928	5.9989533745091341
19.9199168679271246	5.9996297168906354
19.9201690278518555	6.0003761000504108
19.9542563788424552	6.0954078200600383
19.9873653755138037	6.1765190942316126
20.0206716103365103	6.2470220215114880
20.0542168112321555	6.3068237527542994
20.0878239782285952	6.3554953502033342
20.1215607457770176	6.3930764833135605
20.1555139619310388	6.4195283609307250
20.1894978395686984	6.4346205850020812
20.2235355160587353	6.4383597010537876
20.2575837579299787	6.4307473689540915
20.2916549464737805	6.4118026974379818
20.3257322907377613	6.3815590530457476
20.3597881169662820	6.3400870176419764
20.3938007749428358	6.2874831285380610
20.4279061515385081	6.2235509198810561
20.4618464517304623	6.1488469696293180
20.4956164436775303	6.0635838061219820
20.5185506071249186	5.9994835127679158
20.5187875336808432	5.9988330255299562
20.5190330448431943	5.9982323220081488
20.5192953373257367	5.9977123594109791
20.5195911640833160	5.9973185044093595
20.5199953299118860	5.9971627430760330
20.5203884796594949	5.9974480056447366
20.5206809500754197	5.9979130141597379
20.5209416202547281	5.9984735476035809
20.5211874534210104	5.9990923552204825
20.5214264486840356	5.9997414127171194
20.5217187247477355	6.0005493570396089
20.5563963275589217	6.0903084227437541
20.5895312567163131	6.1647925554821477
20.6228359664978775	6.2285855377384367
20.6563981286294904	6.2816789138005769
20.6899996612873132	6.3236165792137564
20.7236975952053619	6.3544394748100492
20.7574958333890507	6.3740906722450141
20.7914679511647869	6.3825139745212374
20.8254014933621683	6.3796273631140981
20.8593667529228526	6.3654666279365237
20.8933484365898856	6.3400524338756536
20.9273228308776957	6.3034361228977929
20.9612574346778189	6.2557139407455775
20.9951427388151473	6.1969807875580969
21.0290817321809911	6.1270935875806538
21.0628340789476987	6.0466492550414994
21.0807744048302652	5.9994674153210577
21.0810173229748976	5.9988485321617517
21.0812699038304245	5.9982811978816981
21.0815413309593858	5.9977976858631097
21.0818525322094317	5.9974465296369122
21.0823382567899245	5.9973952099565908
21.0826823670894221	5.9977256261610163
21.0829689931974755	5.9982024799748430
21.0832298148470478	5.9987602308755843
21.0834783304325555	5.9993652388277603
21.0837216179148257	5.9999903874847460
21.0841283344691348	6.0010409341718294
21.1205586479470639	6.0883993809749208
21.1537322724928565	6.1563772588638255
21.1870397465280398	6.2135707688428061
21.2206394512139056	6.2600763222455829
21.2542502896029042	6.2953906804898834
21.2879336767019147	6.3195742346628894
21.3216968614374309	6.3325939326885887
21.3555269443339242	6.3344095680857695
21.3893969610149703	6.3250044842462740
21.4233057707276693	6.3043778844069376
21.4572443442368588	6.2725392631728729
21.4911717608749377	6.2295557123461309
21.5250358225643410	6.1755677423556010
21.5587986225522314	6.1107537659143913
21.5924794558907607	6.0352029024821681
21.6069275149465057	5.9994735903583338
21.6071763050748444	5.9988833699099162
21.6074357371137573	5.9983455053476629
21.6077161546326408	5.9978931516543907
21.6080427649016862	5.9975785188057875
21.6089247109000340	5.9980091830167801
21.6092064013199412	5.9984972242454475
21.6094673227366769	5.9990510656050917
21.6097186862885486	5.9996407914312160
21.6099807077141577	6.0002744773052186
21.6438091381675619	6.0763704496630169
21.6769671962507324	6.1398436152278526
21.7102612067677718	6.1925425703583636
21.7438279358088344	6.2345172095384633
21.7774109552641164	6.2653400419378587
21.8110613195016292	6.2850537524172250
21.8447834996861339	6.2936292792792550
21.8785671779757038	6.2910354157234369
21.9123826291100805	6.2772658994491568
21.9461967802730911	6.2523568154937177
21.9799997182365985	6.2163592324650727
22.0138932516001482	6.1691632348157306
22.0477028582977219	6.1110459825226497
22.0813828284331279	6.0422274418065438
22.1149452255592287	5.9628394813631713
22.1485727031171784	5.8725117466504972
22.1819024739974502	5.7723660127292105
22.2150745285746467	5.6622335370910477
22.2481404644021090	5.5421020477107419
22.2809292597629955	5.4128058348514205
22.3136380310525269	5.2737665835213834
22.3459554366156432	5.1265563167421311
22.3722835564364466	4.9994265767432298
22.3724683219789995	4.9985384014733727
22.3726568773963237	4.9976881423926667
22.3728521250535088	4.9968989203963332
22.3730584564068309	4.9961977926307197
22.3732840261817785	4.9956206607423939
22.3735502693114796	4.9952299202039301
22.3742034661687619	4.9956967674739721
22.3744319478537577	4.9963069805193348
22.3746400418148035	4.9970261012505652
22.3748369887625280	4.9978205368762492
22.3750274905582529	4.9986643862480715
22.3752145537543008	4.9995349981356316
22.3754209019429453	5.0005086024574323
22.4077970705429941	5.1478661123137375
22.4389059680280099	5.2793450112685258
22.4704863711407477	5.4027134443434059
22.5021717228498197	5.5162938985725924
22.5342809020456407	5.6210060034763893
22.5664533726281107	5.7154704058277970
22.5990762224831521	5.8006065197226953
22.6316636434067426	5.8749776365021154
22.6644365540827586	5.9390491307473088
22.6974409070330800	5.9927411588636410
22.7305011730431730	6.0356622835071008
22.7636773608432925	6.0678416886652178
22.7970703703851285	6.0892494644628838
22.8304874988822561	6.0996797557171005
22.8639553405410396	6.0991406921520088
22.8974140911869384	6.0876494400474144
22.9308788474782510	6.0652389257389210
22.9643352523509314	6.0319563704963848
22.9977644548915769	5.9878741348029143
23.0312709973473630	5.9328662681709350
23.0646456457207449	5.8673386481110761
23.0978665897241271	5.7915070557835362
23.1309962135580882	5.7053811713648930
23.1640491172439340	5.6090374653008839
23.1968858066021646	5.5030545900098717
23.2297276097058401	5.3868507761534294
23.2621868438653188	5.2620057484582201
23.2947242139715875	5.1269204402561108
23.3234205548393909	4.9995502749000034
23.3236101730125647	4.9987055213750882
23.3238035261382457	4.9978966059561829
23.3240037901256834	4.9971461405071764
23.3242156375867111	4.9964811343546298
23.3244479087388932	4.9959375368532708
23.3247247790597072	4.9955794931085951
23.3253274988995933	4.9959641929507876
23.3255659263066484	4.9965296113769124
23.3257810891685331	4.9972049557243432
23.3259839788440075	4.9979556491838384
23.3261797567513547	4.9987549080024323
23.3263720252783386	4.9995812099486479
23.3265877096075016	5.0005209939930833
23.3590458771594385	5.1365328369163334
23.3901675845506283	5.2568500996671643
23.4217762293554550	5.3689666475111588
23.4534297096841620	5.4710910538271689
23.4855462228053291	5.5643599754712563
23.5176431213150536	5.6471901908648414
23.5502638094289551	5.7207723412859393
23.5827846328682789	5.7835271520953526
23.6154158357429935	5.8358897690989417
23.6483565818584474	5.8780094926313158
23.6812914878174965	5.9093696779947473
23.7142878130855621	5.9300426025688369
23.7473557538041256	5.9400051505874361
23.7804849245302492	5.9392249597782758
23.8136528291714775	5.9276895018052018
23.8468246787101137	5.9054257415775684
23.8799891304438816	5.8724784783219297
23.9131170232682031	5.8289332411225896
23.9462069129007027	5.7748628907375092
23.9793098032901852	5.7102310361443429
24.0122441669941118	5.6355007760193407
24.0450672161227601	5.5507089518324566
24.0778533951700844	5.4557667732988175
24.1103814277034161	5.3514859443155665
24.1429774516707880	5.2369421281557411
24.1751256021158731	5.1141548644707493
24.2030706732638095	4.9995264034196172
24.2032654388883266	4.9987262808351538
24.2034645225394875	4.9979627695623314
24.2036714062791560	4.9972592107764529
24.2038915034429927	4.9966436342237603
24.2041355302875978	4.9961550309663938
24.2044381418736343	4.9958704817354374
24.2048978040534912	4.9961538085997645
24.2051520983171997	4.9966601165143443
24.2053768662158397	4.9972834245279083
24.2055868589269458	4.9979852692675779
24.2057887981583946	4.9987392101402817
24.2059864293861864	4.9995218950662883
24.2061946362345886	5.0003614316885772
24.2381770371951468	5.1241165534553987
24.2693057702951158	5.2345776694622721
24.3009242361347297	5.3367189879601513
24.3325449492608676	5.4287621843160068
24.3646574775384757	5.5119270613894908
24.3967027744505245	5.5845939884604672
24.4289266151427711	5.6472997330653314
24.4613877307107614	5.6999911321734427
24.4938994603355198	5.7422596614349759
24.5265291435589887	5.7741453738466211
24.5593668253926758	5.7956127131373192
24.5922286491712434	5.8064636096432674
24.6251393601220805	5.8067057494317327
24.6580480297879348	5.7963509848422410
24.6909654978323836	5.7754274758671356
24.7238741240809112	5.7439811649678569
24.7568721791325679	5.7019141986581134
24.7897958895300761	5.6494627235645538
24.8225956642231544	5.5868344550137552
24.8552760391920629	5.5141696817709498
24.8880318038973165	5.4310896367281325
24.9204920582572562	5.3386710731986220
24.9527924772469731	5.2367716175156129
24.9849939723297965	5.1253501699545128
25.0169192746131479	5.0052224242168517
25.0184229651467582	4.9993326678800578
25.0186237292400371	4.9985804749175191
25.0188300988937478	4.9978711734238264
25.0190463260128055	4.9972293864232658
25.0192797550929420	4.9966858646916865
25.0195472935674026	4.9962885729425404
25.0199454273525568	4.9961919625021292
25.0202587631827242	4.9965350429368538
25.0205092752247964	4.9970507064975767
25.0207346657301635	4.9976687192251914
25.0209470675685921	4.9983549913667309
25.0211523834590785	4.9990841504991117
25.0213543110219447	4.9998340245048807
25.0217840529805891	5.0014411885933905
25.0576524232304152	5.1289632403653451
25.0888200230219915	5.2291808987945103
25.1205737821964092	5.3211878656479970
25.1522058860602833	5.4027432414356138
25.1840443622400478	5.4746843278737440
25.2161142469900632	5.5368904675359971
25.2482707316721431	5.5889608914255682
25.2807673414308702	5.6311339540948975
25.3132393642717837	5.6628178639986215
25.3457676120250071	5.6841101785071864
25.3783672111906142	5.6949933508232835
25.4110283969101616	5.6954342622564162
25.4437235433190097	5.6854207931018843
25.4764620157779866	5.6649471998130032
25.5092304478682621	5.6340209533359298
25.5419803754537362	5.5927164269863692
25.5746545127232494	5.5411845755391758
25.6072154247318657	5.4796073268581003
25.6396910457297551	5.4080582573611613
25.6721521182517769	5.3264610459393147
25.7043762738137147	5.2355237241312462
25.7367265745526836	5.1343050892397848
25.7686394745267613	5.0247424065560029
25.7756569533984177	4.9993643490650665
25.7758628579619398	4.9986489100357305
25.7760747192916142	4.9979766893418782
25.7762972889793467	4.9973723042988176
25.7765388973362661	4.9968673345760948
25.7768201588873502	4.9965132238252208
25.7776307062004264	4.9970286741799050
25.7778708362460023	4.9975799838922148
25.7780931905516724	4.9982106143243783
25.7783059549936446	4.9988922820568700
25.7785138267865932	4.9996019265004810
25.7787376980190572	5.0003803179358872
25.8108419377800153	5.1067719082845393
25.8419908142526076	5.2000324381275664
25.8736521716492440	5.2848010086558208
25.9052329150533360	5.3593158314317151
25.9370093969933961	5.4242059321377489
25.9690063430382168	5.4793554631821726
26.0010730723348011	5.5243984900385819
26.0334851239080081	5.5595560827093449
26.0658640350261024	5.5843012497607765
26.0982827650939946	5.5987201443118391
26.1307569707408369	5.6028076618390887
26.1632859935250153	5.5965446059664155
26.1958250884120787	5.5799422585052953
26.2283964350961902	5.5530027707848726
26.2609619622802839	5.5157786224121743
26.2934683857413987	5.4683948146327790
26.3258754758949785	5.4110176600167161
26.3582004088978401	5.3437344162571705
26.3905303030093599	5.2664321938188561
26.4226172195423246	5.1798459470210032
26.4548729255417641	5.0829305861334371
26.4803127491668100	4.9995348126788821
26.4805230080223488	4.9988474091673485
26.4807388887078261	4.9981986635404541
26.4809650937770087	4.9976128581214656
26.4812099007104074	4.9971201915463945
26.4814930510451276	4.9967689311942749
26.4819722772880226	4.9967670492583531
26.4822675444656781	4.9971326688244337
26.4825195227134813	4.9976386728603437
26.4827499610765429	4.9982285286674273
26.4829691976376900	4.9988725538675070
26.4831825595607242	4.9995466854639234
26.4834017534669535	5.0002558519391274
26.5151393803198623	5.0978863949359532
26.5462942092769048	5.1838372325135893
26.5779619223933068	5.2611960675502596
26.6095367259282476	5.3283152244620533
26.6412731644014791	5.3857348680561383
26.6732521018218520	5.4334411491185559
26.7052690313098786	5.4710277061960024
26.7373878370432578	5.4985354873459311
26.7697246741255377	5.5159443158887749
26.8020763549148455	5.5230668266420784
26.8344143457227631	5.5199294102621073
26.8667976055508966	5.5065445197616096
26.8991682318383845	5.4829537038837488
26.9315209637768120	5.4492082041267560
26.9638437763990169	5.4053758721440692
26.9962086533570194	5.3513861174132220
27.0284285261252322	5.2876315087794259
27.0605230206378735	5.2142308404863114
27.0926651966287118	5.1308560194246136
27.1245032086537030	5.0385685843555734
27.1370908118342520	4.9994296015422348
27.1373069775307094	4.9987798734459234
27.1375300035800748	4.9981731648907566
27.1377656716047291	4.9976345529093242
27.1380245354031757	4.9971978247017939
27.1383374600780911	4.9969236211889010
27.1389114668341449	4.9971952093511058
27.1391812028348731	4.9976457948993476
27.1394221899469521	4.9981893085218898
27.1396491303942433	4.9987929492675933
27.1398687063237709	4.9994316175034914
27.1400861085262726	5.0000862553041312
27.1713290810201507	5.0894592311158240
27.2024886784245332	5.1688031494944733
27.2341574335916441	5.2394564556818590
27.2657259468020214	5.2998973381973977
27.2974251995993882	5.3505852166868859
27.3293894775395394	5.3915790192003374
27.3613670581091277	5.4224559172020816
27.3934181709275215	5.4432652424551122
27.4255466426220735	5.4539703982850396
27.4577364884939428	5.4545329200656614
27.4899626417081535	5.4449388198645474
27.5222235655987078	5.4251876859720491
27.5545019844700789	5.3952981475108794
27.5867525485360190	5.3553496631542306
27.6189273720900950	5.3054824247528636
27.6510099991697018	5.2458322014420631
27.6831836586486268	5.1760907990790885
27.7151075682110388	5.0971016356789214
27.7468672080569831	5.0088739080687246
27.7500724108433374	4.9994416825628267
27.7502938745393628	4.9988225347469850
27.7505228583354935	4.9982468557275315
27.7507656179930322	4.9977405424001988
27.7510347672511983	4.9973381994940365
27.7513701918652416	4.9971095085118540
27.7518547339454180	4.9973451311082711
27.7521350488830869	4.9977659381493735
27.7523831213027350	4.9982809434591635
27.7526158030544146	4.9988559006750775
27.7528405723704950	4.9994656465400844
27.7530632285876564	5.0000916403431424
27.7843427837667853	5.0833098034200361
27.8155099388047162	5.1564485252403358
27.8471930243702879	5.2208226961483657
27.8787633405348281	5.2749956997288692
27.9104304422283462	5.3193662598674321
27.9423938951177249	5.3540597739866254
27.9743458245219863	5.3786392218535424
28.0063486771752181	5.3931662597331584
28.0384113539848983	5.3976248614284970
28.0705270430674503	5.3919931669330534
28.1026560710029401	5.3762792421016901
28.1348046632580697	5.3504969265401403
28.1669375293481288	5.3147049818548870
28.1990113361531378	5.2690186836715158
28.2310078121530950	5.2135592597783589
28.2630880878460253	5.1480761308927887
28.2949420798606077	5.0732991973302424
28.3229101715977158	4.9996557944402849
28.3231354074208781	4.9990556984603769
28.3233670329717704	4.9984922192926584
28.3236111521776834	4.9979894626789250
28.3238786019190414	4.9975795154890363
28.3242002913778208	4.9973186718027485
28.3248141089082672	4.9975819640580506
28.3250923033830198	4.9980061175994521
28.3253417757867503	4.9985138444055570
28.3255774474996436	4.9990741883025365
28.3258062345614974	4.9996628924553868
28.3260498893998580	5.0003045026708408
28.3580053728824097	5.0793162738632978
28.3891894275817087	5.1465449522497488
28.4205613465921942	5.2043661820522775
28.4521395187206316	5.2526595402918499
28.4837805212119264	5.2911101891010475
28.5155437793638278	5.3197346175095239
28.5474809335010065	5.3384715021927294
28.5794490320925405	5.3471723317234865
28.6114658133428286	5.3458365273943915
28.6434868215866558	5.3344731694337204
28.6755557441801550	5.3130743974192773
28.7075676041330468	5.2817465231958236
28.7396341233747101	5.2404132818279168
28.7716116869314362	5.1893074586839463
28.8034659653612231	5.1286135134021533
28.8352356018308207	5.0583844075625981
28.8589849552071058	4.9995809018084634
28.8592160941664382	4.9990114265385071
28.8594549782217271	4.9984819277085091
28.8597086070631192	4.9980179731985812
28.8599910950233713	4.9976544519939621
28.8603519529050310	4.9974649218710132
28.8608053496827885	4.9976868084265984
28.8610966653551628	4.9980788939596454
28.8613543387588969	4.9985578321310840
28.8615963766624191	4.9990907561771252
28.8618307585231513	4.9996531981851371
28.8620751179213926	5.0002552414934049
28.8938941619116036	5.0735843098352564
28.9250916089040544	5.1356366557207007
28.9564571968437470	5.1882281998573019
28.9880369820105983	5.2312876205750642
29.0196634475000010	5.2644950333750362
29.0513865722364244	5.2878669085042667
29.0833126499798453	5.3013722732654163
29.1152579100521187	5.3048607182343446
29.1471757955305115	5.2983629422172251
29.1791345271825300	5.2818906230802858
29.2110670672782540	5.2555032165082434
29.2430646682185724	5.2191389456055886
29.2749994823442030	5.1729736483674387
29.3068240921639855	5.1171872431692487
29.3385465808250565	5.0518941441847831
29.3611124593046426	4.9995817553302704
29.3613490408329696	4.9990380364610738
29.3615940281393399	4.9985351897541381
29.3618554475994635	4.9980988734628582
29.3621495883870942	4.9977662706327441
29.3625457808599997	4.9976260636500225
29.3629487253549826	4.9978586017994608
29.3632421697789781	4.9982441861551363
29.3635031162590217	4.9987103251953684
29.3637490032655641	4.9992257830537952
29.3639879213639645	4.9997671079125849
29.3642695544278283	5.0004173769852898
29.3966265585377613	5.0698410959203404
29.4278440648353481	5.1268980375344082
29.4592064284371133	5.1744386825034443
29.4907984674985819	5.2124469211786613
29.5224185620281219	5.2405903385671460
29.5541143322898918	5.2588939521514684
29.5858842279531160	5.2673180485055449
29.6177104949982493	5.2658283146443328
29.6495658503519302	5.2544176267450933
29.6814346315642155	5.2331033112986276
29.7132919937733604	5.2019325285801976
29.7451057896860291	5.1609935532115063
29.7768753424536143	5.1103589124551512
29.8086526329336898	5.0499935193276331
29.8319383796825832	4.9996091504366342
29.8321801873939698	4.9990883665598931
29.8324308757315286	4.9986080752596189
29.8326990163662593	4.9981943531671940
29.8330032103281653	4.9978850604458014
29.8334339282660714	4.9977839371970516
29.8338121281271498	4.9980278655889814
29.8341062914366901	4.9984095957231354
29.8343701906118177	4.9988653855411496
29.8346198997045526	4.9993652942124651
29.8348632488419234	4.9998862213952426
29.8353332760054286	5.0009032573437535
29.8693995067902236	5.0687269233914787
29.9006499780208514	5.1207560598272801
29.9320132591629537	5.1632023500766229
29.9636372665874013	5.1961219357979305
29.9952648297401439	5.2191543338705371
