0.0000000000000000	0.0000000000000000
0.0000000041666667	0.0020000000000000
0.0000064174141746	1.5407185811466095
0.0000105023029498	2.5185525221601019
0.0000147184085346	3.5233928444182698
0.0000190123698149	4.5403791761766890
0.0000233432086775	5.5576877220573193
0.0000277134703746	6.5737967168655773
0.0000320964145082	7.5804045683800938
0.0000365115663985	8.5799198432555333
0.0000409446115032	9.5669689600881824
0.0000453957691190	10.5395194813259288
0.0000498608377952	11.4946102070711653
0.0000500477551278	11.5226452263739532
0.0000500477551278	11.5226452263739532
0.0000545739788493	11.3799038191116075
0.0000591170109433	11.2135975022154692
0.0000636741394825	11.0242767432770759
0.0000682483267025	10.8120833741451783
0.0000728426645149	10.5771504206041698
0.0000774605890953	10.3195894656932179
0.0000821081371583	10.0393547001993628
0.0000867306728959	9.7404188414284061
0.0000913710115108	9.4207842511706428
0.0000960329101032	9.0807259471447690
0.0001000658818649	8.7788078888950398
0.0001000658818649	8.7876867967839267
0.0001047198466956	9.5329798529015690
0.0001093587053023	10.2577942570305822
0.0001139868721543	10.9608236107586947
0.0001185828356320	11.6376603629597515
0.0001232278079696	12.2987413064427358
0.0001278719297477	12.9353518261319138
0.0001325120579263	13.5458420607408776
0.0001371487326183	14.1291480836247256
0.0001417854877574	14.6846118305693238
0.0001464279360532	15.2117887541000112
0.0001500257137417	15.6085339222171378
0.0001500257137417	15.5936187786311518
0.0001547200722243	14.9443826531750759
0.0001593147773863	14.2787217346586743
0.0001641507922769	13.5487794650719504
0.0001689122249985	12.8025794862106252
0.0001737099178265	12.0249289402038730
0.0001785540029288	11.2154564995102728
0.0001834584385432	10.3730746445692965
0.0001884434308184	9.4955090332347378
0.0001935398554400	8.5784349662409092
0.0001988237987782	7.6090753992290185
0.0002000334566407	7.3854028592337180
0.0002000334566407	7.3928883620929584
0.0002050575911148	7.6594297767655695
0.0002101714969098	7.9155493474475405
0.0002153702015968	8.1602139064998145
0.0002207380645094	8.3965061638537168
0.0002258762884608	8.6064787978623425
0.0002309755395367	8.7979195096442240
0.0002360919118755	8.9719885544881546
0.0002412586520068	9.1299146876974842
0.0002461279244013	9.2611630897877610
0.0002500164097373	9.3592456158540482
0.0002500164097373	9.3499824352903236
0.0002551720535553	8.2179786728086341
0.0002600392799241	7.1322566494880926
0.0002660688172533	5.7713184563412536
0.0002720739101864	4.4031141923338817
0.0002799227795161	2.6040094053899083
0.0002906746073808	0.1373760823335154
0.0002912671784996	0.0020222011741452
0.0002912791900220	0.0002790038446266
0.0002912791900220	-0.0002167584399523
0.0002926137321853	0.0012793412932353
0.0002926150688061	0.0022804386810833
0.0002926168593738	-0.0002147784433229
0.0003000699052852	0.0000499156948212
0.0003030290657160	0.0434058862461699
0.0003059882269049	0.0887618682388883
0.0003089473885321	0.1361178573929553
0.0003119065505977	0.1854738540053937
0.0003152415656248	0.2432257326336600
0.0003184030781914	0.2995995696293365
0.0003215645912591	0.3579734160346842
0.0003247261048299	0.4183472722071387
0.0003278876188916	0.4807211382254465
0.0003321887215794	0.5679385332792024
0.0003356262551787	0.6396983063406244
0.0003390637893754	0.7134580923886376
0.0003425013241619	0.7892178916101910
0.0003477994462369	0.9085244146890120
0.0003500055573429	0.9590461868339394
0.0003500055573429	0.9579461868339498
0.0003538238770263	0.1309744055963192
0.0003544201026147	0.0020243823329398
0.0003544326803453	0.0003046198702698
0.0003544326803453	-0.0001924697841326
0.0003591042191462	0.0013059013346593
0.0003591055548023	0.0023065055478089
0.0003591073448064	-0.0001902830897664
0.0004000309809747	0.0000895555727647
0.0004031441731648	0.1052951044506051
0.0004062573661990	0.2125006822043997
0.0004093705597171	0.3217062770934424
0.0004134229217787	0.4661579996896476
0.0004168813402955	0.5913939834361039
0.0004203397594140	0.7186299894914779
0.0004255263552605	0.9119457023666300
0.0004294858094625	1.0616411707829199
0.0004351869206946	1.2795583629283047
0.0004405922825360	1.4884823713862998
0.0004500097182343	1.8551739515096111
0.0004500097182343	1.8532188775581981
0.0004592194162328	0.0067951325091762
0.0004592566304404	0.0003392747713793
0.0004592566304404	-0.0001606877107767
0.0004662539411071	0.0013416231239987
0.0004662552740885	0.0023424906735988
0.0004662570631115	-0.0001570372426256
0.0005000207410826	0.0001201027997397
0.0005031873853952	0.1538032338805547
0.0005078720379336	0.3836374986444549
0.0005112525057426	0.5518509706968120
0.0005162803343032	0.8045251108921690
0.0005201935291971	1.0033546181890640
0.0005271863130582	1.3610991217974151
0.0005370872516224	1.8718374336442549
0.0005474376924458	2.4105283344125121
0.0005500093896953	2.5427928676717357
0.0005500093896953	2.5404145038705970
0.0005634431939950	-0.0005011038899457
0.0005634453188089	0.0000985866354726
0.0005634453188089	-0.0001367948248812
0.0005668941222561	0.0010994927143652
0.0005668957404920	0.0021005577877995
0.0005668976323719	-0.0001345718388322
0.0006000169650570	-0.0000012762982453
0.0006032960742133	0.1942910828430845
0.0006068155514226	0.4042329306080680
0.0006103350292496	0.6161748157449162
0.0006158724813626	0.9522118728601803
0.0006212390097171	1.2801940479012546
0.0006287367663139	1.7405475782423108
0.0006427355949973	2.6039832328159402
0.0006500020663071	3.0469062769552022
0.0006500020663071	3.0446451167664823
0.0006568763532865	1.8042909482551699
0.0006655427598109	0.2377570252751327
0.0006668528502086	0.0021050251178300
0.0006668679726909	0.0003860868230298
0.0006668679726909	-0.0001195856769957
0.0006701003135199	0.0013868778720233
0.0006701016414573	0.0023877236071017
0.0006701034284382	-0.0001175204699624
0.0007000150124992	0.0001600572552907
0.0007033519587758	0.2234432474057788
0.0007082361963640	0.5527231468575597
0.0007124977008147	0.8424860720673445
0.0007170045594896	1.1504192210267445
0.0007289250827515	1.9682731162273233
0.0007383879773886	2.6208674026661973
0.0007447196066398	3.0506343324720349
0.0007500032910719	3.4072973779197842
0.0007500032910719	3.4045033066327477
0.0007568192125208	2.2182673560337030
0.0007695067675543	0.0026405603679659
0.0007695254083762	0.0004001663323049
0.0007695254083762	-0.0001076630516749
0.0007715743617659	0.0014005826928568
0.0007715756877998	0.0024014387288679
0.0007715774740144	-0.0001059551820493
0.0008000138959215	0.0001719518362122
0.0008034061555630	0.2452967146482490
0.0008083728700300	0.6066557525105464
0.0008131100044256	0.9538657513143283
0.0008181863865220	1.3274112522708539
0.0008371213857082	2.7256131083908581
0.0008430960989691	3.1604055397857476
0.0008489921641088	3.5843136354885052
0.0008500145754822	3.6573405277545703
0.0008500145754822	3.6537291410113539
0.0008568108891425	2.5014839959199002
0.0008626988577873	1.4975725295833484
0.0008684183087542	0.5210849849594319
0.0008714715603801	0.0024630722984005
0.0008714895503213	0.0004100494222032
0.0008714895503213	-0.0000994112600094
0.0008735700990415	0.0014104627426355
0.0008735714236505	0.0024113007868795
0.0008735732092817	-0.0000977322169437
0.0009000132241505	0.0001801699317513
0.0009034464778983	0.2608050300275159
0.0009084078167372	0.6398748365238297
0.0009133845082605	1.0226173210246303
0.0009195822567063	1.5008018672748400
0.0009328900455895	2.5318523828643245
0.0009399702478218	3.0734699282292484
0.0009462842419777	3.5505114088343812
0.0009500099104922	3.8296774460606828
0.0009500099104922	3.8263060006890872
0.0009541023161094	3.1435931832854616
0.0009630566679901	1.6426475108312022
0.0009699186880770	0.4905232103378651
0.0009728400002099	0.0024508036992372
0.0009728581900843	0.0004171439625122
0.0009728581900843	-0.0000935496428417
0.0010000084426977	0.0014257488081060
0.0010035157808327	0.2760907622409621
0.0010073718910524	0.5801680923007619
0.0010116049006503	0.9155956428709476
0.0010190613939941	1.5087062878709654
0.0010322001055820	2.5578340970687146
0.0010393441616920	3.1209028444512787
0.0010457609450590	3.6202282808672028
0.0010500078916107	3.9477731562681981
0.0010500078916107	3.9443803728627280
0.0010564315301385	2.8877706232901295
0.0010619547460288	1.9729900975327592
0.0010726715948154	0.1950337538548622
0.0010738407499197	0.0020918633521402
0.0010738569384261	0.0004215984050283
0.0010738569384261	-0.0000898925813632
0.0010802805775260	0.0014233249792385
0.0010802819004037	0.0024240547463388
0.0010802836852937	-0.0000870623403946
0.0011000125454356	0.0001895057211528
0.0011035010750460	0.2792656814750260
0.0011081906628132	0.6567686654835835
0.0011129874911343	1.0450260278652255
0.0011196302272937	1.5840245017223833
0.0011310740295225	2.5163756117653993
0.0011381931667260	3.0890281664901531
0.0011445405249209	3.5933610629295250
0.0011500028727730	4.0236764235460587
0.0011500028727730	4.0204132778437298
0.0011557851552768	3.0761425110480500
0.0011630514625238	1.8809870254757379
0.0011726783525746	0.2953129861372391
0.0011744655382094	0.0024967598517487
0.0011744843031925	0.0004246154976770
0.0011744843031925	-0.0000874292080557
0.0011813720809690	0.0014264800336043
0.0011813734033668	0.0024271995992371
0.0011813751880583	-0.0000844760370623
0.0012000123762690	0.0001919942008788
0.0012035147471660	0.2841875780356185
0.0012081974422871	0.6662287269170891
0.0012130681256841	1.0656956854434225
0.0012203394512266	1.6634416084520818
0.0012305422282786	2.5058131075471040
0.0012376553740380	3.0855187471242940
0.0012440026242167	3.5965420180038841
0.0012500000041796	4.0752830807846374
0.0012500000041796	4.0720651798293961
0.0012557967419845	3.1307004783482073
0.0012629094285733	1.9669425632279594
0.0012738115541495	0.1806581837502911
0.0012749072420554	0.0020786280856862
0.0012749235210026	0.0004265889774824
0.0012749235210026	-0.0000858206601309
0.0012810030220143	0.0014281814693548
0.0012810043440903	0.0024289071538414
0.0012810061286534	-0.0000831300136223
0.0013000122669123	0.0001936350189037
0.0013035219376836	0.2873070468739905
0.0013082658685383	0.6777424650907593
0.0013132991892943	1.0941178850714952
0.0013215941187071	1.7818626241285027
0.0013301257855896	2.4927442054047981
0.0013372401224058	3.0775639015695626
0.0013435867665288	3.5930194469805827
0.0013495794324054	4.0723921198757989
0.0013500168565606	4.1029855830614101
0.0013500168565606	4.1029855830614101
0.0013558379830090	3.1611332373491692
0.0013628707886459	2.0144031502449726
0.0013745886799419	0.1010994902870710
0.0013751986659953	0.0020241152490613
0.0013752146542867	0.0004278912957132
0.0013752146542867	-0.0000847620279253
0.0013811201993650	0.0014294220884367
0.0013811215212281	0.0024301479187743
0.0013811233057048	-0.0000821326841690
0.0014000121965598	0.0001947101808912
0.0014035272937719	0.2894031680378443
0.0014082901522683	0.6836275189656849
0.0014133966314429	1.1084205726283305
0.0014223042273249	1.8510572877502807
0.0014299458450446	2.4915736025549702
0.0014370454001314	3.0783894298911116
0.0014433833254778	3.5959916604887141
0.0014493676416740	4.0773747536191935
0.0014500167623903	4.1250296745213610
0.0014500167623903	4.1250296745213610
0.0014558523349764	3.1831324210890757
0.0014628324330157	2.0475758247649645
0.0014751169498455	0.0463086609164983
0.0014753903374944	0.0020048005650427
0.0014754062354075	0.0004287419614727
0.0014754062354075	-0.0000840714928231
0.0014811528303175	0.0014302181706550
0.0014811541520403	0.0024309447824692
0.0014811559364603	-0.0000814954343798
0.0015000121510196	0.0001954131837351
0.0015035307305109	0.2907706375893360
0.0015083086332391	0.6877025936607456
0.0015134686877804	1.1185147983749002
0.0015228499815418	1.9034636637335223
0.0015298435144925	2.4919896705072673
0.0015369307674328	3.0798727616151789
0.0015432610623394	3.5987035914495502
0.0015492386933960	4.0812853223007792
0.0015500166862912	4.1435512806843002
0.0015500166862912	4.1394321613203973
0.0015558631270454	3.1972833807202812
0.0015628110606211	2.0686347387536146
0.0015754677132691	0.0098044433016442
0.0015755318287839	0.0004293810542793
0.0015755318287839	-0.0000836206795989
0.0015811976878149	0.0014308291472006
0.0015811990093733	0.0024315559534395
0.0015812007937265	-0.0000810723067326
0.0016000121215212	0.0001959179692189
0.0016035330181803	0.2916671260943278
0.0016083193846665	0.6902574346777424
0.0016135123766919	1.1248446335368338
0.0016323148938846	2.7038625939858405
0.0016388360696663	3.2441722231593024
0.0016448277161562	3.7344193245905526
0.0016500032400945	4.1544163488029930
0.0016500032400945	4.1510018265026236
0.0016558631907042	3.2076905847365635
0.0016627897544750	2.0836186351371544
0.0016755919299183	0.0030591056298325
0.0016756143803907	0.0004296693598851
0.0016756143803907	-0.0000833230547314
0.0016812789437143	0.0014311155427245
0.0016812802652810	0.0024318418134865
0.0016812820496374	-0.0000807774096634
0.0017000121022199	0.0001961760918529
0.0017035346145713	0.2922641134858396
0.0017083235531755	0.6916968851842648
0.0017135328663142	1.1283254543156245
0.0017321721733948	2.6960841863670595
0.0017387178726603	3.2393240444762892
0.0017447221554838	3.7314265021402466
0.0017500027257851	4.1606564609203476
0.0017500027257851	4.1572541643769814
0.0017558666760983	3.2139451762932656
0.0017627798409566	2.0927623949516203
0.0017756463130292	0.0030023283720593
0.0017756684240085	0.0004299068276013
0.0017756684240085	-0.0000831304108787
0.0017812879965707	0.0014313377089398
0.0017812893180982	0.0024320642339995
0.0017812911024387	-0.0000805996500995
0.0018000120896793	0.0001963723224384
0.0018035355786157	0.2926471308240534
0.0018083287525709	0.6928425188586835
0.0018135534667535	1.1312034045858774
0.0018320646644211	2.6897799335635022
0.0018386291351063	3.2351754688243388
0.0018446432070087	3.7286280443937239
0.0018500023359524	4.1647222831762276
0.0018500023359524	4.1613296493706029
0.0018558696652710	3.2178985945701837
0.0018627745931860	2.0985153530098661
0.0018756817348562	0.0029641324264539
0.0018757036169700	0.0004300615142855
0.0018757036169700	-0.0000830049534541
0.0018813044848717	0.0014314858185203
0.0018813058063736	0.0024322123608803
0.0018813075907038	-0.0000804807224047
0.0019000120815368	0.0001964998741739
0.0019035362238905	0.2928975624749618
0.0019083315374031	0.6935376828859984
0.0019135651615852	1.1329333527654255
0.0019319987474059	2.6860034542695184
0.0019385743903798	3.2327133057395177
0.0019445943294097	3.7270006598146503
0.0019500020913933	4.1673638416713690
0.0019500020913933	4.1639771041934308
0.0019558714632525	3.2204915028476973
0.0019627710198139	2.1022802450567020
0.0019757047695258	0.0029394347549131
0.0019757265035806	0.0004301619897265
0.0019757265035806	-0.0000829234778630
0.0019813131513008	0.0014315813661268
0.0019813144727861	0.0024323079503157
0.0019813162571096	-0.0000804040976178
0.0020000120762587	0.0001965827715591
0.0020035366398868	0.2930600909956790
0.0020083334642053	0.6939994229905286
0.0020135731149643	1.1340879594164603
0.0020319553090706	2.6834950959218560
0.0020385382714248	3.2310651633565333
0.0020445620720790	3.7258999769734205
0.0020500019288651	4.1690808770230401
0.0020500019288651	4.1656980579460479
0.0020558726719171	3.2221701222462249
0.0020627687805611	2.1047132601726193
0.0020757197451467	0.0029232969280580
0.0020757413823997	0.0004302272910576
0.0020757413823997	-0.0000828705307434
0.0020813193738644	0.0014316436528815
0.0020813206953389	0.0024323702562909
0.0020813224796579	-0.0000803541271646
0.0021000120728364	0.0001966366319466
0.0021035369112499	0.2931657812884446
0.0021083346834203	0.6942967422663521
0.0021135781926450	1.1348308618868450
0.0021319273406650	2.6818849345973996
0.0021385149744848	3.2300070027475205
0.0021445412472239	3.7251944644368629
0.0021500018234086	4.1701963983421910
0.0021500018234086	4.1668161058116659
0.0021558734514662	3.2232616447796181
0.0021627673266919	2.1062937197702176
0.0021757294770905	0.0029128064786882
0.0021757510513987	0.0004302697120105
0.0021757510513987	-0.0000828361377947
0.0021813233403578	0.0014316840909858
0.0021813246618253	0.0024324107081689
0.0021813264461415	-0.0000803216904686
0.0022000120706029	0.0001966716215936
0.0022035370874299	0.2932344392365314
0.0022083354799828	0.6944902973170550
0.0022135815067657	1.1353148988869768
0.0022319091653125	2.6808377001978476
0.0022384998227309	3.2293175684026862
0.0022445276986531	3.7247339809303326
0.0022500017545873	4.1709210969265662
0.0022500017545873	4.1675424500615916
0.0022558739605592	3.2239702989161545
0.0022627663902800	2.1073190772814505
0.0022757358002322	0.0029059823994629
0.0022757573335854	0.0004302972691575
0.0022757573335854	-0.0000828137967804
0.0022813259574198	0.0014317103728497
0.0022813272788827	0.0024324369983842
0.0022813290631971	-0.0000803006082239
0.0023000120691545	0.0001966943499664
0.0023035372019504	0.2932790452483289
0.0023083359952523	0.6946158546401772
0.0023135836541851	1.1356289159976682
0.0023318973817651	2.6801590406263416
0.0023384899931761	3.2288705231042401
0.0023445189064896	3.7244353428012107
0.0023500017098346	4.1713918362137816
0.0023500017098346	4.1680142573643515
0.0023558742912438	3.2244306160722487
0.0023627657837128	2.1079848183978318
0.0023757399079300	0.0029015473599063
0.0023757614146626	0.0004303151685903
0.0023757614146626	-0.0000827992858170
0.0023813276581238	0.0014317274441274
0.0023813289795838	0.0024324540749794
0.0023813307638969	-0.0000802869146374
0.0024000120682211	0.0001967091127763
0.0024035372763437	0.2933080192449830
0.0024083363299506	0.6946974133040742
0.0024135850494181	1.1358329356243404
0.0024318897319029	2.6797184317262972
0.0024384836094417	3.2285801197775790
0.0024445131955167	3.7242412588714728
0.0024500016807271	4.1716975968657257
0.0024500016807271	4.1683207119448342
0.0024558745062844	3.2247295644273457
0.0024627653908265	2.1084170497826360
0.0024757425761704	0.0028986653739464
0.0024757640656027	0.0004303267946736
0.0024757640656027	-0.0000827898608651
0.0024813287667348	0.0014317385335668
0.0024813300881928	0.0024324651682458
0.0024813318725052	-0.0000802780194007
0.0025000120676182	0.0001967187017063
0.0025035373246789	0.2933268394195344
0.0025083365471335	0.6947503705407153
0.0025135859552119	1.1359654210625574
0.0025318847662089	2.6794324460759928
0.0025384794645746	3.2283915730230488
0.0025445094869945	3.7241152249874983
0.0025500016618094	4.1718961900326770
0.0025500016618094	4.1685197557727438
0.0025558746460031	3.2249237245667999
0.0025627651360200	2.1086977213727978
0.0025757443092761	0.0028967930171156
0.0025757657874683	0.0004303343457965
0.0025757657874683	-0.0000827837394742
0.0025813294876249	0.0014317457364055
0.0025813308090817	0.0024324723731162
0.0025813325933936	-0.0000802722418035
0.0026000120672074	0.0001967249290148
0.0026035373560536	0.2933390631298880
0.0026083366881335	0.6947847632803907
0.0026135865434506	1.1360514688936520
0.0026318815419292	2.6792467547891166
0.0026384767728199	3.2282691210642578
0.0026445070784505	3.7240333605986886
0.0026500016495161	4.1720251758842268
0.0026500016495161	4.1686490343388733
0.0026558747367851	3.2250498249788255
0.0026627649707082	2.1088799847640201
0.0026757454349476	0.0028955767100130
0.0026757669058378	0.0004303392500730
0.0026757669058378	-0.0000827797637803
0.0026813299563876	0.0014317504146408
0.0026813312778436	0.0024324770528348
0.0026813330621551	-0.0000802684892347
0.0027000120669615	0.0001967289739466
0.0027035373764544	0.2933470024410170
0.0027083367797012	0.6948070984394042
0.0027135869254628	1.1361073518327161
0.0027318794483172	2.6791261818445240
0.0027384750247922	3.2281895986863480
0.0027445055142642	3.7239801916171635
0.0027500016415297	4.1721089475390576
0.0027500016415297	4.1687329961033601
0.0027558747957540	3.2251317212245381
0.0027627648634014	2.1089983486244188
0.0027757461660480	0.0028947866796973
0.0027757676321952	0.0004303424352991
0.0027757676321952	-0.0000827771816748
0.0027813302610031	0.0014317534531193
0.0027813315824586	0.0024324800925271
0.0027813333667699	-0.0000802660519901
0.0028000120667908	0.0001967316010703
0.0028035373896962	0.2933521590850928
0.0028083368391480	0.6948216035916667
0.0028135871735455	1.1361436459034175
0.0028318780887615	2.6790478857697355
0.0028384738896004	3.2281379574215165
0.0028445044984159	3.7239456617896174
0.0028500016363417	4.1721633559603060
0.0028500016363417	4.1687875279927367
0.0028558748340608	3.2251849102638079
0.0028627647937450	2.1090752174946306
0.0028757466408890	0.0028942735243039
0.0028757681039553	0.0004303445039374
0.0028757681039553	-0.0000827755046850
0.0028813304589638	0.0014317554264884
0.0028813317804189	0.0024324820664752
0.0028813335647301	-0.0000802644690483
0.0029000120666846	0.0001967333071577
0.0029035373982974	0.2933555078697525
0.0029083368777586	0.6948310240284448
0.0029135873346817	1.1361672188148586
0.0029318772058370	2.6789970381322519
0.0029384731523312	3.2281044163042942
0.0029445038386486	3.7239232335120782
0.0029500016329718	4.1721986920074237
0.0029500016329718	4.1688229442323887
0.0029558748589403	3.2252194542338857
0.0029627647485210	2.1091251381950151
0.0029757469492820	0.0028939402417009
0.0029757684103474	0.0004303458474793
0.0029757684103474	-0.0000827744155394
0.0029813305875457	0.0014317567081578
0.0029813319090006	0.0024324833483593
0.0029813336933117	-0.0000802634409790
0.0030000120666097	0.0001967344149995
0.0030035374038793	0.2933576829220068
0.0030083369028320	0.6948371425503622
0.0030135874392974	1.1361825261310303
0.0030318766324695	2.6789640192744386
0.0030384726735243	3.2280826343825137
0.0030445034101816	3.7239086694264607
0.0030500016307830	4.1722216419849181
0.0030500016307830	4.1688459462880880
0.0030558748751001	3.2252418895531867
0.0030627647191542	2.1091575595786591
0.0030757471495760	0.0028937237658816
0.0030757686093417	0.0004303467200545
0.0030757686093417	-0.0000827737081844
0.0030813306710862	0.0014317575405621
0.0030813319925410	0.0024324841810573
0.0030813337768520	-0.0000802627732821
0.0031000120665579	0.0001967351345967
0.0031035374074983	0.2933590952736100
0.0031083369191100	0.6948411160277074
0.0031135875072649	1.1361924699054105
0.0031318762600562	2.6789425718971813
0.0031384723625468	3.2280684868718010
0.0031445031318844	3.7238992085498883
0.0031500016293613	4.1722365472666132
0.0031500016293613	4.1688608853967573
0.0031558748855925	3.2252564609921039
0.0031627647000833	2.1091786158129460
0.0031757472796599	0.0028935831776842
0.0031757687385815	0.0004303472867256
0.0031757687385815	-0.0000827732487916
0.0031813307253559	0.0014317580811483
0.0031813320468106	0.0024324847217622
0.0031813338311216	-0.0000802623396416
0.0032000120665305	0.0001967356019414
0.0032035374098617	0.2933600131005182
0.0032083369296831	0.6948436962165707
0.0032135875513755	1.1361989248105078
0.0032318760182864	2.6789286501658394
0.0032384721606471	3.2280593035712473
0.0032445029511988	3.7238930681060793
0.0032500016284382	4.1722462270439333
0.0032500016284382	4.1688705871347143
0.0032558748924091	3.2252659236271284
0.0032627646876956	2.1091922907362743
0.0032757473641409	0.0028934918690078
0.0032757688225144	0.0004303476548038
0.0032757688225144	-0.0000827729504331
0.0032813307605713	0.0014317584322657
0.0032813320820259	0.0024324850731658
0.0032813338663369	-0.0000802620580169
0.0033000120665104	0.0001967359055847
0.0033035374113941	0.2933606091705651
0.0033083369365464	0.6948453718369986
0.0033135875800288	1.1362031176589302
0.0033318758612181	2.6789196046493031
0.0033384720294850	3.2280533365284123
0.0033445028338109	3.7238890770407345
0.0033500016278385	4.1722525138944189
0.0033500016278385	4.1688768882542107
0.0033558748968376	3.2252720692045984
0.0033627646796556	2.1092011713803149
0.0033757474190093	0.0028934325668748
0.0033757688770266	0.0004303478938399
0.0033757688770266	-0.0000827727566615
0.0033813307834919	0.0014317586603195
0.0033813321049465	0.0024324853012196
0.0033813338892575	-0.0000802618750979
0.0034000120665091	0.0001967361028648
0.0034035374123938	0.2933609956960275
0.0034083369410283	0.6948464611783177
0.0034135875986757	1.1362058429549529
0.0034318757591970	2.6789137280353517
0.0034384719442806	3.2280494586012298
0.0034445027575751	3.7238864843393831
0.0034500016274490	4.1722565960898903
0.0034500016274490	4.1688809797173088
0.0034558748997138	3.2252760596700814
0.0034627646744343	2.1092069381403453
0.0034757474546396	0.0028933940538227
0.0034757689124257	0.0004303480491131
0.0034757689124257	-0.0000827726308043
0.0034813307983133	0.0014317588084247
0.0034813321197679	0.0024324854492869
0.0034813339040788	-0.0000802617563081
0.0035000120664957	0.0001967362308091
0.0035035374130387	0.2933612474216110
0.0035083369439111	0.6948471673918210
0.0035135876107517	1.1362076111395607
0.0035318756929389	2.6789099125985936
0.0035384718889587	3.2280469424487706
0.0035445027080661	3.7238848019091417
0.0035500016271960	4.1722592484910219
0.0035500016271960	4.1688836381356289
0.0035558749015824	3.2252786524001769
0.0035627646710435	2.1092106845535343
0.0035757474777870	0.0028933690551351
0.0035757689354231	0.0004303481499848
0.0035757689354231	-0.0000827725490682
0.0035813308079879	0.0014317589046612
0.0035813321294424	0.0024324855456986
0.0035813339137534	-0.0000802616791489
0.0036000120664845	0.0001967363139629
0.0036035374134515	0.2933614106025584
0.0036083369457887	0.6948476266825308
0.0036135876185908	1.1362087593628123
0.0036318756499179	2.6789074356680271
0.0036384718530354	3.2280453088988290
0.0036445026759032	3.7238837085993737
0.0036500016270317	4.1722609711796359
0.0036500016270317	4.1688853647336126
0.0036558749027947	3.2252803365121205
0.0036627646688374	2.1092131183639578
0.0036757474928203	0.0028933528024829
0.0036757689503588	0.0004303482154090
0.0036757689503588	-0.0000827724959908
0.0036813308142571	0.0014317589670681
0.0036813321357116	0.0024324856081660
0.0036813339200225	-0.0000802616290484
0.0037000120664908	0.0001967363681373
0.0037035374137287	0.2933615162127039
0.0037083369470241	0.6948479251759059
0.0037135876237212	1.1362095072385119
0.0037318756219547	2.6789058239253052
0.0037384718296871	3.2280442453599676
0.0037445026550230	3.7238829980603194
0.0037500016269250	4.1722620888544855
0.0037500016269250	4.1688864849472793
0.0037558749035782	3.2252814297612908
0.0037627646673973	2.1092146990836258
0.0037757475025774	0.0028933422506867
0.0037757689600525	0.0004303482579317
0.0037757689600525	-0.0000827724615108
0.0037813308183255	0.0014317590076373
0.0037813321397800	0.0024324856486794
0.0037813339240910	-0.0000802615965004
0.0038000120664833	0.0001967364031046
0.0038035374139013	0.2933615851564634
0.0038083369478167	0.6948481192023773
0.0038135876270247	1.1362099915545250
0.0038318756038285	2.6789047811507238
0.0038384718145484	3.2280435578031956
0.0038445026414652	3.7238825379414728
0.0038500016268558	4.1722628158385504
0.0038500016268558	4.1688872135784862
0.0038558749040945	3.2252821396953690
0.0038627646664783	2.1092157241772562
0.0038757475089208	0.0028933353923741
0.0038757689663547	0.0004303482855684
0.0038757689663547	-0.0000827724391209
0.0038813308209841	0.0014317590340058
0.0038813321424386	0.0024324856748687
0.0038813339267495	-0.0000802615753626
0.0039000120664923	0.0001967364259425
0.0039035374140251	0.2933616297478363
0.0039083369483405	0.6948482448105319
0.0039135876291890	1.1362103065191811
0.0039318755920296	2.6789041004775069
0.0039384718046972	3.2280431084854095
0.0039445026326493	3.7238822370655229
0.0039500016268107	4.1722632868215248
0.0039500016268107	4.1688876856342176
0.0039558749044233	3.2252826006675814
0.0039627646658686	2.1092163908710320
0.0039757475130339	0.0028933309463505
0.0039757689704412	0.0004303483036065
0.0039757689704412	-0.0000827724245705
0.0039813308226804	0.0014317590512144
0.0039813321441348	0.0024324856920728
0.0039813339284458	-0.0000802615616326
0.0040000120664794	0.0001967364405370
0.0040035374140887	0.2933616588811963
0.0040083369486616	0.6948483263830956
0.0040135876305757	1.1362105110976024
0.0040318755843696	2.6789036603159340
0.0040384717982894	3.2280428175073941
0.0040445026269197	3.7238820429700032
0.0040500016269802	4.1722636105455937
0.0040500016269802	4.1688880100701402
0.0040558749048672	3.2252829125135762
0.0040627646656953	2.1092168370975961
0.0040757475160037	0.0028933279561535
0.0040757689733930	0.0004303483149375
0.0040757689733930	-0.0000827724152754
0.0040813308242800	0.0014317590620672
0.0040813321457345	0.0024324857028949
0.0040813339300455	-0.0000802615528100
0.0041000120668784	0.0001967364499641
0.0041035374145355	0.2933616774310927
0.0041083369492736	0.6948483785280787
0.0041135876318450	1.1362106398900946
0.0041318755798905	2.6789033799651381
0.0041384717946190	3.2280426332304919
0.0041445026236816	3.7238819205400788
0.0041500016269637	4.1722637743577184
0.0041500016269637	4.1688881742909407
0.0041558749049515	3.2252830814601419
0.0041627646654113	2.1092170889747095
0.0041757475175380	0.0028933263220962
0.0041757689749175	0.0004303483227971
0.0041757689749175	-0.0000827724089372
0.0041813308244317	0.0014317590694614
0.0041813321458861	0.0024324857106003
0.0041813339301971	-0.0000802615469270
0.0042000120668742	0.0001967364566732
0.0042035374145633	0.2933616901670790
0.0042083369494599	0.6948484182072193
0.0042135876325639	1.1362107391403899
0.0042318755763098	2.6789031690721021
0.0042384717916374	3.2280424922579760
0.0042445026210086	3.7238818232938140
0.0042500016269501	4.1722639104025045
0.0042500016269501	4.1688883106663903
0.0042558749050612	3.2252832121149573
0.0042627646652549	2.1092172781264336
0.0042757475187238	0.0028933250147344
0.0042757689760955	0.0004303483278974
0.0042757689760955	-0.0000827724047562
0.0042813308250716	0.0014317590743680
0.0042813321465261	0.0024324857155569
0.0042813339308371	-0.0000802615429378
0.0043000120668822	0.0001967364609521
0.0043035374145951	0.2933616986936897
0.0043083369495481	0.6948484403218379
0.0043135876329543	1.1362107962577119
0.0043318755741626	2.6789030460986205
0.0043384717898429	3.2280424115200406
0.0043445026194025	3.7238817698243318
0.0043500016269419	4.1722639977642464
0.0043500016269419	4.1688883982222729
0.0043558749051205	3.2252832979743098
0.0043627646651420	2.1092174019248624
0.0043757475194886	0.0028933241885932
0.0043757689768553	0.0004303483312450
0.0043757689768553	-0.0000827724020366
0.0043813308253421	0.0014317590775438
0.0043813321467965	0.0024324857183202
0.0043813339311075	-0.0000802615403842
0.0044000120668790	0.0001967364634369
0.0044035374146047	0.2933617040150641
0.0044083369496116	0.6948484559299870
0.0044135876332225	1.1362108353315781
0.0044318755726941	2.6789029608415746
0.0044384717886154	3.2280423547609329
0.0044445026183017	3.7238817312052399
0.0044500016269363	4.1722640553658339
0.0044500016269363	4.1688884559587880
0.0044558749051602	3.2252833543630941
0.0044627646650659	2.1092174835991186
0.0044757475199904	0.0028933236487762
0.0044757689773539	0.0004303483335619
0.0044757689773539	-0.0000827724002711
0.0044813308255771	0.0014317590797744
0.0044813321470316	0.0024324857208406
0.0044813339313425	-0.0000802615387100
0.0045000120668812	0.0001967364656255
0.0045035374146164	0.2933617075724556
0.0045083369496524	0.6948484656719593
0.0045135876333907	1.1362108598358267
0.0045318755717672	2.6789029073420974
0.0045384717878509	3.2280423202337216
0.0045445026176220	3.7238817086355360
0.0045500016269328	4.1722640923895522
0.0045500016269328	4.1688884930645695
0.0045558749051870	3.2252833904811040
0.0045627646650222	2.1092175353608216
0.0045757475203142	0.0028933233006742
0.0045757689776756	0.0004303483349400
0.0045757689776756	-0.0000827723991230
0.0045813308257059	0.0014317590810837
0.0045813321471604	0.0024324857219992
0.0045813339314713	-0.0000802615376280
0.0046000120668744	0.0001967364665172
0.0046035374146144	0.2933617097647567
0.0046083369496733	0.6948484722127102
0.0046135876334955	1.1362108760696057
0.0046318755711581	2.6789028726733730
0.0046384717873329	3.2280422966952682
0.0046445026171582	3.7238816928022858
0.0046500016269304	4.1722641170905339
0.0046500016269304	4.1688885178219541
0.0046558749052017	3.2252834149866629
0.0046627646649832	2.1092175713048009
0.0046757475205279	0.0028933230679197
0.0046757689778879	0.0004303483357410
0.0046757689778879	-0.0000827723983834
0.0046813308257957	0.0014317590818413
0.0046813321472502	0.0024324857227166
0.0046813339315612	-0.0000802615369304
0.0047000120668668	0.0001967364670620
0.0047035374146116	0.2933617113132252
0.0047083369496853	0.6948484765551022
0.0047135876335434	1.1362108851178883
0.0047318755707739	2.6789028512505064
0.0047384717870132	3.2280422828952049
0.0047445026168758	3.7238816841405087
0.0047500016269289	4.1722641331814270
0.0047500016269289	4.1688885339463368
0.0047558749052186	3.2252834297540667
0.0047627646649721	2.1092175923527750
0.0047757475206664	0.0028933229291451
0.0047757689780256	0.0004303483364085
0.0047757689780256	-0.0000827723979112
0.0047813308258469	0.0014317590824749
0.0047813321473014	0.0024324857232227
0.0047813339316124	-0.0000802615364880
0.0048000120668847	0.0001967364678763
0.0048035374146311	0.2933617121918664
0.0048083369497163	0.6948484794105572
0.0048135876336156	1.1362108925325374
0.0048318755705442	2.6789028370794234
0.0048384717868075	3.2280422722018409
0.0048445026166846	3.7238816759972790
0.0048500016269280	4.1722641417793938
0.0048500016269280	4.1688885425691105
0.0048558749052163	3.2252834396665220
0.0048627646649517	2.1092176063862409
0.0048757475207461	0.0028933228386728
0.0048757689781047	0.0004303483368464
0.0048757689781047	-0.0000827723975887
0.0048813308258640	0.0014317590828926
0.0048813321473185	0.0024324857242206
0.0048813339316294	-0.0000802615361862
0.0049000120668967	0.0001967364686686
0.0049035374146447	0.2933617128447901
0.0049083369497346	0.6948484811638423
0.0049135876336769	1.1362108986618320
0.0049318755703482	2.6789028242288135
0.0049384717866667	3.2280422649936051
0.0049445026165648	3.7238816714614456
0.0049500016269274	4.1722641478032116
0.0049500016269274	4.1688885486080585
0.0049558749052206	3.2252834456506698
0.0049627646649407	2.1092176156750404
0.0049757475208017	0.0028933227717076
0.0049757689781599	0.0004303483370143
0.0049757689781599	-0.0000827723973649
0.0049813308259070	0.0014317590830617
0.0049813321473615	0.0024324857237679
0.0049813339316725	-0.0000802615359671
0.0050000120668832	0.0001967364683029
0.0050035374146344	0.2933617134546734
0.0050083369497196	0.6948484818553861
0.0050135876336780	1.1362109012135420
0.0050318755702339	2.6789028188280097
0.0050384717865622	3.2280422610790653
0.0050445026164738	3.7238816692770556
0.0050500016269269	4.1722641535518195
0.0050500016269269	4.1688885543667062
0.0050558749052279	3.2252834506303523
0.0050627646649396	2.1092176225127277
0.0050757475208485	0.0028933227196729
0.0050757689782064	0.0004303483372616
0.0050757689782064	-0.0000827723972304
0.0050813308259341	0.0014317590833028
0.0050813321473886	0.0024324857245898
0.0050813339316995	-0.0000802615358396
0.0051000120668780	0.0001967364687333
0.0051035374146291	0.2933617136575056
0.0051083369497197	0.6948484827723859
0.0051135876336778	1.1362109024041154
0.0051318755701746	2.6789028160881543
0.0051384717865131	3.2280422595757492
0.0051445026164286	3.7238816684476346
0.0051500016269267	4.1722641567014822
0.0051500016269267	4.1688885575213499
0.0051558749052317	3.2252834534076085
0.0051627646649340	2.1092176270974310
0.0051757475208746	0.0028933226983218
0.0051757689782324	0.0004303483373943
0.0051757689782324	-0.0000827723971504
0.0051813308259238	0.0014317590834157
0.0051813321473782	0.0024324857246715
0.0051813339316892	-0.0000802615357715
0.0052000120668847	0.0001967364688851
0.0052035374146359	0.2933617137852478
0.0052083369497275	0.6948484831678922
0.0052135876337000	1.1362109041953654
0.0052318755701109	2.6789028113057740
0.0052384717864671	3.2280422565407036
0.0052445026163802	3.7238816654621218
0.0052500016269265	4.1722641578722737
0.0052500016269265	4.1688885586991713
0.0052558749052299	3.2252834550281668
0.0052627646649332	2.1092176287755766
0.0052757475208865	0.0028933226859959
0.0052757689782442	0.0004303483374805
0.0052757689782442	-0.0000827723970928
0.0052813308259436	0.0014317590835117
0.0052813321473981	0.0024324857247451
0.0052813339317091	-0.0000802615357114
0.0053000120668869	0.0001967364690159
0.0053035374146397	0.2933617140108026
0.0053083369497285	0.6948484832804672
0.0053135876337041	1.1362109047123059
0.0053318755700801	2.6789028093598239
0.0053384717864396	3.2280422550566579
0.0053445026163569	3.7238816644983381
0.0053500016269263	4.1722641589567333
0.0053500016269263	4.1688885597866712
0.0053558749052312	3.2252834560292190
0.0053627646649339	2.1092176300138563
0.0053757475208966	0.0028933226686533
0.0053757689782542	0.0004303483373754
0.0053757689782542	-0.0000827723970521
0.0053813308259296	0.0014317590833951
0.0053813321473841	0.0024324857247263
0.0053813339316950	-0.0000802615356785
0.0054000120668787	0.0001967364688375
0.0054035374146315	0.2933617140698485
0.0054083369497251	0.6948484838311522
0.0054135876336943	1.1362109048034359
0.0054318755700748	2.6789028101427168
0.0054384717864310	3.2280422556659278
0.0054445026163542	3.7238816656806288
0.0054500016269263	4.1722641604299122
0.0054500016269263	4.1688885612589628
0.0054558749052364	3.2252834567228743
0.0054627646649360	2.1092176313003228
0.0054757475209073	0.0028933226733730
0.0054757689782649	0.0004303483375805
0.0054757689782649	-0.0000827723970332
0.0054813308259593	0.0014317590836085
0.0054813321474138	0.0024324857248159
0.0054813339317248	-0.0000802615356538
0.0055000120668787	0.0001967364689037
0.0055035374146315	0.2933617140969905
0.0055083369497255	0.6948484839233409
0.0055135876336961	1.1362109050540743
0.0055318755700521	2.6789028084636022
0.0055384717864094	3.2280422541381966
0.0055445026163332	3.7238816642598067
0.0055500016269262	4.1722641607736346
0.0055500016269262	4.1688885616059448
0.0055558749052336	3.2252834575449021
0.0055627646649334	2.1092176321278542
0.0055757475209103	0.0028933226429087
0.0055757689782678	0.0004303483375688
0.0055757689782678	-0.0000827723970223
0.0055813308259446	0.0014317590835875
0.0055813321473991	0.0024324857248115
0.0055813339317100	-0.0000802615356486
0.0056000120668847	0.0001967364689984
0.0056035374146374	0.2933617141177932
0.0056083369497305	0.6948484838937840
0.0056135876337083	1.1362109056573038
0.0056318755700595	2.6789028087711073
0.0056384717864155	3.2280422543739999
0.0056445026163381	3.7238816644333781
0.0056500016269262	4.1722641605772681
0.0056500016269262	4.1688885614089362
0.0056558749052333	3.2252834574397999
0.0056627646649305	2.1092176324859380
0.0056757475209101	0.0028933226693495
0.0056757689782677	0.0004303483374246
0.0056757689782677	-0.0000827723970094
0.0056813308259570	0.0014317590834539
0.0056813321474115	0.0024324857247785
0.0056813339317224	-0.0000802615356316
0.0057000120668750	0.0001967364688364
0.0057035374146277	0.2933617141345796
0.0057083369497221	0.6948484840367064
0.0057135876336964	1.1362109055346541
0.0057318755700538	2.6789028092564928
0.0057384717864141	3.2280422552386421
0.0057445026163321	3.7238816649385011
0.0057500016269262	4.1722641615872806
0.0057500016269262	4.1688885624190704
0.0057558749052348	3.2252834582132519
0.0057627646649317	2.1092176333031927
0.0057757475209164	0.0028933226567379
0.0057757689782740	0.0004303483374702
0.0057757689782740	-0.0000827723970094
0.0057813308259678	0.0014317590834984
0.0057813321474222	0.0024324857247941
0.0057813339317332	-0.0000802615356304
0.0058000120668675	0.0001967364686889
0.0058035374146203	0.2933617141262849
0.0058083369497114	0.6948484837503749
0.0058135876336887	1.1362109054849734
0.0058318755700356	2.6789028082862143
0.0058384717863941	3.2280422541180207
0.0058445026163268	3.7238816650199329
0.0058500016269262	4.1722641620829579
0.0058500016269262	4.1688885629148995
0.0058558749052354	3.2252834585839136
0.0058627646649333	2.1092176334922588
0.0058757475209189	0.0028933226424708
0.0058757689782763	0.0004303483375506
0.0058757689782763	-0.0000827723970183
0.0058813308259549	0.0014317590835698
0.0058813321474094	0.0024324857248082
0.0058813339317204	-0.0000802615356441
0.0059000120668809	0.0001967364689573
0.0059035374146337	0.2933617141173719
0.0059083369497276	0.6948484839558113
0.0059135876337002	1.1362109052877620
0.0059318755700549	2.6789028086828379
0.0059384717864112	3.2280422543076983
0.0059445026163470	3.7238816654511919
0.0059500016269263	4.1722641608606104
0.0059500016269263	4.1688885616905766
0.0059558749052336	3.2252834576663507
0.0059627646649287	2.1092176330411423
0.0059757475209117	0.0028933226508886
0.0059757689782692	0.0004303483374588
0.0059757689782692	-0.0000827723970122
0.0059813308259645	0.0014317590834904
0.0059813321474190	0.0024324857247907
0.0059813339317299	-0.0000802615356324
0.0060000120668683	0.0001967364687412
0.0060035374146210	0.2933617141241098
0.0060083369497134	0.6948484838543512
0.0060135876336848	1.1362109050895588
0.0060318755700441	2.6789028089130027
0.0060384717863967	3.2280422542481699
0.0060445026163258	3.7238816648463899
0.0060500016269262	4.1722641619901921
0.0060500016269262	4.1688885628224615
0.0060558749052352	3.2252834585253445
0.0060627646649332	2.1092176334201671
0.0060757475209183	0.0028933226475319
0.0060757689782758	0.0004303483374956
0.0060757689782758	-0.0000827723970182
0.0060813308259684	0.0014317590835243
0.0060813321474229	0.0024324857247968
0.0060813339317339	-0.0000802615356394
0.0061000120668772	0.0001967364689046
0.0061035374146300	0.2933617141158288
0.0061083369497235	0.6948484839241573
0.0061135876336924	1.1362109049435669
0.0061318755700513	2.6789028086844460
0.0061384717864038	3.2280422539945004
0.0061445026163410	3.7238816652546674
0.0061500016269262	4.1722641611486271
0.0061500016269262	4.1688885619792728
0.0061558749052340	3.2252834578813228
0.0061627646649258	2.1092176337742186
0.0061757475209131	0.0028933226737722
0.0061757689782707	0.0004303483376271
0.0061757689782707	-0.0000827723970155
0.0061813308259487	0.0014317590836476
0.0061813321474032	0.0024324857248368
0.0061813339317141	-0.0000802615356414
0.0062000120668787	0.0001967364688899
0.0062035374146315	0.2933617141243960
0.0062083369497256	0.6948484839972420
0.0062135876336976	1.1362109052821028
0.0062318755700589	2.6789028092724458
0.0062384717864160	3.2280422549783800
0.0062445026163450	3.7238816655571618
0.0062500016269263	4.1722641611364493
0.0062500016269263	4.1688885619665257
0.0062558749052341	3.2252834578671092
0.0062627646649346	2.1092176323824789
0.0062757475209137	0.0028933226384951
0.0062757689782711	0.0004303483375374
0.0062757689782711	-0.0000827723970109
0.0062813308259592	0.0014317590835625
0.0062813321474136	0.0024324857248135
0.0062813339317246	-0.0000802615356336
0.0063000120668668	0.0001967364686629
0.0063035374146195	0.2933617141250124
0.0063083369497130	0.6948484839413964
0.0063135876336841	1.1362109051546749
0.0063318755700431	2.6789028089568130
0.0063384717864003	3.2280422546736505
0.0063445026163335	3.7238816656090021
0.0063500016269262	4.1722641621225334
0.0063500016269262	4.1688885629533727
0.0063558749052324	3.2252834590968353
0.0063627646649259	2.1092176347146756
0.0063757475209190	0.0028933226329500
0.0063757689782764	0.0004303483375377
0.0063757689782764	-0.0000827723970193
0.0063813308259579	0.0014317590835587
0.0063813321474123	0.0024324857248044
0.0063813339317233	-0.0000802615356443
0.0064000120668772	0.0001967364688752
0.0064035374146300	0.2933617141133149
0.0064083369497234	0.6948484839077667
0.0064135876336936	1.1362109050315645
0.0064318755700500	2.6789028085581172
0.0064384717864029	3.2280422538983173
0.0064445026163386	3.7238816650245994
0.0064500016269262	4.1722641611151836
0.0064500016269262	4.1688885619463125
0.0064558749052339	3.2252834578523477
0.0064627646649306	2.1092176329652226
0.0064757475209129	0.0028933226699433
0.0064757689782705	0.0004303483374595
0.0064757689782705	-0.0000827723970166
0.0064813308259415	0.0014317590834770
0.0064813321473960	0.0024324857247764
0.0064813339317069	-0.0000802615356446
0.0065000120668832	0.0001967364689878
0.0065035374146359	0.2933617141245377
0.0065083369497307	0.6948484840482925
0.0065135876337050	1.1362109055373300
0.0065318755700708	2.6789028099137520
0.0065384717864279	3.2280422556072130
0.0065445026163433	3.7238816650762132
0.0065500016269263	4.1722641607951241
0.0065500016269263	4.1688885616257032
0.0065558749052336	3.2252834576136347
0.0065627646649237	2.1092176338244748
0.0065757475209116	0.0028933226641571
0.0065757689782692	0.0004303483374447
0.0065757689782692	-0.0000827723970073
0.0065813308259537	0.0014317590834693
0.0065813321474082	0.0024324857247833
0.0065813339317191	-0.0000802615356311
0.0066000120668660	0.0001967364686928
0.0066035374146188	0.2933617141321005
0.0066083369497099	0.6948484837609183
0.0066135876336875	1.1362109055331269
0.0066318755700211	2.6789028072399752
0.0066384717863787	3.2280422530117381
0.0066445026163145	3.7238816641993031
0.0066500016269261	4.1722641622801779
0.0066500016269261	4.1688885631140531
0.0066558749052356	3.2252834587415333
0.0066627646649294	2.1092176343149895
0.0066757475209202	0.0028933226354453
0.0066757689782776	0.0004303483375420
0.0066757689782776	-0.0000827723970169
0.0066813308259650	0.0014317590835652
0.0066813321474194	0.0024324857248098
0.0066813339317304	-0.0000802615356400
0.0067000120668832	0.0001967364689912
0.0067035374146360	0.2933617141202319
0.0067083369497298	0.6948484839645451
0.0067135876337010	1.1362109051750060
0.0067318755700516	2.6789028082518054
0.0067384717864102	3.2280422540802678
0.0067445026163466	3.7238816652741140
0.0067500016269263	4.1722641607243869
0.0067500016269263	4.1688885615545956
0.0067558749052334	3.2252834575764031
0.0067627646649287	2.1092176329242824
0.0067757475209111	0.0028933226537241
0.0067757689782686	0.0004303483375798
0.0067757689782686	-0.0000827723970094
0.0067813308259434	0.0014317590836003
0.0067813321473979	0.0024324857248243
0.0067813339317089	-0.0000802615356362
0.0068000120668824	0.0001967364689823
0.0068035374146352	0.2933617141386443
0.0068083369497302	0.6948484841050920
0.0068135876337055	1.1362109056920371
0.0068318755700613	2.6789028092893346
0.0068384717864211	3.2280422552478760
0.0068445026163355	3.7238816646567710
0.0068500016269262	4.1722641610345246
0.0068500016269262	4.1688885618662281
0.0068558749052340	3.2252834578143310
0.0068627646649332	2.1092176325451426
0.0068757475209136	0.0028933226501433
0.0068757689782711	0.0004303483375531
0.0068757689782711	-0.0000827723970024
0.0068813308259561	0.0014317590835774
0.0068813321474106	0.0024324857248233
0.0068813339317215	-0.0000802615356261
0.0069000120668675	0.0001967364687539
0.0069035374146203	0.2933617141402280
0.0069083369497135	0.6948484839552477
0.0069135876336865	1.1362109053530312
0.0069318755700406	2.6789028088167330
0.0069384717863943	3.2280422542671898
0.0069445026163248	3.7238816650090758
0.0069500016269261	4.1722641622612997
0.0069500016269261	4.1688885630936143
0.0069558749052387	3.2252834582457814
0.0069627646649370	2.1092176331048234
0.0069757475209205	0.0028933226482548
0.0069757689782779	0.0004303483374357
0.0069757689782779	-0.0000827723970125
0.0069813308259568	0.0014317590834545
0.0069813321474113	0.0024324857247731
0.0069813339317222	-0.0000802615356383
0.0070000120668832	0.0001967364689645
0.0070035374146360	0.2933617141277926
0.0070083369497293	0.6948484839384785
0.0070135876337019	1.1362109052836009
0.0070318755700553	2.6789028086198936
0.0070384717864116	3.2280422542668070
0.0070445026163421	3.7238816649931339
0.0070500016269262	4.1722641608184752
0.0070500016269262	4.1688885616492239
0.0070558749052335	3.2252834576651384
0.0070627646649250	2.1092176336361046
0.0070757475209119	0.0028933226550864
0.0070757689782694	0.0004303483376346
0.0070757689782694	-0.0000827723970063
0.0070813308259416	0.0014317590836539
0.0070813321473961	0.0024324857248437
0.0070813339317070	-0.0000802615356339
0.0071000120668817	0.0001967364689989
0.0071035374146345	0.2933617141423561
0.0071083369497300	0.6948484841609672
0.0071135876337046	1.1362109056892871
0.0071318755700357	2.6789028072416849
0.0071384717863945	3.2280422531346846
0.0071445026163233	3.7238816637569432
0.0071500016269262	4.1722641611511673
0.0071500016269262	4.1688885619848062
0.0071558749052341	3.2252834578997729
0.0071627646649344	2.1092176324843406
0.0071757475209145	0.0028933226357869
0.0071757689782719	0.0004303483375179
0.0071757689782719	-0.0000827723970011
0.0071813308259398	0.0014317590835315
0.0071813321473943	0.0024324857248037
0.0071813339317053	-0.0000802615356303
0.0072000120668884	0.0001967364691259
0.0072035374146412	0.2933617141532983
0.0072083369497367	0.6948484841797582
0.0072135876337132	1.1362109058885919
0.0072318755700553	2.6789028084169013
0.0072384717864128	3.2280422542166258
0.0072445026163307	3.7238816639489976
0.0072500016269262	4.1722641607561233
0.0072500016269262	4.1688885615890605
0.0072558749052334	3.2252834576441738
0.0072627646649284	2.1092176331071331
0.0072757475209127	0.0028933226563710
0.0072757689782702	0.0004303483375233
0.0072757689782702	-0.0000827723969917
0.0072813308259551	0.0014317590835515
0.0072813321474096	0.0024324857248225
0.0072813339317205	-0.0000802615356153
0.0073000120668780	0.0001967364689395
0.0073035374146307	0.2933617141649031
0.0073083369497258	0.6948484841692485
0.0073135876337006	1.1362109057607517
0.0073318755700264	2.6789028069752088
0.0073384717863864	3.2280422530169406
0.0073445026163244	3.7238816644280601
0.0073500016269261	4.1722641617573286
0.0073500016269261	4.1688885625901717
0.0073558749052349	3.2252834584018371
0.0073627646649328	2.1092176333924639
0.0073757475209188	0.0028933226401100
0.0073757689782762	0.0004303483374675
0.0073757689782762	-0.0000827723969944
0.0073813308259441	0.0014317590834807
0.0073813321473986	0.0024324857247908
0.0073813339317095	-0.0000802615356237
0.0074000120668780	0.0001967364688860
0.0074035374146307	0.2933617141571835
0.0074083369497247	0.6948484840635742
0.0074135876336996	1.1362109056380540
0.0074318755700421	2.6789028082191346
0.0074384717864013	3.2280422541636233
0.0074445026163319	3.7238816649420654
0.0074500016269262	4.1722641616416460
0.0074500016269262	4.1688885624734180
0.0074558749052347	3.2252834583171901
0.0074627646649284	2.1092176339671611
0.0074757475209177	0.0028933226520916
0.0074757689782752	0.0004303483375454
0.0074757689782752	-0.0000827723969979
0.0074813308259585	0.0014317590835707
0.0074813321474130	0.0024324857248242
0.0074813339317239	-0.0000802615356222
0.0075000120668839	0.0001967364690027
0.0075035374146367	0.2933617141544044
0.0075083369497313	0.6948484841047341
0.0075135876337051	1.1362109055907159
0.0075318755700377	2.6789028073293344
0.0075384717863939	3.2280422530267625
0.0075445026163319	3.7238816644304036
0.0075500016269262	4.1722641611289486
0.0075500016269262	4.1688885619611629
0.0075558749052370	3.2252834574368996
0.0075627646649358	2.1092176322809548
0.0075757475209148	0.0028933226547593
0.0075757689782723	0.0004303483374974
0.0075757689782723	-0.0000827723969944
0.0075813308259436	0.0014317590835144
0.0075813321473981	0.0024324857248037
0.0075813339317090	-0.0000802615356225
0.0076000120668765	0.0001967364688611
0.0076035374146292	0.2933617141578709
0.0076083369497278	0.6948484844472433
0.0076135876336868	1.1362109046960833
0.0076318755700483	2.6789028088768347
0.0076384717864007	3.2280422542424501
0.0076445026163310	3.7238816650047770
0.0076500016269262	4.1722641617772522
0.0076500016269262	4.1688885626089602
0.0076558749052318	3.2252834589119224
0.0076627646649290	2.1092176339962463
0.0076757475209186	0.0028933226307442
0.0076757689782760	0.0004303483374925
0.0076757689782760	-0.0000827723969983
0.0076813308259612	0.0014317590835187
0.0076813321474157	0.0024324857248067
0.0076813339317267	-0.0000802615356220
0.0077000120668772	0.0001967364689207
0.0077035374146300	0.2933617141503038
0.0077083369497221	0.6948484838888519
0.0077135876337016	1.1362109058509324
0.0077318755700309	2.6789028072879746
0.0077384717863891	3.2280422531441415
0.0077445026163233	3.7238816642221266
0.0077500016269261	4.1722641616161766
0.0077500016269261	4.1688885624493910
0.0077558749052346	3.2252834582856194
0.0077627646649297	2.1092176337120287
0.0077757475209173	0.0028933226433265
0.0077757689782748	0.0004303483374911
0.0077757689782748	-0.0000827723970014
0.0077813308259690	0.0014317590835211
0.0077813321474235	0.0024324857248076
0.0077813339317344	-0.0000802615356221
0.0078000120668839	0.0001967364689947
0.0078035374146367	0.2933617141487036
0.0078083369497297	0.6948484839584748
0.0078135876337120	1.1362109061481789
0.0078318755700380	2.6789028073078085
0.0078384717863960	3.2280422531473083
0.0078445026163296	3.7238816641712091
0.0078500016269262	4.1722641610532154
0.0078500016269262	4.1688885618861038
0.0078558749052339	3.2252834578577114
0.0078627646649318	2.1092176328374999
0.0078757475209141	0.0028933226480121
0.0078757689782716	0.0004303483373450
0.0078757689782716	-0.0000827723969968
0.0078813308259555	0.0014317590833698
0.0078813321474099	0.0024324857247568
0.0078813339317209	-0.0000802615356208
0.0079000120668824	0.0001967364691115
0.0079035374146352	0.2933617141586319
0.0079083369497301	0.6948484841441542
0.0079135876337046	1.1362109056854182
0.0079318755700336	2.6789028071374394
0.0079384717863940	3.2280422531935375
0.0079445026163279	3.7238816642646175
0.0079500016269262	4.1722641612974405
0.0079500016269262	4.1688885621301752
0.0079558749052342	3.2252834580583936
0.0079627646649306	2.1092176332792949
0.0079757475209158	0.0028933226672767
0.0079757689782734	0.0004303483373817
0.0079757689782734	-0.0000827723969941
0.0079813308259607	0.0014317590834100
0.0079813321474152	0.0024324857247732
0.0079813339317261	-0.0000802615356170
0.0080000120668720	0.0001967364688674
0.0080035374146248	0.2933617141562329
0.0080083369497175	0.6948484839585567
0.0080135876336982	1.1362109060252756
0.0080318755700167	2.6789028065832960
0.0080384717863810	3.2280422529639741
0.0080445026163198	3.7238816644284971
0.0080500016269261	4.1722641621187710
0.0080500016269261	4.1688885629518593
0.0080558749052354	3.2252834586539740
0.0080627646649293	2.1092176342599380
0.0080757475209203	0.0028933226374396
0.0080757689782777	0.0004303483373330
0.0080757689782777	-0.0000827723970028
0.0080813308259521	0.0014317590833492
0.0080813321474065	0.0024324857247425
0.0080813339317175	-0.0000802615356301
0.0081000120668847	0.0001967364691749
0.0081035374146374	0.2933617141448165
0.0081083369497316	0.6948484840487833
0.0081135876337044	1.1362109054369109
0.0081318755700434	2.6789028076613328
0.0081384717864045	3.2280422537502331
0.0081445026163404	3.7238816649492210
0.0081500016269262	4.1722641609396849
0.0081500016269262	4.1688885617708884
0.0081558749052337	3.2252834577779526
0.0081627646649321	2.1092176326641416
0.0081757475209134	0.0028933226628314
0.0081757689782709	0.0004303483373525
0.0081757689782709	-0.0000827723969979
0.0081813308259562	0.0014317590833814
0.0081813321474107	0.0024324857247608
0.0081813339317216	-0.0000802615356214
0.0082000120668787	0.0001967364689690
0.0082035374146315	0.2933617141541812
0.0082083369497268	0.6948484841645416
0.0082135876337031	1.1362109058618666
0.0082318755700583	2.6789028095033380
0.0082384717864147	3.2280422551948376
0.0082445026163326	3.7238816649246513
0.0082500016269262	4.1722641615598794
0.0082500016269262	4.1688885623914533
0.0082558749052348	3.2252834582234633
0.0082627646649316	2.1092176333663724
0.0082757475209172	0.0028933226544097
0.0082757689782747	0.0004303483373887
0.0082757689782747	-0.0000827723969983
0.0082813308259676	0.0014317590834174
0.0082813321474221	0.0024324857247740
0.0082813339317330	-0.0000802615356196
0.0083000120668809	0.0001967364690238
0.0083035374146337	0.2933617141529793
0.0083083369497261	0.6948484839178533
0.0083135876337079	1.1362109060689691
0.0083318755700322	2.6789028071010041
0.0083384717863921	3.2280422530990118
0.0083445026163287	3.7238816643809374
0.0083500016269262	4.1722641613416833
0.0083500016269262	4.1688885621742280
0.0083558749052343	3.2252834580823575
0.0083627646649307	2.1092176332968382
0.0083757475209158	0.0028933226672411
0.0083757689782734	0.0004303483374339
0.0083757689782734	-0.0000827723969975
0.0083813308259512	0.0014317590834549
0.0083813321474057	0.0024324857247834
0.0083813339317166	-0.0000802615356235
0.0084000120668735	0.0001967364689891
0.0084035374146262	0.2933617141503055
0.0084083369497192	0.6948484839626995
0.0084135876337000	1.1362109060293877
0.0084318755700312	2.6789028076287851
0.0084384717863914	3.2280422536453934
0.0084445026163280	3.7238816649163442
0.0084500016269262	4.1722641619241196
0.0084500016269262	4.1688885627563224
0.0084558749052352	3.2252834584939261
0.0084627646649329	2.1092176334861326
0.0084757475209191	0.0028933226492300
0.0084757689782766	0.0004303483377013
0.0084757689782766	-0.0000827723970037
0.0084813308259629	0.0014317590837262
0.0084813321474174	0.0024324857248732
0.0084813339317283	-0.0000802615356271
0.0085000120668817	0.0001967364691043
0.0085035374146345	0.2933617141421017
0.0085083369497282	0.6948484840045439
0.0085135876337019	1.1362109054695497
0.0085318755700540	2.6789028087752920
0.0085384717864068	3.2280422541534413
0.0085445026163375	3.7238816649173203
0.0085500016269262	4.1722641611437581
0.0085500016269262	4.1688885619749954
0.0085558749052340	3.2252834579246907
0.0085627646649284	2.1092176334468049
0.0085757475209144	0.0028933226442877
0.0085757689782718	0.0004303483376053
0.0085757689782718	-0.0000827723970012
0.0085813308259512	0.0014317590836295
0.0085813321474057	0.0024324857248412
0.0085813339317167	-0.0000802615356266
0.0086000120668869	0.0001967364692097
0.0086035374146397	0.2933617141537570
0.0086083369497333	0.6948484840258279
0.0086135876337151	1.1362109061801267
0.0086318755700360	2.6789028069266330
0.0086384717863977	3.2280422530883182
0.0086445026163290	3.7238816639265342
0.0086500016269262	4.1722641608711832
0.0086500016269262	4.1688885617043479
0.0086558749052337	3.2252834577192346
0.0086627646649304	2.1092176328890613
0.0086757475209132	0.0028933226628945
0.0086757689782708	0.0004303483376752
0.0086757689782708	-0.0000827723969930
0.0086813308259544	0.0014317590836993
0.0086813321474088	0.0024324857248710
0.0086813339317198	-0.0000802615356171
0.0087000120668802	0.0001967364691800
0.0087035374146330	0.2933617141646303
0.0087083369497287	0.6948484842228778
0.0087135876337043	1.1362109058709700
0.0087318755700262	2.6789028067575655
0.0087384717863888	3.2280422530112682
0.0087445026163268	3.7238816644233843
0.0087500016269262	4.1722641615553799
0.0087500016269262	4.1688885623880187
0.0087558749052347	3.2252834582467513
0.0087627646649330	2.1092176331626278
0.0087757475209176	0.0028933226385283
0.0087757689782750	0.0004303483377182
0.0087757689782750	-0.0000827723969934
0.0087813308259531	0.0014317590837379
0.0087813321474076	0.0024324857248819
0.0087813339317186	-0.0000802615356194
0.0088000120668757	0.0001967364690798
0.0088035374146285	0.2933617141586031
0.0088083369497235	0.6948484841513163
0.0088135876336979	1.1362109056914567
0.0088318755700226	2.6789028067769154
0.0088384717863862	3.2280422531067665
0.0088445026163223	3.7238816643472727
0.0088500016269261	4.1722641618372274
0.0088500016269261	4.1688885626705430
0.0088558749052381	3.2252834579531902
0.0088627646649284	2.1092176341498790
0.0088757475209188	0.0028933226460502
0.0088757689782763	0.0004303483373752
0.0088757689782763	-0.0000827723969991
0.0088813308259868	0.0014317590834151
0.0088813321474413	0.0024324857247776
0.0088813339317522	-0.0000802615356147
0.0089000120668765	0.0001967364689757
0.0089035374146292	0.2933617141472638
0.0089083369497226	0.6948484839878140
0.0089135876336977	1.1362109055752501
0.0089318755700538	2.6789028092416425
0.0089384717864092	3.2280422548477756
0.0089445026163414	3.7238816657312110
0.0089500016269262	4.1722641616352822
0.0089500016269262	4.1688885624656660
0.0089558749052347	3.2252834583040246
0.0089627646649274	2.1092176341052027
0.0089757475209173	0.0028933226623814
0.0089757689782748	0.0004303483376956
0.0089757689782748	-0.0000827723970027
0.0089813308259612	0.0014317590837218
0.0089813321474157	0.0024324857248729
0.0089813339317266	-0.0000802615356259
0.0090000120668794	0.0001967364690191
0.0090035374146322	0.2933617141446641
0.0090083369497241	0.6948484838579831
0.0090135876337049	1.1362109059124841
0.0090318755700399	2.6789028078021344
0.0090384717863997	3.2280422537737619
0.0090445026163349	3.7238816649121125
0.0090500016269262	4.1722641613531186
0.0090500016269262	4.1688885621845015
0.0090558749052374	3.2252834575813552
0.0090627646649309	2.1092176332439418
0.0090757475209155	0.0028933226613362
0.0090757689782731	0.0004303483375995
0.0090757689782731	-0.0000827723970021
0.0090813308259541	0.0014317590836245
0.0090813321474086	0.0024324857248390
0.0090813339317196	-0.0000802615356270
0.0091000120668757	0.0001967364689546
0.0091035374146285	0.2933617141437599
0.0091083369497232	0.6948484840962375
0.0091135876336968	1.1362109055428518
0.0091318755700290	2.6789028071953060
0.0091384717863913	3.2280422533863082
0.0091445026163268	3.7238816645577697
0.0091500016269262	4.1722641616556633
0.0091500016269262	4.1688885624880525
0.0091558749052348	3.2252834582857410
0.0091627646649284	2.1092176339285706
0.0091757475209172	0.0028933226471951
0.0091757689782747	0.0004303483373793
0.0091757689782747	-0.0000827723970048
0.0091813308259578	0.0014317590834020
0.0091813321474123	0.0024324857247617
0.0091813339317233	-0.0000802615356292
0.0092000120668795	0.0001967364690500
0.0092035374146322	0.2933617141410450
0.0092083369497244	0.6948484838767524
0.0092135876337023	1.1362109056848686
0.0092318755700305	2.6789028069810135
0.0092384717863908	3.2280422529945496
0.0092445026163278	3.7238816642921306
0.0092500016269262	4.1722641613015377
0.0092500016269262	4.1688885621342635
0.0092558749052343	3.2252834580240504
0.0092627646649297	2.1092176333695409
0.0092757475209152	0.0028933226443473
0.0092757689782726	0.0004303483375617
0.0092757689782726	-0.0000827723970036
0.0092813308259461	0.0014317590835804
0.0092813321474006	0.0024324857248209
0.0092813339317115	-0.0000802615356310
0.0093000120668772	0.0001967364690817
0.0093035374146300	0.2933617141430892
0.0093083369497238	0.6948484840112331
0.0093135876336976	1.1362109054860619
0.0093318755700577	2.6789028094650194
0.0093384717864095	3.2280422547579386
0.0093445026163436	3.7238816657946425
0.0093500016269262	4.1722641615116176
0.0093500016269262	4.1688885623416967
0.0093558749052346	3.2252834581904457
0.0093627646649333	2.1092176330087402
0.0093757475209165	0.0028933226460079
0.0093757689782739	0.0004303483375931
0.0093757689782739	-0.0000827723970044
0.0093813308259661	0.0014317590836247
0.0093813321474206	0.0024324857248405
0.0093813339317316	-0.0000802615356258
0.0094000120668907	0.0001967364693021
0.0094035374146434	0.2933617141488745
0.0094083369497376	0.6948484840565843
0.0094135876337121	1.1362109055948033
0.0094318755700562	2.6789028082555211
0.0094384717864174	3.2280422543486504
0.0094445026163524	3.7238816654741904
0.0094500016269263	4.1722641604940671
0.0094500016269263	4.1688885613237794
0.0094558749052299	3.2252834579622669
0.0094627646649248	2.1092176334341040
0.0094757475209111	0.0028933226487225
0.0094757689782685	0.0004303483375351
0.0094757689782685	-0.0000827723969922
0.0094813308259335	0.0014317590835507
0.0094813321473880	0.0024324857248163
0.0094813339316989	-0.0000802615356222
0.0095000120668794	0.0001967364690171
0.0095035374146306	0.2933617140348274
0.0095083369497303	0.6948484844280044
0.0095135876337081	1.1362109062650474
0.0095318755700172	2.6789028060909459
0.0095384717863828	3.2280422526067962
0.0095445026163217	3.7238816641070165
0.0095500016269261	4.1722641616538931
0.0095500016269261	4.1688885624873064
0.0095558749052347	3.2252834583344585
0.0095627646649293	2.1092176338674671
0.0095757475209182	0.0028933226432100
0.0095757689782757	0.0004303483373576
0.0095757689782757	-0.0000827723969929
0.0095813308259344	0.0014317590833653
0.0095813321473889	0.0024324857247504
0.0095813339316998	-0.0000802615356252
0.0096000120668802	0.0001967364690489
0.0096035374146330	0.2933617141614779
0.0096083369497284	0.6948484841904259
0.0096135876337051	1.1362109059271450
0.0096318755700382	2.6789028077345267
0.0096384717863987	3.2280422537998037
0.0096445026163312	3.7238816647504240
0.0096500016269262	4.1722641615139935
0.0096500016269262	4.1688885623458471
0.0096558749052346	3.2252834582156384
0.0096627646649331	2.1092176331014705
0.0096757475209172	0.0028933226462821
0.0096757689782747	0.0004303483373847
0.0096757689782747	-0.0000827723969946
0.0096813308259449	0.0014317590834012
0.0096813321473994	0.0024324857247648
0.0096813339317104	-0.0000802615356232
0.0097000120668847	0.0001967364690755
0.0097035374146358	0.2933617140295495
0.0097083369497352	0.6948484843870901
0.0097135876337140	1.1362109063057519
0.0097318755700351	2.6789028071025167
0.0097384717863956	3.2280422531731063
0.0097445026163296	3.7238816642522350
0.0097500016269262	4.1722641611562770
0.0097500016269262	4.1688885619889691
0.0097558749052371	3.2252834574650424
0.0097627646649340	2.1092176326101866
0.0097757475209151	0.0028933226621776
0.0097757689782727	0.0004303483374228
0.0097757689782727	-0.0000827723969913
0.0097813308259485	0.0014317590834438
0.0097813321474030	0.0024324857247834
0.0097813339317139	-0.0000802615356179
0.0098000120668772	0.0001967364690587
0.0098035374146300	0.2933617141645183
0.0098083369497287	0.6948484844727626
0.0098135876336881	1.1362109047644136
0.0098318755700444	2.6789028085305944
0.0098384717864005	3.2280422542269083
0.0098445026163309	3.7238816649990718
0.0098500016269262	4.1722641617893714
0.0098500016269262	4.1688885626213263
0.0098558749052349	3.2252834584356456
0.0098627646649331	2.1092176333736501
0.0098757475209189	0.0028933226441695
0.0098757689782763	0.0004303483376633
0.0098757689782763	-0.0000827723969955
0.0098813308259539	0.0014317590836826
0.0098813321474084	0.0024324857248617
0.0098813339317193	-0.0000802615356216
0.0099000120668877	0.0001967364691842
0.0099035374146404	0.2933617141601409
0.0099083369497332	0.6948484839704605
0.0099135876337127	1.1362109059417049
0.0099318755700323	2.6789028066185656
0.0099384717863983	3.2280422531468038
0.0099445026163342	3.7238816643829460
0.0099500016269262	4.1722641609038762
0.0099500016269262	4.1688885617358817
0.0099558749052336	3.2252834577804181
0.0099627646649319	2.1092176327082535
0.0099757475209138	0.0028933226588805
0.0099757689782713	0.0004303483377220
0.0099757689782713	-0.0000827723969894
0.0099813308259543	0.0014317590837494
0.0099813321474088	0.0024324857248907
0.0099813339317198	-0.0000802615356136
