0.0000000000000000	0.0000000000000000
0.0000009087422981	0.0020000000000000
0.0000018228646725	0.0030028252249202
0.0000027361525714	0.0080038229639353
0.0000036506934244	0.0150121390255988
0.0000045656527570	0.0240250345259709
0.0000054810309522	0.0350434292458740
0.0000063968283938	0.0480682442302984
0.0000073158313707	0.0631430688091943
0.0000082334009044	0.0801976873021004
0.0000091513916949	0.0992615126737889
0.0000100698041293	0.1203354720059136
0.0000109903476437	0.1434615721956263
0.0000119112062678	0.1685954252826901
0.0000128324891752	0.1957422407590724
0.0000137541967571	0.2249029524981221
0.0000146763294053	0.2560784956628986
0.0000156073570233	0.2895653378744711
0.0000165328417303	0.3248600452823422
0.0000174587549958	0.3621724853668266
0.0000183850972169	0.4015036011171147
0.0000193157440892	0.4430230635491662
0.0000202463717181	0.4865312081660861
0.0000211774326834	0.5320610085619020
0.0000221089273888	0.5796134166314808
0.0000230408562387	0.6291893855907443
0.0000239857583832	0.6814703628023080
0.0000249229808196	0.7353269337257329
0.0000258606427578	0.7912101667965256
0.0000267987446102	0.8491210253544956
0.0000277378082049	0.9090932183963005
0.0000286822276674	0.9713728934956604
0.0000296270934100	1.0356467324987926
0.0000305895638408	1.1031441979504606
0.0000315833705290	1.1750127221239808
0.0000326241163526	1.2526069835286924
0.0000336915449333	1.3346418031395000
0.0000347939785860	1.4219963951245942
0.0000359325640903	1.5150173236148330
0.0000371265854250	1.6155750237021764
0.0000383514583970	1.7218919828284067
0.0000396167901120	1.8351133150685410
0.0000409239106580	1.9556897390135488
0.0000423222648343	2.0886032239182031
0.0000437316583043	2.2267306462656817
0.0000451879691850	2.3738437193693191
0.0000467410456702	2.5354833847661751
0.0000483138903290	2.7042097081424599
0.0000499419193728	2.8841881696866052
0.0000540883575779	3.3529163058788516
0.0000577648152526	3.7569787239408212
0.0000616091651116	4.1724904394564311
0.0000655588471534	4.5913055650269410
0.0000695843306159	5.0090860197526164
0.0000736665357784	5.4227436368660928
0.0000777923459122	5.8299179018327862
0.0000819466183588	6.2281560065708765
0.0000859853342854	6.6034004341438823
0.0000900909526628	6.9722760999691751
0.0000942492856426	7.3323682981985803
0.0000984502609414	7.6817590954562682
0.0001043451583699	8.1529088121841173
0.0001076831976524	8.4499888142101707
0.0001111010346090	8.7711110728621264
0.0001146083672769	9.1179927147700575
0.0001182336219607	9.4944447218851753
0.0001220641723933	9.9113760071600652
0.0001260228185705	10.3622793428261915
0.0001301341711493	10.8512834429910630
0.0001344262168188	11.3833048407675985
0.0001389312739527	11.9642193652872333
0.0001436881409093	12.6012077835173883
0.0001487461714293	13.3034123340034593
0.0001551401551146	14.2216150769340626
0.0001594110409493	14.7830094493011135
0.0001637077474836	15.3181021638035180
0.0001679468808956	15.8160640415967109
0.0001722219884060	16.2873343376769704
0.0001765275527115	16.7298411799268436
0.0001808593345039	17.1418219329711157
0.0001852138547499	17.5217450259321197
0.0001895881295606	17.8682710550839481
0.0001939794228361	18.1802250715255838
0.0001983805271806	18.4562802618353707
0.0002188791516306	19.6361458902790531
0.0002294287091047	20.3254592315805169
0.0002417313188526	21.1710854739405221
0.0002556880877924	22.1741707383969349
0.0002600951891093	22.4117749258357222
0.0002645250107471	22.6055926388990898
0.0002689501025114	22.7541128970426669
0.0002733999352419	22.8578876679681464
0.0002778635112163	22.9159978138524281
0.0002823257342913	22.9282223185162515
0.0002823257342913	22.9282223185162515
0.0002867975850902	22.8945570179432352
0.0002912858150764	22.7692775120092534
0.0003141535821996	22.2702697332499788
0.0003290793850541	21.9941753999322458
0.0003431639018255	21.7780204658638077
0.0003561106641675	21.5788466791893896
0.0003998368069560	20.6567819203789256
0.0004107616035638	20.4522202035376921
0.0004212379376377	20.2976638975967134
0.0004315395046062	20.1866687079241274
0.0004417396246737	20.1175114490746374
0.0004576153778487	20.0618928435012052
0.0004646544175244	19.8837875897397147
0.0005033352071177	19.1329404613729182
0.0005120528572574	18.9996492700541459
0.0005206740265899	18.9061584619062515
0.0005292434374676	18.8513718186341421
0.0005378047428415	18.8346266273003948
0.0005378047428415	18.8346266273003948
0.0005463377157074	18.8556392333086293
0.0005559458335204	18.9006520851199724
0.0005559458335204	18.9194526372050937
0.0005604168610412	18.8794971990471687
0.0005652586671001	18.7593951390895235
0.0006032365634137	18.0642293096107913
0.0006109330042185	17.9581439676861869
0.0006185898523969	17.8887758106785704
0.0006262250955916	17.8556244928867400
0.0006338643916359	17.8583709410498841
0.0006338643916359	17.8583709410498841
0.0006415061776022	17.8968434192260126
0.0006492037140885	17.9714820725181745
0.0006547303163587	18.0559934485318010
0.0006591796650391	18.0553365505090362
0.0006591796650391	18.0553365505090362
0.0006636536165445	18.0185917572959227
0.0006683994756520	17.9065934827000675
0.0007037911304075	17.2894410860114967
0.0007109075253415	17.2019305917659544
0.0007179855578430	17.1495034827834516
0.0007250606670986	17.1316290287874331
0.0007321537687475	17.1481562506268617
0.0007321537687475	17.1481562506268617
0.0007392438271496	17.1989644877939050
0.0007464342422194	17.2851992770534295
0.0007564538904273	17.4468653058848062
0.0007608849533790	17.4535140131130575
0.0007608849533790	17.4535140131130575
0.0007653584823023	17.4254695769107002
0.0007698605192365	17.3275663942653573
0.0008039137126329	16.7536139736973091
0.0008106654453503	16.6765147500330961
0.0008173908237086	16.6332770199031330
0.0008241119631936	16.6234991095476907
0.0008241119631936	16.6234991095476907
0.0008308365333690	16.6469591455177195
0.0008376087981162	16.7039739355408656
0.0008444518822524	16.7953661051584859
0.0008583902666115	17.0326970362138113
0.0008628480312951	17.0393840816261850
0.0008628480312951	17.0393840816261850
0.0008673188446968	17.0119706155867654
0.0008718183355823	16.9163540827598027
0.0009041301788623	16.3855426067446359
0.0009106505921484	16.3156905536385608
0.0009171504181031	16.2788907147561837
0.0009236533275711	16.2748092894682586
0.0009236533275711	16.2748092894682586
0.0009301541047772	16.3032908991090864
0.0009366911990104	16.3646006436691884
0.0009433187211645	16.4596786894465410
0.0009500361715643	16.6223245636823123
0.0009544522075710	16.7013907595888718
0.0009589119466417	16.7477833753561320
0.0009633858344641	16.7607470012455799
0.0009633858344641	16.7607470012455799
0.0009678549780033	16.7400205824635293
0.0009723402481608	16.6856581260600478
0.0009993134312808	16.2086589520283333
0.0010062792192266	16.1117236102797641
0.0010126368142388	16.0569394926577296
0.0010189927126799	16.0344885847858194
0.0010253512571657	16.0442292385562162
0.0010253512571657	16.0442292385562162
0.0010317176161406	16.0860509290043829
0.0010381224832633	16.1603529127740764
0.0010446419167289	16.2684648028150924
0.0010585835806140	16.5512955321360877
0.0010630332104689	16.5739108345538604
0.0010675103034469	16.5633927818120981
0.0010675103034469	16.5633927818120981
0.0010719860028512	16.5197461078175216
0.0010783675388236	16.3845757681918869
0.0011048430426853	15.9662740004053010
0.0011111170279347	15.9065300804542993
0.0011173756862151	15.8789198571744681
0.0011236434114620	15.8831810881845179
0.0011236434114620	15.8831810881845179
0.0011299116336753	15.9192144567908098
0.0011362150680400	15.9873418655817598
0.0011426185271166	16.0886766555975065
0.0011491102098080	16.2237796392956959
0.0011548837856935	16.3748061175381885
0.0011593035932869	16.4288509303248134
0.0011637727395653	16.4506707619790689
0.0011682496440614	16.4393984213404316
0.0011682496440614	16.4393984213404316
0.0011727249781558	16.3952459819027325
0.0011794381440736	16.2553532163865775
0.0012049118883834	15.8566683224608376
0.0012111235655573	15.7989204910286229
0.0012173214748620	15.7730710984108526
0.0012235302537017	15.7788796830259628
0.0012235302537017	15.7788796830259628
0.0012297381502944	15.8162536405072789
0.0012359813301862	15.8855248316173974
0.0012423261708509	15.9878410082825209
0.0012487584350705	16.1237514233515959
0.0012551088675833	16.2902326145800593
0.0012595254496958	16.3455372055329811
0.0012639922316002	16.3688379261238275
0.0012684691141241	16.3592410089574578
0.0012684691141241	16.3592410089574578
0.0012729447125206	16.3169237122695456
0.0012790738024320	16.1878443473022458
0.0013048453995517	15.7859844275533980
0.0013110171913362	15.7289552988183736
0.0013171764117749	15.7036764468481209
0.0013233474635456	15.7099233993702256
0.0013233474635456	15.7099233993702256
0.0013295153140134	15.7475967606157194
0.0013357186438573	15.8170347191203380
0.0013420238512364	15.9193897339253443
0.0013484154869751	16.0552014951062887
0.0013553479159831	16.2362643400615632
0.0013597617458133	16.2917377902266338
0.0013642268687561	16.3153575589867295
0.0013687039716219	16.3062098807765530
0.0013687039716219	16.3062098807765530
0.0013731798481359	16.2644478622508259
0.0013791884704564	16.1379218043015307
0.0014048383964058	15.7392690744357164
0.0014109841298515	15.6828913319753163
0.0014171179819317	15.6581652221910357
0.0014232640639001	15.6648760746110618
0.0014232640639001	15.6648760746110618
0.0014294061992640	15.7029195330701139
0.0014355839695074	15.7726423872429233
0.0014418636354798	15.8752014479128256
0.0014482291991752	16.0111304057733399
0.0014554887395468	16.2007293686271225
0.0014599006708850	16.2564316076575253
0.0014643646337341	16.2803809850496606
0.0014688418489724	16.2716491383813988
0.0014688418489724	16.2716491383813988
0.0014733178927934	16.2303720592621303
0.0014792204510390	16.1060079286611000
0.0015048294197715	15.7088048002295437
0.0015109582452509	15.6528266859044525
0.0015170756363266	15.6284361036712269
0.0015232053534215	15.6354248709584187
0.0015232053534215	15.6354248709584187
0.0015293307359759	15.6736832045780510
0.0015354918739847	15.7435652381875268
0.0015417547853834	15.8462285979482065
0.0015481032170118	15.9822028665342106
0.0015555879537360	16.1776605501395565
0.0015599985415909	16.2334612706437014
0.0015644617161689	16.2575762300151894
0.0015689390238066	16.2490667480354425
0.0015689390238066	16.2490667480354425
0.0015734151891918	16.2080571956343427
0.0015792644848302	16.0848237376080014
0.0016048259274913	15.6889092049026520
0.0016109437557017	15.6332026017474597
0.0016170504332745	15.6090416516224799
0.0016231694063770	15.6162224249559980
0.0016231694063770	15.6162224249559980
0.0016292897290376	15.6546338284230693
0.0016354448877218	15.7246236058609874
0.0016416872574055	15.8272381969581399
0.0016480140494627	15.9630032515420286
0.0016556715006036	16.1627909737326227
0.0016600808619878	16.2185199630405705
0.0016645433872077	16.2426116770082949
0.0016690208208506	16.2341181696343568
0.0016690208208506	16.2341181696343568
0.0016734971133310	16.1931544906059557
0.0016793441439723	16.0700760044664257
0.0017048287442165	15.6757619436365658
0.0017109393332760	15.6202598359518312
0.0017170389502988	15.5962755899295562
0.0017231507454219	15.6036081420032318
0.0017231507454219	15.6036081420032318
0.0017292639198453	15.6421460904148191
0.0017354117405943	15.7122366395295483
0.0017416473080748	15.8149316200765284
0.0017479671765160	15.9507560458080686
0.0017557104633814	16.1528578459046557
0.0017601192489053	16.2086560342702590
0.0017645814320290	16.2328459409912966
0.0017690588955343	16.2244750184503808
0.0017690588955343	16.2244750184503808
0.0017735352342146	16.1836532099243193
0.0017793530666286	16.0611728297929695
0.0018048262377751	15.6672612316994364
0.0018109321443232	15.6118694513057168
0.0018170271996177	15.5879776877125362
0.0018231343008495	15.5953868185728446
0.0018231343008495	15.5953868185728446
0.0018292427963178	15.6339849012685512
0.0018353858044648	15.7041185459424248
0.0018416169376466	15.8068430554482156
0.0018479322779996	15.9426829977002171
0.0018557395237513	16.1464614327632034
0.0018601478970063	16.2022776433244928
0.0018646098477176	16.2265048042525848
0.0018690873405874	16.2181871351874918
0.0018690873405874	16.2181871351874918
0.0018735637155808	16.1774311561544906
0.0018793692556834	16.0552197002762256
0.0019048256546020	15.6617239780291175
0.0019109285162828	15.6064092164625556
0.0019170206036250	15.5825828232037100
0.0019231246648766	15.5900469055745692
0.0019231246648766	15.5900469055745692
0.0019292301310977	15.6286892588307413
0.0019353700312421	15.6988562109393435
0.0019415982926509	15.8016053596186339
0.0019479107040649	15.9374609511594638
0.0019557576653833	16.1422923626986297
0.0019601657758639	16.1981257946484440
0.0019646275766822	16.2223826419889150
0.0019691050865895	16.2141050432645741
0.0019691050865895	16.2141050432645741
0.0019735814839002	16.1733972989678172
0.0019793777719248	16.0513834258171890
0.0020048250734497	15.6581280764555260
0.0020109259586538	15.6028622747832308
0.0020170161195987	15.5790772838192382
0.0020231182051596	15.5865760104007123
0.0020231182051596	15.5865760104007123
0.0020292217024514	15.6252460654886889
0.0020353595831740	15.6954335918609189
0.0020415859796279	15.7981976840917095
0.0020478964883113	15.9340623697601966
0.0020557696607473	16.1395870060882416
0.0020601775978427	16.1954301499474411
0.0020646393005278	16.2197048389226701
0.0020691168220429	16.2114518393834750
0.0020691168220429	16.2114518393834750
0.0020735932341931	16.1707740008717060
0.0020793838852586	16.0488818009739553
0.0021048247539979	15.6557912075041887
0.0021109243554145	15.6005574970397198
0.0021170132649823	15.5767996848985906
0.0021231140679448	15.5843211945154181
0.0021231140679448	15.5843211945154181
0.0021292162870853	15.6230095226655283
0.0021353528577115	15.6932107009012061
0.0021415780437184	15.7959848008759316
0.0021478873176475	15.9318557034057680
0.0021557774240934	16.1378290315792512
0.0021601852485185	16.1936787138817948
0.0021646468874157	16.2179652255406417
0.0021691244163848	16.2097284394820456
0.0021691244163848	16.2097284394820456
0.0021736008381215	16.1690702613928146
0.0021793877826596	16.0472579229901449
0.0022048245389390	15.6542732430976095
0.0022109233066569	15.5990603328532487
0.0022170114035637	15.5753201304556796
0.0022231113735095	15.5828563943985898
0.0022231113735095	15.5828563943985898
0.0022292127625125	15.6215565470722115
0.0022353484824817	15.6917665493920655
0.0022415728825185	15.7945471092002787
0.0022478813546762	15.9304220101644134
0.0022557824808296	16.1366873260774248
0.0022601902318079	16.1925411615055346
0.0022646518291921	16.2168352623054339
0.0022691293630366	16.2086089187216587
0.0022691293630366	16.2086089187216587
0.0022736057910218	16.1679634222491515
0.0022793903540972	16.0462024942474955
0.0023048244032035	15.6532871966149276
0.0023109226294683	15.5980878145317501
0.0023170101985726	15.5743590678174932
0.0023231096275541	15.5819049322366858
0.0023231096275541	15.5819049322366858
0.0023292104774662	15.6206127823392613
0.0023353456451408	15.6908285343152212
0.0023415695348266	15.7936133099783351
0.0023478774863891	15.9294908290923392
0.0023557857653373	16.1359457506147663
0.0023601934685549	16.1918022865888496
0.0023646550389563	16.2161013207113491
0.0023691325759660	16.2078817640996604
0.0023691325759660	16.2078817640996604
0.0023736090080088	16.1672445089769674
0.0023793920252407	16.0455169585614748
0.0024048243151240	15.6526467371861742
0.0024109221897440	15.5974561409874948
0.0024170094160651	15.5737348340838722
0.0024231084937194	15.5812869332376351
0.0024231084937194	15.5812869332376351
0.0024292089935210	15.6199997820001713
0.0024353438025551	15.6902192678894110
0.0024415673608253	15.7930067818928848
0.0024478749743214	15.9288860019418603
0.0024557878999460	16.1354641132322740
0.0024601955721072	16.1913223949830112
0.0024646571249717	16.2156246256150496
0.0024691346640400	16.2074094696472351
0.0024691346640400	16.2074094696472351
0.0024736110987202	16.1667775598028882
0.0024793931145600	16.0450716418644070
0.0025048242583027	15.6522307543955659
0.0025109219045448	15.5970458660449030
0.0025170089082415	15.5733293927130241
0.0025231077577289	15.5808855426826849
0.0025231077577289	15.5808855426826849
0.0025292080301540	15.6196016394321973
0.0025353426062924	15.6898235520419114
0.0025415659493382	15.7926128464451185
0.0025478733432926	15.9284931732646058
0.0025557892866125	16.1351512984024090
0.0025601969385908	16.1910107126456531
0.0025646584800614	16.2153150182009220
0.0025691360204672	16.2071027192953139
0.0025691360204672	16.2071027192953139
0.0025736124568606	16.1664742800441772
0.0025793938229272	16.0447824014845857
0.0026048242214630	15.6519605786956593
0.0026109217193839	15.5967793977055180
0.0026170085784954	15.5730660639086480
0.0026231072797995	15.5806248450066658
0.0026231072797995	15.5806248450066658
0.0026292074045548	15.6193430514582978
0.0026353418294470	15.6895665404391860
0.0026415650327202	15.7923569915634481
0.0026478722840990	15.9282380376605488
0.0026557901874121	16.1349481353437909
0.0026601978262762	16.1908082840269039
0.0026646593603447	16.2151139361998240
0.0026691369016195	16.2069034919236294
0.0026691369016195	16.2069034919236294
0.0026736133391258	16.1662773057767879
0.0026793942835597	16.0445945388265336
0.0027048241976122	15.6517851059196715
0.0027109215992053	15.5966063329458624
0.0027170083644146	15.5728950383797606
0.0027231069694811	15.5804555285010871
0.0027231069694811	15.5804555285010871
0.0027292069983320	15.6191751053236541
0.0027353413250008	15.6893996183225610
0.0027415644375008	15.7921908209695285
0.0027478715962862	15.9280723345091442
0.0027557907724953	16.1348161870214746
0.0027601984028401	16.1906768124288618
0.0027646599321005	16.2149833389505567
0.0027691374739400	16.2067740989741402
0.0027691374739400	16.2067740989741402
0.0027736139121691	16.1661493759255848
0.0027793945828826	16.0444725246674480
0.0028048241821260	15.6516711410359495
0.0028109215211580	15.5964939320393565
0.0028170082253818	15.5727839619335313
0.0028231067679458	15.5803455620517681
0.0028231067679458	15.5803455620517681
0.0028292067345110	15.6190660289259267
0.0028353409973893	15.6892912070421371
0.0028415640509365	15.7920828978460346
0.0028478711495873	15.9279647150534167
0.0028557911525292	16.1347304915721423
0.0028601987773396	16.1905914263800632
0.0028646603034769	16.2148985205671288
0.0028691378456830	16.2066900625545891
0.0028691378456830	16.2066900625545891
0.0028736142843816	16.1660662895516118
0.0028793947773942	16.0443932790909969
0.0029048241720844	15.6515971247168455
0.0029109214704856	15.5964209315096589
0.0029170081351019	15.5727118216357461
0.0029231066370735	15.5802741426980624
0.0029231066370735	15.5802741426980624
0.0029292065631869	15.6189951876699151
0.0029353407846368	15.6892207978029887
0.0029415637998974	15.7920128057053581
0.0029478708594940	15.9278948201981212
0.0029557913993516	16.1346748354608138
0.0029601990205674	16.1905359711823458
0.0029646605446763	16.2148434340207892
0.0029691380871205	16.2066354838401203
0.0029691380871205	16.2066354838401203
0.0029736145261242	16.1660123278321599
0.0029793949037435	16.0443418115369134
0.0030048241655596	15.6515490537607835
0.0030109214375727	15.5963735202792702
0.0030170080764655	15.5726649691016146
0.0030231065520739	15.5802277583967399
0.0030231065520739	15.5802277583967399
0.0030292064519155	15.6189491788264405
0.0030353406464599	15.6891750695488295
0.0030415636368554	15.7919672834116493
0.0030478706710880	15.9278494260458885
0.0030557915596638	16.1346386892381695
0.0030601991785447	16.1904999553952145
0.0030646607013361	16.2148076576152675
0.0030691382439350	16.2066000372098067
0.0030691382439350	16.2066000372098067
0.0030736146831366	16.1659772818741736
0.0030793949858274	16.0443083851818642
0.0031048241613215	15.6515178337693879
0.0031109214161969	15.5963427287599377
0.0031170080383834	15.5726345404414026
0.0031231064968701	15.5801976338432677
0.0031231064968701	15.5801976338432677
0.0031292063796495	15.6189192981268405
0.0031353405567200	15.6891453710880953
0.0031415635309666	15.7919377187198702
0.0031478705487267	15.9278199445914019
0.0031557916637831	16.1346152140423875
0.0031601992811477	16.1904765649017328
0.0031646608030834	16.2147844225745104
0.0031691383457829	16.2065770163287510
0.0031691383457829	16.2065770163287510
0.0031736147851132	16.1659545211964222
0.0031793950391466	16.0442866762668537
0.0032048241585752	15.6514975578382600
0.0032109214023205	15.5963227311002228
0.0032170080136571	15.5726147784404585
0.0032231064610244	15.5801780693435159
0.0032231064610244	15.5801780693435159
0.0032292063327228	15.6188998919976694
0.0032353404984450	15.6891260833143740
0.0032415634622036	15.7919185178243282
0.0032478704692654	15.9278007977517628
0.0032557917314004	16.1345999677663130
0.0032601993477800	16.1904613736379304
0.0032646608691600	16.2147693322776583
0.0032691384119247	16.2065620651273008
0.0032691384119247	16.2065620651273008
0.0032736148513386	16.1659397389939770
0.0032793950737700	16.0442725771608004
0.0033048241567876	15.6514843893711522
0.0033109213933044	15.5963097433507301
0.0033170079975943	15.5726019437331900
0.0033231064377399	15.5801653628967660
0.0033231064377399	15.5801653628967660
0.0033292063022415	15.6188872883972003
0.0033353404605933	15.6891135565709234
0.0033415634175405	15.7919060474944963
0.0033478704176544	15.9277883625230903
0.0033557917753189	16.1345900659853392
0.0033601993910590	16.1904515075692572
0.0033646609120780	16.2147595317638960
0.0033691384548851	16.2065523549304835
0.0033691384548851	16.2065523549304835
0.0033736148943532	16.1659301385357850
0.0033793950962656	16.0442634202552057
0.0034048241556396	15.6514758368235842
0.0034109213874616	15.5963013081808803
0.0034170079871751	15.5725936079663292
0.0034231064226303	15.5801571104382717
0.0034231064226303	15.5801571104382717
0.0034292062824579	15.6188791027416620
0.0034353404360228	15.6891054208396330
0.0034415633885463	15.7918979484122346
0.0034478703841476	15.9277802862425197
0.0034557918038326	16.1345836345610500
0.0034601994191571	16.1904450993705780
0.0034646609399419	16.2147531661786211
0.0034691384827765	16.2065460480403374
0.0034691384827765	16.2065460480403374
0.0034736149222798	16.1659239029554662
0.0034793951108571	16.0442574729059011
0.0035048241548796	15.6514702819178808
0.0035109213836523	15.5962958295031910
0.0035170079803933	15.5725881938414741
0.0035231064128021	15.5801517504123197
0.0035231064128021	15.5801517504123197
0.0035292062695938	15.6188737860938414
0.0035353404200498	15.6891001366067897
0.0035415633696997	15.7918926879676871
0.0035478703623702	15.9277750405974245
0.0035557918223643	16.1345794578798412
0.0035601994374191	16.1904409377339498
0.0035646609580516	16.2147490321714756
0.0035691385009041	16.2065419521087470
0.0035691385009041	16.2065419521087470
0.0035736149404303	16.1659198532916086
0.0035793951203577	16.0442536102430147
0.0036048241543866	15.6514666745150475
0.0036109213811791	15.5962922716173935
0.0036170079759897	15.5725846778928148
0.0036231064064202	15.5801482696121276
0.0036231064064202	15.5801482696121276
0.0036292062612404	15.6188703334792294
0.0036353404096775	15.6890967050606527
0.0036415633574616	15.7918892718897403
0.0036478703482289	15.9277716341525792
0.0036557918343978	16.1345767456011160
0.0036601994492772	16.1904382352379486
0.0036646609698108	16.2147463476361260
0.0036691385126748	16.2065392923183076
0.0036691385126748	16.2065392923183076
0.0036736149522159	16.1659172235657458
0.0036793951265216	16.0442511020349379
0.0037048241540799	15.6514643317555429
0.0037109213795864	15.5962899610174652
0.0037170079731435	15.5725823945272239
0.0037231064022892	15.5801460090724611
0.0037231064022892	15.5801460090724611
0.0037292062558291	15.6188680912452202
0.0037353404029548	15.6890944765081883
0.0037415633495272	15.7918870533821245
0.0037478703390586	15.9277694219017647
0.0037557918422023	16.1345749835844146
0.0037601994569678	16.1904364796037328
0.0037646609774371	16.2147446036975822
0.0037691385203087	16.2065375644811311
0.0037691385203087	16.2065375644811311
0.0037736149598596	16.1659155152854765
0.0037793951305068	16.0442494728113196
0.0038048241538662	15.6514628099366409
0.0038109213785374	15.5962884600720475
0.0038170079712800	15.5725809112582958
0.0038231063995910	15.5801445406156365
0.0038231063995910	15.5801445406156365
0.0038292062522990	15.6188666346622647
0.0038353403985732	15.6890930287978350
0.0038415633443584	15.7918856121816962
0.0038478703330865	15.9277679847412621
0.0038557918472838	16.1345738395199731
0.0038601994619755	16.1904353396433081
0.0038646609824031	16.2147434712872673
0.0038691385252796	16.2065364424818625
0.0038691385252796	16.2065364424818625
0.0038736149648367	16.1659144059419191
0.0038793951331191	16.0442484146104363
0.0039048241537445	15.6514618216012451
0.0039109213778731	15.5962874853099365
0.0039170079700869	15.5725799479924394
0.0039231063978560	15.5801435869864395
0.0039231063978560	15.5801435869864395
0.0039292062500241	15.6188656887630959
0.0039353403957449	15.6890920886761389
0.0039415633410189	15.7918846763030913
0.0039478703292256	15.9277670515073488
0.0039557918505701	16.1345730958978919
0.0039601994652138	16.1904345987368572
0.0039646609856144	16.2147427353371683
0.0039691385284941	16.2065357133468098
0.0039691385284941	16.2065357133468098
0.0039736149680551	16.1659136850805183
0.0039793951347890	16.0442477271956498
0.0040048241536446	15.6514611794721308
0.0040109213774207	15.5962868519889284
0.0040170079692910	15.5725793221295561
0.0040231063967079	15.5801429673737086
0.0040231063967079	15.5801429673737086
0.0040292062485250	15.6188650741612616
0.0040353403938864	15.6890914778179820
0.0040415633388284	15.7918840681947987
0.0040478703266964	15.9277664451076379
0.0040557918530796	16.1345726222010342
0.0040601994676904	16.1904341262540576
0.0040646609880725	16.2147422655313633
0.0040691385309546	16.2065352474213675
0.0040691385309546	16.2065352474213675
0.0040736149705186	16.1659132239667365
0.0040793951363754	16.0442472854230509
0.0041048241539996	15.6514607683182945
0.0041109213775501	15.5962864465339806
0.0041170079692002	15.5725789215094856
0.0041231063963919	15.5801425708134182
0.0041231063963919	15.5801425708134182
0.0041292062479845	15.6188646808679668
0.0041353403931160	15.6890910869802056
0.0041415633378454	15.7918836791756743
0.0041478703254966	15.9277660572437725
0.0041557918541247	16.1345722957293667
0.0041601994687193	16.1904338019574467
0.0041646609890918	16.2147419443193961
0.0041691385319746	16.2065349300746675
0.0041691385319746	16.2065349300746675
0.0041736149715398	16.1659129111200137
0.0041793951365094	16.0442469909837264
0.0042048241538928	15.6514604849550274
0.0042109213772877	15.5962861667354122
0.0042170079687861	15.5725786446822436
0.0042231063958215	15.5801422964273275
0.0042231063958215	15.5801422964273275
0.0042292062472583	15.6188644083737422
0.0042353403922301	15.6890908158138718
0.0042415633368120	15.7918834088878306
0.0042478703243127	15.9277657873676208
0.0042557918551286	16.1345720831529782
0.0042601994697089	16.1904335897542211
0.0042646609900735	16.2147417331381583
0.0042691385329573	16.2065347204507866
0.0042691385329573	16.2065347204507866
0.0042736149725238	16.1659127034731185
0.0042793951371436	16.0442467912287619
0.0043048241538909	15.6514603003193411
0.0043109213771843	15.5962859847087305
0.0043170079685841	15.5725784648747592
0.0043231063955183	15.5801421184915032
0.0043231063955183	15.5801421184915032
0.0043292062468544	15.6188642319532907
0.0043353403917231	15.6890906405454462
0.0043415633362097	15.7918832344858000
0.0043478703236133	15.9277656135375114
0.0043557918557252	16.1345719438903004
0.0043601994702965	16.1904334510979311
0.0043646609906562	16.2147415955084213
0.0043691385335405	16.2065345841938075
0.0043691385335405	16.2065345841938075
0.0043736149731077	16.1659125688615433
0.0043793951374146	16.0442466632925118
0.0044048241538681	15.6514601802394573
0.0044109213770957	15.5962858662590484
0.0044170079684311	15.5725783478034892
0.0044231063952995	15.5801420025725434
0.0044231063952995	15.5801420025725434
0.0044292062465699	15.6188641169553222
0.0044353403913712	15.6890905262300464
0.0044415633357959	15.7918831206707004
0.0044478703231361	15.9277655000254992
0.0044557918561304	16.1345718537356255
0.0044601994706959	16.1904333612453115
0.0044646609910522	16.2147415062292666
0.0044691385339370	16.2065344957144823
0.0044691385339370	16.2065344957144823
0.0044736149735047	16.1659124813586423
0.0044793951376303	16.0442465797299683
0.0045048241538609	15.6514601023056734
0.0045109213770457	15.5962857894009623
0.0045170079683394	15.5725782718573118
0.0045231063951650	15.5801419273912227
0.0045231063951650	15.5801419273912227
0.0045292062463929	15.6188640423882852
0.0045353403911507	15.6890904521244234
0.0045415633355348	15.7918830469009475
0.0045478703228340	15.9277654264703461
0.0045557918563880	16.1345717950411220
0.0045601994709499	16.1904333027749168
0.0045646609913041	16.2147414481552339
0.0045691385341891	16.2065344381839900
0.0045691385341891	16.2065344381839900
0.0045736149737571	16.1659124244866632
0.0045793951377591	16.0442465255219737
0.0046048241538494	15.6514600516869642
0.0046109213770064	15.5962857394872803
0.0046170079682731	15.5725782225416616
0.0046231063950709	15.5801418785785799
0.0046231063950709	15.5801418785785799
0.0046292062462712	15.6188639939816927
0.0046353403910005	15.6890904040220445
0.0046415633353588	15.7918829990297223
0.0046478703226313	15.9277653787475320
0.0046557918565602	16.1345717572545482
0.0046601994711196	16.1904332651204967
0.0046646609914723	16.2147414107492907
0.0046691385343575	16.2065344011215942
0.0046691385343575	16.2065344011215942
0.0046736149739257	16.1659123878419209
0.0046793951378497	16.0442464905650297
0.0047048241538370	15.6514600192401510
0.0047109213769761	15.5962857074829149
0.0047170079682254	15.5725781909117416
0.0047231063950055	15.5801418472621069
0.0047231063950055	15.5801418472621069
0.0047292062461879	15.6188639629150270
0.0047353403908994	15.6890903731445626
0.0047415633352407	15.7918829682857798
0.0047478703224959	15.9277653480814543
0.0047557918566750	16.1345717331851084
0.0047601994712326	16.1904332411154925
0.0047646609915845	16.2147413868842136
0.0047691385344698	16.2065343774565491
0.0047691385344698	16.2065343774565491
0.0047736149740382	16.1659123644242371
0.0047793951379169	16.0442464681425037
0.0048048241538514	15.6514599982159659
0.0048109213769790	15.5962856867432755
0.0048170079682171	15.5725781704132231
0.0048231063949856	15.5801418269647716
0.0048231063949856	15.5801418269647716
0.0048292062461567	15.6188639427792726
0.0048353403908561	15.6890903531258843
0.0048415633351866	15.7918829483563474
0.0048478703224309	15.9277653282096754
0.0048557918567316	16.1345717166072156
0.0048601994712881	16.1904332246324252
0.0048646609916394	16.2147413705462071
0.0048691385345247	16.2065343613044526
0.0048691385345247	16.2065343613044526
0.0048736149740932	16.1659123484904761
0.0048793951379292	16.0442464531006941
0.0049048241538565	15.6514599836560464
0.0049109213769762	15.5962856723589258
0.0049170079682064	15.5725781561741634
0.0049231063949668	15.5801418128441789
0.0049231063949668	15.5801418128441789
0.0049292062461297	15.6188639287477589
0.0049353403908211	15.6890903391575716
0.0049415633351440	15.7918829344247662
0.0049478703223804	15.9277653142886635
0.0049557918567746	16.1345717051699111
0.0049601994713305	16.1904332132362754
0.0049646609916815	16.2147413592255809
0.0049691385345668	16.2065343500863293
0.0049691385345668	16.2065343500863293
0.0049736149741354	16.1659123373973053
0.0049793951379482	16.0442464425109108
0.0050048241538437	15.6514599738381044
0.0050109213769579	15.5962856626859558
0.0050170079681829	15.5725781466245756
0.0050231063949380	15.5801418033997603
0.0050231063949380	15.5801418033997603
0.0050292062460955	15.6188639193895238
0.0050353403907816	15.6890903298669020
0.0050415633350994	15.7918829251863677
0.0050478703223306	15.9277653050841597
0.0050557918568163	16.1345716983529002
0.0050601994713718	16.1904332064249665
0.0050646609917225	16.2147413524405017
0.0050691385346080	16.2065343433449200
0.0050691385346080	16.2065343433449200
0.0050736149741766	16.1659123307128070
0.0050793951379797	16.0442464360531218
0.0051048241538403	15.6514599681022570
0.0051109213769514	15.5962856570412196
0.0051170079681734	15.5725781410596831
0.0051231063949253	15.5801417979032841
0.0051231063949253	15.5801417979032841
0.0051292062460799	15.6188639139513192
0.0051353403907625	15.6890903244733551
0.0051415633350773	15.7918829198292148
0.0051478703223055	15.9277652997559969
0.0051557918568374	16.1345716942539177
0.0051601994713927	16.1904332023461883
0.0051646609917432	16.2147413483915308
0.0051691385346286	16.2065343393376686
0.0051691385346286	16.2065343393376686
0.0051736149741972	16.1659123267555245
0.0051793951379908	16.0442464322963758
0.0052048241538449	15.6514599645372581
0.0052109213769541	15.5962856535177430
0.0052170079681742	15.5725781375701793
0.0052231063949243	15.5801417944417366
0.0052231063949243	15.5801417944417366
0.0052292062460767	15.6188639105103757
0.0052353403907575	15.6890903210474395
0.0052415633350705	15.7918829164125807
0.0052478703222970	15.9277652963454539
0.0052557918568451	16.1345716912892847
0.0052601994714001	16.1904331993982069
0.0052646609917506	16.2147413454710190
0.0052691385346360	16.2065343364504990
0.0052691385346360	16.2065343364504990
0.0052736149742046	16.1659123239075946
0.0052793951379907	16.0442464296075791
0.0053048241538471	15.6514599618803842
0.0053109213769547	15.5962856508994800
0.0053170079681733	15.5725781349835817
0.0053231063949219	15.5801417918817542
0.0053231063949219	15.5801417918817542
0.0053292062460730	15.6188639079719547
0.0053353403907522	15.6890903185237232
0.0053415633350638	15.7918829138991335
0.0053478703222889	15.9277652938398369
0.0053557918568521	16.1345716891945834
0.0053601994714072	16.1904331973181250
0.0053646609917577	16.2147413434088890
0.0053691385346431	16.2065343344110957
0.0053691385346431	16.2065343344110957
0.0053736149742117	16.1659123218951706
0.0053793951379924	16.0442464277060388
0.0054048241538382	15.6514599601956164
0.0054109213769449	15.5962856492349253
0.0054170079681625	15.5725781333363251
0.0054231063949102	15.5801417902476871
0.0054231063949102	15.5801417902476871
0.0054292062460603	15.6188639063476327
0.0054353403907386	15.6890903169075671
0.0054415633350493	15.7918829122871358
0.0054478703222733	15.9277652922264110
0.0054557918568650	16.1345716882921622
0.0054601994714197	16.1904331963938724
0.0054646609917699	16.2147413424701128
0.0054691385346553	16.2065343334617182
0.0054691385346553	16.2065343334617182
0.0054736149742239	16.1659123209369930
0.0054793951380073	16.0442464267072999
0.0055048241538385	15.6514599594518664
0.0055109213769449	15.5962856485028496
0.0055170079681622	15.5725781326156660
0.0055231063949096	15.5801417895376346
0.0055231063949096	15.5801417895376346
0.0055292062460594	15.6188639056473928
0.0055353403907371	15.6890903162127842
0.0055415633350475	15.7918829116009025
0.0055478703222713	15.9277652915492887
0.0055557918568665	16.1345716877158480
0.0055601994714215	16.1904331958287777
0.0055646609917718	16.2147413419122479
0.0055691385346573	16.2065343329117226
0.0055691385346573	16.2065343329117226
0.0055736149742259	16.1659123203956980
0.0055793951380074	16.0442464262045164
0.0056048241538441	15.6514599588750425
0.0056109213769501	15.5962856479330600
0.0056170079681671	15.5725781320506727
0.0056231063949142	15.5801417889763947
0.0056231063949142	15.5801417889763947
0.0056292062460636	15.6188639050891265
0.0056353403907410	15.6890903156569212
0.0056415633350511	15.7918829110447891
0.0056478703222744	15.9277652909881127
0.0056557918568643	16.1345716870358693
0.0056601994714192	16.1904331951593861
0.0056646609917695	16.2147413412568646
0.0056691385346550	16.2065343322719428
0.0056691385346550	16.2065343322719428
0.0056736149742236	16.1659123197731454
0.0056793951380015	16.0442464256516821
0.0057048241538346	15.6514599583924330
0.0057109213769404	15.5962856474587745
0.0057170079681571	15.5725781315832652
0.0057231063949038	15.5801417885147568
0.0057231063949038	15.5801417885147568
0.0057292062460530	15.6188639046315689
0.0057353403907302	15.6890903152029804
0.0057415633350400	15.7918829105932730
0.0057478703222630	15.9277652905375593
0.0057557918568734	16.1345716870895082
0.0057601994714282	16.1904331951928242
0.0057646609917785	16.2147413412704715
0.0057691385346639	16.2065343322665036
0.0057691385346639	16.2065343322665036
0.0057736149742326	16.1659123197485002
0.0057793951380150	16.0442464255444825
0.0058048241538293	15.6514599585920475
0.0058109213769352	15.5962856476655300
0.0058170079681520	15.5725781317984193
0.0058231063948989	15.5801417887389171
0.0058231063948989	15.5801417887389171
0.0058292062460483	15.6188639048658757
0.0058353403907256	15.6890903154474231
0.0058415633350356	15.7918829108507293
0.0058478703222589	15.9277652908097238
0.0058557918568767	16.1345716875513148
0.0058601994714313	16.1904331956466905
0.0058646609917815	16.2147413417195558
0.0058691385346670	16.2065343327108558
0.0058691385346670	16.2065343327108558
0.0058736149742356	16.1659123201869903
0.0058793951380191	16.0442464259603099
0.0059048241538423	15.6514599588564636
0.0059109213769483	15.5962856479240237
0.0059170079681652	15.5725781320514827
0.0059231063949123	15.5801417889864275
0.0059231063949123	15.5801417889864275
0.0059292062460618	15.6188639051081264
0.0059353403907393	15.6890903156860038
0.0059415633350494	15.7918829110836683
0.0059478703222728	15.9277652910375398
0.0059557918568657	16.1345716871693021
0.0059601994714206	16.1904331952945952
0.0059646609917708	16.2147413413934558
0.0059691385346563	16.2065343324105662
0.0059691385346563	16.2065343324105662
0.0059736149742249	16.1659123199133710
0.0059793951380023	16.0442464258003419
0.0060048241538310	15.6514599586132288
0.0060109213769368	15.5962856476918148
0.0060170079681538	15.5725781318284398
0.0060231063949006	15.5801417887728579
0.0060231063949006	15.5801417887728579
0.0060292062460498	15.6188639049029518
0.0060353403907274	15.6890903154913417
0.0060415633350375	15.7918829108979981
0.0060478703222608	15.9277652908621228
0.0060557918568752	16.1345716875253018
0.0060601994714297	16.1904331956273282
0.0060646609917800	16.2147413417080202
0.0060691385346654	16.2065343327061768
0.0060691385346654	16.2065343327061768
0.0060736149742341	16.1659123201893671
0.0060793951380159	16.0442464259940571
0.0061048241538390	15.6514599588909036
0.0061109213769451	15.5962856479603413
0.0061170079681621	15.5725781320896548
0.0061231063949091	15.5801417890269569
0.0061231063949091	15.5801417890269569
0.0061292062460585	15.6188639051505369
0.0061353403907362	15.6890903157324768
0.0061415633350465	15.7918829111365895
0.0061478703222699	15.9277652910940830
0.0061557918568680	16.1345716873540752
0.0061601994714228	16.1904331954734957
0.0061646609917730	16.2147413415673292
0.0061691385346584	16.2065343325792561
0.0061691385346584	16.2065343325792561
0.0061736149742270	16.1659123200769699
0.0061793951380056	16.0442464259405071
0.0062048241538389	15.6514599586737582
0.0062109213769449	15.5962856477377905
0.0062170079681617	15.5725781318621603
0.0062231063949085	15.5801417887934015
0.0062231063949085	15.5801417887934015
0.0062292062460577	15.6188639049099507
0.0062353403907353	15.6890903154847017
0.0062415633350453	15.7918829108768932
0.0062478703222685	15.9277652908240093
0.0062557918568691	16.1345716871366278
0.0062601994714239	16.1904331952500051
0.0062646609917743	16.2147413413386197
0.0062691385346596	16.2065343323445816
0.0062691385346596	16.2065343323445816
0.0062736149742283	16.1659123198369556
0.0062793951380082	16.0442464256785158
0.0063048241538280	15.6514599586334473
0.0063109213769340	15.5962856477033061
0.0063170079681508	15.5725781318332590
0.0063231063948978	15.5801417887707423
0.0063231063948978	15.5801417887707423
0.0063292062460471	15.6188639048944502
0.0063353403907245	15.6890903154737718
0.0063415633350346	15.7918829108737651
0.0063478703222577	15.9277652908268390
0.0063557918568778	16.1345716876166065
0.0063601994714323	16.1904331957050509
0.0063646609917824	16.2147413417717772
0.0063691385346679	16.2065343327574674
0.0063691385346679	16.2065343327574674
0.0063736149742365	16.1659123202279780
0.0063793951380214	16.0442464259774020
0.0064048241538392	15.6514599589589629
0.0064109213769453	15.5962856480280703
0.0064170079681623	15.5725781321572541
0.0064231063949094	15.5801417890944123
0.0064231063949094	15.5801417890944123
0.0064292062460589	15.6188639052188254
0.0064353403907364	15.6890903157982393
0.0064415633350468	15.7918829112023502
0.0064478703222703	15.9277652911613075
0.0064557918568677	16.1345716874053302
0.0064601994714224	16.1904331955238909
0.0064646609917726	16.2147413416186552
0.0064691385346580	16.2065343326314810
0.0064691385346580	16.2065343326314810
0.0064736149742266	16.1659123201299408
0.0064793951380049	16.0442464259975885
0.0065048241538425	15.6514599586600429
0.0065109213769483	15.5962856477206717
0.0065170079681653	15.5725781318397249
0.0065231063949121	15.5801417887668610
0.0065231063949121	15.5801417887668610
0.0065292062460614	15.6188639048797224
0.0065353403907388	15.6890903154481762
0.0065415633350486	15.7918829108333032
0.0065478703222719	15.9277652907790621
0.0065557918568662	16.1345716869374378
0.0065601994714211	16.1904331950579667
0.0065646609917712	16.2147413411526173
0.0065691385346567	16.2065343321667328
0.0065691385346567	16.2065343321667328
0.0065736149742253	16.1659123196671324
0.0065793951380033	16.0442464255432640
0.0066048241538275	15.6514599584321452
0.0066109213769332	15.5962856475069955
0.0066170079681500	15.5725781316402454
0.0066231063948969	15.5801417885808888
0.0066231063948969	15.5801417885808888
0.0066292062460461	15.6188639047074957
0.0066353403907233	15.6890903152888210
0.0066415633350333	15.7918829106910934
0.0066478703222567	15.9277652906530687
0.0066557918568784	16.1345716874903502
0.0066601994714331	16.1904331955843297
0.0066646609917832	16.2147413416529638
0.0066691385346687	16.2065343326407465
0.0066691385346687	16.2065343326407465
0.0066736149742374	16.1659123201136836
0.0066793951380218	16.0442464258719255
0.0067048241538445	15.6514599587764209
0.0067109213769505	15.5962856478451091
0.0067170079681674	15.5725781319734402
0.0067231063949143	15.5801417889089642
0.0067231063949143	15.5801417889089642
0.0067292062460638	15.6188639050313274
0.0067353403907411	15.6890903156083024
0.0067415633350512	15.7918829110062653
0.0067478703222745	15.9277652909581064
0.0067557918568641	16.1345716870129507
0.0067601994714191	16.1904331951460634
0.0067646609917692	16.2147413412508179
0.0067691385346547	16.2065343322748774
0.0067691385346547	16.2065343322748774
0.0067736149742233	16.1659123197852992
0.0067793951379989	16.0442464257036939
0.0068048241538414	15.6514599582917064
0.0068109213769471	15.5962856473560016
0.0068170079681638	15.5725781314787017
0.0068231063949104	15.5801417884081683
0.0068231063949104	15.5801417884081683
0.0068292062460595	15.6188639045225255
0.0068353403907367	15.6890903150920646
0.0068415633350464	15.7918829104800729
0.0068478703222695	15.9277652904238387
0.0068557918568683	16.1345716866948230
0.0068601994714230	16.1904331948117139
0.0068646609917733	16.2147413409064605
0.0068691385346587	16.2065343319193822
0.0068691385346587	16.2065343319193822
0.0068736149742273	16.1659123194194194
0.0068793951380058	16.0442464252911563
0.0069048241538290	15.6514599582037377
0.0069109213769347	15.5962856472818974
0.0069170079681513	15.5725781314183500
0.0069231063948980	15.5801417883613755
0.0069231063948980	15.5801417883613755
0.0069292062460471	15.6188639044897055
0.0069353403907243	15.6890903150732477
0.0069415633350341	15.7918829104758860
0.0069478703222573	15.9277652904373817
0.0069557918568780	16.1345716872546241
0.0069601994714327	16.1904331953519645
0.0069646609917830	16.2147413414260697
0.0069691385346685	16.2065343324182258
0.0069691385346685	16.2065343324182258
0.0069736149742371	16.1659123198958738
0.0069793951380205	16.0442464256732471
0.0070048241538447	15.6514599585619720
0.0070109213769505	15.5962856476346996
0.0070170079681673	15.5725781317664289
0.0070231063949142	15.5801417887052498
0.0070231063949142	15.5801417887052498
0.0070292062460635	15.6188639048300910
0.0070353403907409	15.6890903154116454
0.0070415633350510	15.7918829108147349
0.0070478703222743	15.9277652907728093
0.0070557918568646	16.1345716868477709
0.0070601994714194	16.1904331949815017
0.0070646609917696	16.2147413410900079
0.0070691385346551	16.2065343321172683
0.0070691385346551	16.2065343321172683
0.0070736149742237	16.1659123196307846
0.0070793951379987	16.0442464255629353
0.0071048241538400	15.6514599581741152
0.0071109213769457	15.5962856472360816
0.0071170079681623	15.5725781313567158
0.0071231063949088	15.5801417882842443
0.0071231063949088	15.5801417882842443
0.0071292062460578	15.6188639043965320
0.0071353403907350	15.6890903149641758
0.0071415633350448	15.7918829103510951
0.0071478703222678	15.9277652902932356
0.0071557918568699	16.1345716866413795
0.0071601994714244	16.1904331947509093
0.0071646609917746	16.2147413408409342
0.0071691385346601	16.2065343318502819
0.0071691385346601	16.2065343318502819
0.0071736149742287	16.1659123193463969
0.0071793951380080	16.0442464252032622
0.0072048241538472	15.6514599578625511
0.0072109213769526	15.5962856469314310
0.0072170079681690	15.5725781310584033
0.0072231063949155	15.5801417879908914
0.0072231063949155	15.5801417879908914
0.0072292062460643	15.6188639041078936
0.0072353403907413	15.6890903146793725
0.0072415633350509	15.7918829100693365
0.0072478703222738	15.9277652900158255
0.0072557918568652	16.1345716861149562
0.0072601994714199	16.1904331942466193
0.0072646609917701	16.2147413403556655
0.0072691385346555	16.2065343313854768
0.0072691385346555	16.2065343313854768
0.0072736149742241	16.1659123189034375
0.0072793951379985	16.0442464248514156
0.0073048241538370	15.6514599575251054
0.0073109213769423	15.5962856466006343
0.0073170079681587	15.5725781307330724
0.0073231063949049	15.5801417876713177
0.0073231063949049	15.5801417876713177
0.0073292062460537	15.6188639037938550
0.0073353403907303	15.6890903143687552
0.0073415633350397	15.7918829097617834
0.0073478703222624	15.9277652897086099
0.0073557918568742	16.1345716863071580
0.0073601994714289	16.1904331944166451
0.0073646609917792	16.2147413405048084
0.0073691385346646	16.2065343315126391
0.0073691385346646	16.2065343315126391
0.0073736149742332	16.1659123190084344
0.0073793951380128	16.0442464248615764
0.0074048241538385	15.6514599577432048
0.0074109213769439	15.5962856468237288
0.0074170079681603	15.5725781309606841
0.0074231063949067	15.5801417879033988
0.0074231063949067	15.5801417879033988
0.0074292062460555	15.6188639040305510
0.0074353403907324	15.6890903146119580
0.0074415633350418	15.7918829100088161
0.0074478703222647	15.9277652899649080
0.0074557918568722	16.1345716864641737
0.0074601994714271	16.1904331945828766
0.0074646609917772	16.2147413406767988
0.0074691385346627	16.2065343316912092
0.0074691385346627	16.2065343316912092
0.0074736149742313	16.1659123191927456
0.0074793951380095	16.0442464250711510
0.0075048241538436	15.6514599578124169
0.0075109213769491	15.5962856468868978
0.0075170079681655	15.5725781310191849
0.0075231063949120	15.5801417879575741
0.0075231063949120	15.5801417879575741
0.0075292062460609	15.6188639040806603
0.0075353403907378	15.6890903146575980
0.0075415633350474	15.7918829100546994
0.0075478703222703	15.9277652900056790
0.0075557918568677	16.1345716862580879
0.0075601994714226	16.1904331943889233
0.0075646609917729	16.2147413404944558
0.0075691385346584	16.2065343315192614
0.0075691385346584	16.2065343315192614
0.0075736149742271	16.1659123190312037
0.0075793951380028	16.0442464249550589
0.0076048241538366	15.6514599577055726
0.0076109213769421	15.5962856467834978
0.0076170079681583	15.5725781309195899
0.0076231063949048	15.5801417878606827
0.0076231063949048	15.5801417878606827
0.0076292062460536	15.6188639039863109
0.0076353403907305	15.6890903145656448
0.0076415633350400	15.7918829099637943
0.0076478703222628	15.9277652899176996
0.0076557918568738	16.1345716864986244
0.0076601994714285	16.1904331946111633
0.0076646609917787	16.2147413407003178
0.0076691385346642	16.2065343317099995
0.0076691385346642	16.2065343317099995
0.0076736149742328	16.1659123192069920
0.0076793951380120	16.0442464250665644
0.0077048241538378	15.6514599579372131
0.0077109213769434	15.5962856470145805
0.0077170079681599	15.5725781311496920
0.0077231063949063	15.5801417880909607
0.0077231063949063	15.5801417880909607
0.0077292062460553	15.6188639042172603
0.0077353403907322	15.6890903147969318
0.0077415633350418	15.7918829101958131
0.0077478703222649	15.9277652901530526
0.0077557918568721	16.1345716866442785
0.0077601994714268	16.1904331947595743
0.0077646609917770	16.2147413408526653
0.0077691385346624	16.2065343318659423
0.0077691385346624	16.2065343318659423
0.0077736149742310	16.1659123193662211
0.0077793951380092	16.0442464252421253
0.0078048241538433	15.6514599579781510
0.0078109213769488	15.5962856470487079
0.0078170079681653	15.5725781311772451
0.0078231063949119	15.5801417881117175
0.0078231063949119	15.5801417881117175
0.0078292062460608	15.6188639042313788
0.0078353403907377	15.6890903148043428
0.0078415633350475	15.7918829101977778
0.0078478703222705	15.9277652901478479
0.0078557918568678	16.1345716863904229
0.0078601994714224	16.1904331945135489
0.0078646609917726	16.2147413406158378
0.0078691385346580	16.2065343316379646
0.0078691385346580	16.2065343316379646
0.0078736149742266	16.1659123191476155
0.0078793951380029	16.0442464250604964
0.0079048241538416	15.6514599577282141
0.0079109213769471	15.5962856468012401
0.0079170079681635	15.5725781309318982
0.0079231063949099	15.5801417878685733
0.0079231063949099	15.5801417878685733
0.0079292062460587	15.6188639039899417
0.0079353403907354	15.6890903145635381
0.0079415633350451	15.7918829099583764
0.0079478703222678	15.9277652899063629
0.0079557918568696	16.1345716862612498
0.0079601994714245	16.1904331943851361
0.0079646609917747	16.2147413404846219
0.0079691385346602	16.2065343315037893
0.0079691385346602	16.2065343315037893
0.0079736149742288	16.1659123190104452
0.0079793951380057	16.0442464249116767
0.0080048241538318	15.6514599577837838
0.0080109213769372	15.5962856468594175
0.0080170079681537	15.5725781309923761
0.0080231063949001	15.5801417879316109
0.0080231063949001	15.5801417879316109
0.0080292062460489	15.6188639040553170
0.0080353403907258	15.6890903146340328
0.0080415633350355	15.7918829100324594
0.0080478703222583	15.9277652899843467
0.0080557918568774	16.1345716867587576
0.0080601994714319	16.1904331948564923
0.0080646609917820	16.2147413409346619
0.0080691385346674	16.2065343319332413
0.0080691385346674	16.2065343319332413
0.0080736149742360	16.1659123194191103
0.0080793951380178	16.0442464252299573
0.0081048241538452	15.6514599580752591
0.0081109213769508	15.5962856471505322
0.0081170079681672	15.5725781312834322
0.0081231063949139	15.5801417882225532
0.0081231063949139	15.5801417882225532
0.0081292062460629	15.6188639043466555
0.0081353403907399	15.6890903149256182
0.0081415633350498	15.7918829103257039
0.0081478703222727	15.9277652902775824
0.0081557918568660	16.1345716864296698
0.0081601994714206	16.1904331945596027
0.0081646609917709	16.2147413406693346
0.0081691385346563	16.2065343316982968
0.0081691385346563	16.2065343316982968
0.0081736149742249	16.1659123192145451
0.0081793951379995	16.0442464251576844
0.0082048241538373	15.6514599578352058
0.0082109213769428	15.5962856469028743
0.0082170079681592	15.5725781310294700
0.0082231063949055	15.5801417879615940
0.0082231063949055	15.5801417879615940
0.0082292062460543	15.6188639040776351
0.0082353403907313	15.6890903146478973
0.0082415633350409	15.7918829100377938
0.0082478703222635	15.9277652899784261
0.0082557918568733	16.1345716865176207
0.0082601994714281	16.1904331946241982
0.0082646609917784	16.2147413407072065
0.0082691385346638	16.2065343317097614
0.0082691385346638	16.2065343317097614
0.0082736149742324	16.1659123191997267
0.0082793951380132	16.0442464250289873
0.0083048241538409	15.6514599578738096
0.0083109213769464	15.5962856469488695
0.0083170079681628	15.5725781310812312
0.0083231063949092	15.5801417880197306
0.0083231063949092	15.5801417880197306
0.0083292062460581	15.6188639041426587
0.0083353403907350	15.6890903147198202
0.0083415633350447	15.7918829101159606
0.0083478703222677	15.9277652900698570
0.0083557918568700	16.1345716864362529
0.0083601994714248	16.1904331945578264
0.0083646609917750	16.2147413406552445
0.0083691385346605	16.2065343316722412
0.0083691385346605	16.2065343316722412
0.0083736149742291	16.1659123191762504
0.0083793951380066	16.0442464250658894
0.0084048241538329	15.6514599579318467
0.0084109213769384	15.5962856470032953
0.0084170079681549	15.5725781311327882
0.0084231063949015	15.5801417880683655
0.0084231063949015	15.5801417880683655
0.0084292062460504	15.6188639041891442
0.0084353403907273	15.6890903147630922
0.0084415633350369	15.7918829101559837
0.0084478703222597	15.9277652901028457
0.0084557918568761	16.1345716868066162
0.0084601994714306	16.1904331949043083
0.0084646609917809	16.2147413409828971
0.0084691385346664	16.2065343319801229
0.0084691385346664	16.2065343319801229
0.0084736149742350	16.1659123194638568
0.0084793951380172	16.0442464252665893
0.0085048241538424	15.6514599581462619
0.0085109213769481	15.5962856472207250
0.0085170079681647	15.5725781313542218
0.0085231063949113	15.5801417882936590
0.0085231063949113	15.5801417882936590
0.0085292062460603	15.6188639044181627
0.0085353403907375	15.6890903149992980
0.0085415633350473	15.7918829103980176
0.0085478703222704	15.9277652903550937
0.0085557918568678	16.1345716866064812
0.0085601994714224	16.1904331947304989
0.0085646609917726	16.2147413408348235
0.0085691385346580	16.2065343318586272
0.0085691385346580	16.2065343318586272
0.0085736149742266	16.1659123193693652
0.0085793951380025	16.0442464252881187
0.0086048241538449	15.6514599578872726
0.0086109213769504	15.5962856469519497
0.0086170079681668	15.5725781310749110
0.0086231063949132	15.5801417880035284
0.0086231063949132	15.5801417880035284
0.0086292062460621	15.6188639041167630
0.0086353403907390	15.6890903146837282
0.0086415633350487	15.7918829100717026
0.0086478703222716	15.9277652900135660
0.0086557918568668	16.1345716862000543
0.0086601994714215	16.1904331943247044
0.0086646609917718	16.2147413404266736
0.0086691385346573	16.2065343314481396
0.0086691385346573	16.2065343314481396
0.0086736149742259	16.1659123189572469
0.0086793951380023	16.0442464248691650
0.0087048241538387	15.6514599575754438
0.0087109213769441	15.5962856466470932
0.0087170079681604	15.5725781307764031
0.0087231063949067	15.5801417877112698
0.0087231063949067	15.5801417877112698
0.0087292062460554	15.6188639038303556
0.0087353403907321	15.6890903144023266
0.0087415633350416	15.7918829097933600
0.0087478703222642	15.9277652897366124
0.0087557918568726	16.1345716862501867
0.0087601994714274	16.1904331943634610
0.0087646609917776	16.2147413404540366
0.0087691385346630	16.2065343314648125
0.0087691385346630	16.2065343314648125
0.0087736149742317	16.1659123189633931
0.0087793951380107	16.0442464248280565
0.0088048241538352	15.6514599577275852
0.0088109213769407	15.5962856468020625
0.0088170079681570	15.5725781309344349
0.0088231063949034	15.5801417878722983
0.0088231063949034	15.5801417878722983
0.0088292062460522	15.6188639039946384
0.0088353403907291	15.6890903145715743
0.0088415633350387	15.7918829099678870
0.0088478703222615	15.9277652899187281
0.0088557918568748	16.1345716865520465
0.0088601994714296	16.1904331946600131
0.0088646609917798	16.2147413407438918
0.0088691385346653	16.2065343317476085
0.0088691385346653	16.2065343317476085
0.0088736149742339	16.1659123192384335
0.0088793951380146	16.0442464250712540
0.0089048241538382	15.6514599579812685
0.0089109213769437	15.5962856470637199
0.0089170079681602	15.5725781312033291
0.0089231063949066	15.5801417881488913
0.0089231063949066	15.5801417881488913
0.0089292062460556	15.6188639042790030
0.0089353403907327	15.6890903148642273
0.0089415633350424	15.7918829102686473
0.0089478703222654	15.9277652902295674
0.0089557918568718	16.1345716867039251
0.0089601994714264	16.1904331948219706
0.0089646609917765	16.2147413409184900
0.0089691385346620	16.2065343319349076
0.0089691385346620	16.2065343319349076
0.0089736149742306	16.1659123194377727
0.0089793951380083	16.0442464253234647
0.0090048241538400	15.6514599580992861
0.0090109213769456	15.5962856471738753
0.0090170079681623	15.5725781313067344
0.0090231063949089	15.5801417882463262
0.0090231063949089	15.5801417882463262
0.0090292062460580	15.6188639043715547
0.0090353403907349	15.6890903149499294
0.0090415633350448	15.7918829103505622
0.0090478703222679	15.9277652903070184
0.0090557918568699	16.1345716866692079
0.0090601994714246	16.1904331947888771
0.0090646609917748	16.2147413408860182
0.0090691385346603	16.2065343319025068
0.0090691385346603	16.2065343319025068
0.0090736149742289	16.1659123194054501
0.0090793951380065	16.0442464252916039
0.0091048241538354	15.6514599581126337
0.0091109213769410	15.5962856471828317
0.0091170079681576	15.5725781313110776
0.0091231063949042	15.5801417882461788
0.0091231063949042	15.5801417882461788
0.0091292062460532	15.6188639043662771
0.0091353403907304	15.6890903149418293
0.0091415633350400	15.7918829103346852
0.0091478703222631	15.9277652902843432
0.0091557918568737	16.1345716868472344
0.0091601994714282	16.1904331949500744
0.0091646609917784	16.2147413410330543
0.0091691385346639	16.2065343320350230
0.0091691385346639	16.2065343320350230
0.0091736149742325	16.1659123195235566
0.0091793951380134	16.0442464253498080
0.0092048241538394	15.6514599582116976
0.0092109213769451	15.5962856472816505
0.0092170079681616	15.5725781314100207
0.0092231063949082	15.5801417883444611
0.0092231063949082	15.5801417883444611
0.0092292062460573	15.6188639044643534
0.0092353403907343	15.6890903150380243
0.0092415633350443	15.7918829104344027
0.0092478703222674	15.9277652903856843
0.0092557918568702	16.1345716867591058
0.0092601994714247	16.1904331948722557
0.0092646609917750	16.2147413409654746
0.0092691385346605	16.2065343319772701
0.0092691385346605	16.2065343319772701
0.0092736149742291	16.1659123194757512
0.0092793951380078	16.0442464253425747
0.0093048241538379	15.6514599581434126
0.0093109213769436	15.5962856472178775
0.0093170079681602	15.5725781313510367
0.0093231063949068	15.5801417882907405
0.0093231063949068	15.5801417882907405
0.0093292062460559	15.6188639044158695
0.0093353403907330	15.6890903149952674
0.0093415633350428	15.7918829103943299
0.0093478703222657	15.9277652903478497
0.0093557918568715	16.1345716867994255
0.0093601994714261	16.1904331949132434
0.0093646609917763	16.2147413410061247
0.0093691385346617	16.2065343320180055
0.0093691385346617	16.2065343320180055
0.0093736149742304	16.1659123195165755
0.0093793951380090	16.0442464253838359
0.0094048241538511	15.6514599579886546
0.0094109213769567	15.5962856470642439
0.0094170079681732	15.5725781311982416
0.0094231063949199	15.5801417881387305
0.0094231063949199	15.5801417881387305
0.0094292062460688	15.6188639042642201
0.0094353403907459	15.6890903148443552
0.0094415633350555	15.7918829102422027
0.0094478703222784	15.9277652901962572
0.0094557918568613	16.1345716860990080
0.0094601994714163	16.1904331942484703
0.0094646609917665	16.2147413403723029
0.0094691385346519	16.2065343314165560
0.0094691385346519	16.2065343314165560
0.0094736149742205	16.1659123189488447
0.0094793951379916	16.0442464249578691
0.0095048241538385	15.6514599574962361
0.0095109213769438	15.5962856465721362
0.0095170079681601	15.5725781307053772
0.0095231063949063	15.5801417876438748
0.0095231063949063	15.5801417876438748
0.0095292062460549	15.6188639037660195
0.0095353403907316	15.6890903143420033
0.0095415633350411	15.7918829097373656
0.0095478703222638	15.9277652896865618
0.0095557918568728	16.1345716862192567
0.0095601994714278	16.1904331943370146
0.0095646609917779	16.2147413404291498
0.0095691385346634	16.2065343314421817
0.0095691385346634	16.2065343314421817
0.0095736149742320	16.1659123189426879
0.0095793951380105	16.0442464248175050
0.0096048241538393	15.6514599576530085
0.0096109213769446	15.5962856467269564
0.0096170079681609	15.5725781308579894
0.0096231063949073	15.5801417877945028
0.0096231063949073	15.5801417877945028
0.0096292062460560	15.6188639039148178
0.0096353403907330	15.6890903144914606
0.0096415633350425	15.7918829098859206
0.0096478703222653	15.9277652898343547
0.0096557918568719	16.1345716863067992
0.0096601994714266	16.1904331944218960
0.0096646609917769	16.2147413405154275
0.0096691385346624	16.2065343315285126
0.0096691385346624	16.2065343315285126
0.0096736149742310	16.1659123190291503
0.0096793951380095	16.0442464249028340
0.0097048241538439	15.6514599576456028
0.0097109213769493	15.5962856467204123
0.0097170079681656	15.5725781308520084
0.0097231063949119	15.5801417877896480
0.0097231063949119	15.5801417877896480
0.0097292062460606	15.6188639039112918
0.0097353403907375	15.6890903144872507
0.0097415633350470	15.7918829098810463
0.0097478703222697	15.9277652898287876
0.0097557918568681	16.1345716861031470
0.0097601994714231	16.1904331942349238
0.0097646609917733	16.2147413403396037
0.0097691385346587	16.2065343313648711
0.0097691385346587	16.2065343313648711
0.0097736149742273	16.1659123188778899
0.0097793951380030	16.0442464248043457
0.0098048241538373	15.6514599575513991
0.0098109213769426	15.5962856466312250
0.0098170079681588	15.5725781307683864
0.0098231063949051	15.5801417877104402
0.0098231063949051	15.5801417877104402
0.0098292062460538	15.6188639038363792
0.0098353403907306	15.6890903144162888
0.0098415633350402	15.7918829098160352
0.0098478703222628	15.9277652897675051
0.0098557918568737	16.1345716863503625
0.0098601994714284	16.1904331944649620
0.0098646609917786	16.2147413405575129
0.0098691385346641	16.2065343315700332
0.0098691385346641	16.2065343315700332
0.0098736149742327	16.1659123190702232
0.0098793951380112	16.0442464249429513
0.0099048241538471	15.6514599576591831
0.0099109213769524	15.5962856467354243
0.0099170079681688	15.5725781308678997
0.0099231063949151	15.5801417878064221
0.0099231063949151	15.5801417878064221
0.0099292062460638	15.6188639039288653
0.0099353403907408	15.6890903145071832
0.0099415633350504	15.7918829099040288
0.0099478703222730	15.9277652898498037
0.0099557918568655	16.1345716859852111
0.0099601994714205	16.1904331941243385
0.0099646609917708	16.2147413402375200
0.0099691385346562	16.2065343312707739
0.0099691385346562	16.2065343312707739
0.0099736149742248	16.1659123187920635
0.0099793951379985	16.0442464247549026
