0.0000000000000000	0.0000000000000000
0.0000000083333333	0.0020000000000000
0.0000000093050087	0.0002400000000000
0.0001000041666675	0.0007199999999025
0.0001000083333342	0.0011166010488502
0.0001250041354285	6.0061092093126405
0.0001294876447705	6.0001004046735193
0.0001339773032267	5.9820325339833111
0.0001384516521063	5.9520564325168053
0.0001429637200088	5.9098836481741017
0.0001474937860165	5.8556434317761790
0.0001520197280568	5.7896962497624340
0.0001565600087599	5.7119205116099074
0.0001611177623056	5.6223531101474977
0.0001656962306411	5.5210247547538520
0.0001703040132049	5.4078367439544319
0.0001748904119124	5.2842887335369522
0.0001794931711875	5.1496925702064207
0.0001841154891843	5.0041656789591880
0.0001887609397170	4.8478126698613986
0.0001934337087586	4.6807149246249118
0.0001981388847563	4.5029159625130086
0.0002000185655507	4.4256481703489063
0.0002250158803338	10.4250926546600535
0.0002250158803338	10.4145676620051759
0.0002295526223120	10.2501662319582660
0.0002341252133703	10.0429724417610320
0.0002387118774356	9.8149930344819172
0.0002433161183120	9.5664192926762226
0.0002479411972360	9.2974485864382910
0.0002525908219946	9.0082497636534438
0.0002572693907619	8.6989422000744572
0.0002619823001110	8.3695662255470769
0.0002667430681318	8.0195595045379608
0.0002714491723987	7.6573483244292300
0.0002761825441856	7.2776490941946079
0.0002809498347740	6.8805615068524579
0.0002857596143898	6.4660021799678864
0.0002906234107219	6.0335982240836064
0.0002955574032197	5.5825113075188524
0.0003000298212224	5.1634248358580326
0.0003250155406231	11.1600845900098626
0.0003250155406231	11.1488246054199411
0.0003296525040969	10.7324619150406662
0.0003343489212097	10.2667278367736294
0.0003390701330371	9.7779125205053301
0.0003438225907424	9.2661774349954360
0.0003486140042333	8.7315182156857247
0.0003534545745632	8.1736136184882842
0.0003583583770523	7.5916375350815457
0.0003633456943989	6.9839393859817092
0.0003684611902481	6.3457428115249588
0.0003734909386744	5.7052652932836176
0.0003786277658775	5.0395863391039342
0.0003839315660042	4.3419081112441846
0.0003895199751600	3.5975738220940729
0.0003958417279456	2.7472009624205582
0.0004000105109363	2.1827169893664018
0.0004250058539765	8.1816938622908104
0.0004250058539765	8.1734122684284802
0.0004298552545153	7.5410499923704535
0.0004348194789709	6.8618752816089836
0.0004398667948341	6.1574570924607643
0.0004450375539805	5.4232337074854087
0.0004504025892456	4.6501059482263383
0.0004561254623610	3.8152383528749980
0.0004620273579901	2.9463142749758600
0.0004689566206017	1.9196855016434748
0.0004805339494615	0.2011076934132187
0.0004818812820524	0.0020841747975810
0.0004818980205627	0.0006126630947295
0.0004818980205627	0.0000923471459092
0.0004863986786225	0.0016130804141148
0.0004863999939551	0.0026135045665230
0.0004864017756630	0.0000934095627936
0.0005000041666703	0.0005754168592036
0.0005000083333395	0.0013704761693284
0.0005250026046600	6.0000955887055776
0.0005250026046600	5.9939955931167477
0.0005295863650670	5.3528050594345000
0.0005352834585884	4.5295621224506553
0.0005408522400013	3.7151409646729654
0.0005469544684847	2.8146939376680353
0.0005557286469142	1.5121773344437632
0.0005632574755639	0.3926102591501225
0.0005658948932052	0.0023646366253650
0.0005659135234266	0.0006125607440600
0.0005659135234266	0.0000922812408933
0.0005866660968256	0.0016154204162749
0.0005866674122383	0.0026157324015188
0.0005866691939385	0.0000956154261575
0.0006000041666701	0.0005775550540459
0.0006000083333393	0.0013726265339105
0.0006250026189877	6.0001011777630460
0.0006250026189877	5.9940011765853427
0.0006295837268964	5.3627445014477475
0.0006352523263113	4.5553845643151183
0.0006407878043341	3.7572325966226829
0.0006468169120389	2.8798443075770415
0.0006550403939675	1.6754837980315103
0.0006651520723166	0.1921751960079957
0.0006664535469619	0.0022873731466870
0.0006664718702764	0.0006155900810473
0.0006664718702764	0.0000941887778168
0.0006783126841519	0.0016171019362129
0.0006783139985850	0.0026174365501973
0.0006783157798930	0.0000962099297636
0.0007000041666701	0.0005793512895051
0.0007000083333393	0.0013750382006858
0.0007250026309853	6.0001064688628123
0.0007250026309853	5.9940064623939300
0.0007295700466211	5.3725554166430332
0.0007352135899592	4.5784679097398131
0.0007407214374602	3.7936940584914089
0.0007466913987210	2.9349722260120457
0.0007545305991968	1.7998410337986563
0.0007666560157512	0.0411837261370360
0.0007669276030713	0.0020043908797671
0.0007669441464307	0.0006181042754113
0.0007669441464307	0.0000957573521971
0.0007759888141827	0.0016191809881754
0.0007759901277924	0.0026195318612144
0.0007759919087696	0.0000973684342651
0.0008000041666703	0.0005808180604084
0.0008000083333394	0.0013770246231121
0.0008250026409588	6.0001108488779886
0.0008250026409588	5.9940108380290305
0.0008295617897135	5.3801969892738990
0.0008351857160278	4.5968439419098974
0.0008406717165827	3.8228995030430277
0.0008465960152631	2.9789800217781925
0.0008541708100192	1.8924645144588719
0.0008673227218221	0.0023111268125403
0.0008673415454723	0.0006201891221452
0.0008673415454723	0.0000970467369552
0.0008749813184202	0.0016210448586194
0.0008749826313387	0.0026214079837782
0.0008749844120375	0.0000984557865803
0.0009000041666701	0.0005820225210978
0.0009000083333392	0.0013786666781132
0.0009250026492244	6.0001144747365185
0.0009250026492244	5.9940144602616874
0.0009295573217930	5.3861550278003998
0.0009351656158161	4.6115256982344057
0.0009406341940098	3.8463722214134219
0.0009465227445582	3.0142849929061351
0.0009539075775230	1.9633146817526819
0.0009676584683165	0.0018617844502616
0.0009676742536312	0.0006219099160024
0.0009676742536312	0.0000981053686649
0.0009744436118429	0.0016226290951104
0.0009744449241868	0.0026230018330013
0.0009744467046538	0.0000993927517157
0.0010000041666704	0.0005830118464606
0.0010000083333395	0.0013800204716014
0.0010250026560586	6.0001174686592149
0.0010250026560586	5.9940174511904596
0.0010295545775164	5.3909211113009849
0.0010351502632443	4.6234035474033890
0.0010406048322101	3.8654043176291246
0.0010464650515662	3.0428364263796475
0.0010537088702555	2.0186302283545356
0.0010679386378850	0.0014481816715725
0.0010679515775765	0.0006233291242209
0.0010679515775765	0.0000989735947633
0.0010741255793192	0.0016239558117935
0.0010741268911855	0.0026243361993990
0.0010741286714596	0.0001001803544228
0.0011000041666699	0.0005838238228715
0.0011000083333390	0.0033811358454444
0.0011250026616779	6.0021199347888299
0.0011250026616779	5.9940199148540794
0.0011295527552319	5.3947733144806485
0.0011351382225766	4.6330591429132939
0.0011405814798117	3.8808884121873608
0.0011464190859361	3.0660072302695078
0.0011535559240937	2.0623463123627030
0.0011681715151765	0.0010776800822068
0.0011681818716888	0.0006244973743774
0.0011681818716888	0.0000996849781229
0.0011739248795838	0.0016250580019051
0.0011739261910544	0.0026254445234087
0.0011739279711687	0.0001008352060575
0.0012000041666705	0.0005844896296950
0.0012000083333396	0.0013820533026981
0.0012250026663390	6.0001219687596796
0.0012250026663390	5.9940219467908706
0.0012295514820898	5.3979014502804485
0.0012351286481596	4.6409245152296048
0.0012405627484120	3.8935047532634499
0.0012463822177782	3.0848455584011671
0.0012534366082238	2.0971744028300869
0.0012683644462445	0.0007523885121400
0.0012683725111215	0.0006254574993139
0.0012683725111215	0.0001002673814861
0.0012737923555689	0.0016259693197048
0.0012737936667127	0.0026263607824987
0.0012737954466948	0.0001013764858589
0.0013000041666703	0.0005850351099898
0.0013000083333394	0.0033828068880354
0.0013250026701362	6.0021236357439589
0.0013250026701362	5.9940236121082435
0.0013295505571737	5.4004478661615991
0.0013351209704423	4.6473381024250173
0.0013405476450216	3.9037921085646161
0.0013463525162386	3.1001779930237641
0.0013533426089340	2.1250785205975413
0.0013685238431013	0.0004711034088515
0.0013685299100199	0.0006262455134288
0.0013685299100199	0.0001007438673228
0.0013737017983856	0.0016267204274050
0.0013737031092599	0.0026271158830305
0.0013737048891330	0.0001018222794491
0.0014000041666705	0.0005854816701784
0.0014000083333396	0.0013834251159399
0.0014250026732876	6.0001250082505750
0.0014250026732876	5.9940249832423218
0.0014295498695300	5.4025228785414043
0.0014351147852284	4.6525698681974648
0.0014405354306190	3.9121828951827227
0.0014463285203975	3.1126647544488959
0.0014532680117505	2.1475259831477671
0.0014686552335298	0.0002307198058716
0.0014686596386946	0.0006189889837615
0.0014686596386946	0.0001011334860128
0.0014736382120691	0.0016194355168145
0.0014736395295438	0.0026198362812333
0.0014736413121174	0.0001021885543749
0.0015000041666701	0.0005858470129420
0.0015000083333392	0.0033795493311557
0.0015250026758373	6.0021217464746464
0.0015250026758373	5.9940217247282233
0.0015295493458119	5.4042107076637862
0.0015351097847415	4.6568341650538221
0.0015405255314300	3.9190234257108547
0.0015463090955175	3.1228336130076060
0.0015532084905148	2.1656324803809506
0.0015687633034733	0.0000272261845798
0.0015687667091814	0.0005553716306691
0.0015687667091814	0.0001014519739170
0.0015735925562059	0.0015557960389241
0.0015735939315986	0.0025562172314073
0.0015735957372410	0.0001024890143178
0.0016000041666702	0.0005861457635242
0.0016000083333392	0.0013445970131759
0.0016250026779603	6.0000873017707432
0.0016250026779603	5.9939873144690567
0.0016295489439622	5.4055554700262469
0.0016351057435564	4.6602807737092169
0.0016405175153845	3.9245702486388248
0.0016462933807714	3.1310851806968891
0.0016531608898515	2.1802304245700266
0.0016688518710716	-0.0001434328496599
0.0016688546678737	0.0004698037013700
0.0016688546678737	0.0001017123266617
0.0016735592273606	0.0014702107400304
0.0016735606890110	0.0024706607662231
0.0016735625270763	0.0001027353231312
0.0017000041666705	0.0005863900777018
0.0017000083333395	0.0032981154890964
0.0017250026796653	6.0020412312704590
0.0017250026796653	5.9939412900392179
0.0017295486295283	5.4066353140138403
0.0017351024661156	4.6630762788319826
0.0017405110066953	3.9290791432570700
0.0017462806337158	3.1377951026810695
0.0017531226394907	2.1920384001755688
0.0017644274061846	0.6215870670798170
0.0017684440378823	0.0660619374357308
0.0017689078717620	0.0020092331732979
0.0017689251162635	0.0006282132024394
0.0017689251162635	0.0001019271533559
0.0017735402711679	0.0016286092748794
0.0017735415813649	0.0026290134417517
0.0017735433609633	0.0001029403320086
0.0018000041666706	0.0005865922648872
0.0018000083333397	0.0013849683799912
0.0018250026811115	6.0001284292172139
0.0018250026811115	5.9940284007880580
0.0018295483788977	5.4076529641361493
0.0018350997352998	4.6655160333041357
0.0018405055745442	3.9329386739385663
0.0018462700000296	3.1434781660749214
0.0018530909663639	2.2019207817808399
0.0018638394099737	0.7104840130445003
0.0018683293706414	0.0901021236439929
0.0018689680109911	0.0020172930208985
0.0018689853337832	0.0006285062059970
0.0018689853337832	0.0001021028129781
0.0018735134653092	0.0016288901236948
0.0018735147754048	0.0026292958692963
0.0018735165549622	0.0001031062945605
0.0019000041666701	0.0005867574736109
0.0019000083333391	0.0013851982378151
0.0019250026822792	6.0001289394654247
0.0019250026822792	5.9940289105259739
0.0019295481536407	5.4084162685221191
0.0019350975035767	4.6674381081741219
0.0019405011615066	3.9360169039986310
0.0019462613956254	3.1480374421861446
0.0019530655532994	2.2098536090838370
0.0019634653167960	0.7682027906041470
0.0019682579360312	0.1065836197209862
0.0019690167862641	0.0020241775158210
0.0019690341753597	0.0006287460788477
0.0019690341753597	0.0001022464888407
0.0019734940395974	0.0016291205179931
0.0019734953496099	0.0026295275088443
0.0019734971291337	0.0001032424323902
0.0020000041666704	0.0005868926345862
0.0020000083333395	0.0013853864122042
0.0020250026832354	6.0001293570316117
0.0020250026832354	5.9940293276746033
0.0020295479779977	5.4090395958550603
0.0020350956893487	4.6690086191364735
0.0020404975671569	3.9385322147622892
0.0020462543868488	3.1517615034440909
0.0020530449478660	2.2163125358776723
0.0020632033782792	0.8092520557207332
0.0020682100331809	0.1186018982637435
0.0020690567671407	0.0020298609097364
0.0020690742109478	0.0006289423913110
0.0020690742109478	0.0001023639860262
0.0020734793378180	0.0016293092737499
0.0020734806477624	0.0026297172701410
0.0020734824272586	0.0001033539402718
0.0021000041666694	0.0005870031722633
0.0021000083333385	0.0013855403892929
0.0021250026840179	6.0001296990447370
0.0021250026840179	5.9940296693456432
0.0021295478386650	5.4095487872763348
0.0021350942117641	4.6702918964119640
0.0021404946366527	3.9405874555860225
0.0021462486735296	3.1548033538259497
0.0021530282162906	2.2215745565813756
0.0021630113846134	0.8397101414961674
0.0021681766646740	0.1276236438562443
0.0021690895159068	0.0020344783087992
0.0021691070043007	0.0006291029833443
0.0021691070043007	0.0001024600453013
0.0021734680084418	0.0016294638039715
0.0021734693183305	0.0026298726159035
0.0021734710978041	0.0001034452089177
0.0022000041666697	0.0005870935477770
0.0022000083333387	0.0033856663352810
0.0022250026846391	6.0021299760211511
0.0022250026846391	5.9940299460451616
0.0022295477265025	5.4099648536467955
0.0022350930066306	4.6713404938603098
0.0022404922455145	3.9422667343373381
0.0022462440134725	3.1572880019583263
0.0022530146144350	2.2258635698536149
0.0022628665633811	0.8629089873966904
0.0022681527770696	0.1345284205031906
0.0022691163256524	0.0020382071705312
0.0022691338502068	0.0006292343108189
0.0022691338502068	0.0001025385608000
0.0022734591688304	0.0016295902487383
0.0022734604786735	0.0026299997231985
0.0022734622581287	0.0001035198749596
0.0023000041666697	0.0005871674227777
0.0023000083333387	0.0013857693216335
0.0023250026851815	6.0001302071854470
0.0023250026851815	5.9940301769781446
0.0023295476377944	5.4103045709459909
0.0023350920252707	4.6721970213267809
0.0023404902959956	3.9436384759110852
0.0023462402135556	3.1593172123577578
0.0023530035496306	2.2293605130686500
0.0023627551915817	0.8808891385644443
0.0023681353123630	0.1398865390956785
0.0023691382641133	0.0020412128511600
0.0023691558179464	0.0006293416814208
0.0023691558179464	0.0001026027273617
0.0023734522117549	0.0016296936750817
0.0023734535215608	0.0026301036883796
0.0023734553010008	0.0001035809381555
0.0024000041666699	0.0005872278007562
0.0024000083333389	0.0033858535156886
0.0024250026855906	6.0021303915062241
0.0024250026855906	5.9940303611146692
0.0024295475648648	5.4105822601515152
0.0024350912232934	4.6728969374186837
0.0024404887035546	3.9447592664675346
0.0024462371115220	3.1609747883526329
0.0024529945390601	2.2322129351415083
0.0024626683421963	0.8949982644265739
0.0024681223164798	0.1440884698952870
0.0024691562095805	0.0020436361423189
0.0024691737871199	0.0006294294463960
0.0024691737871199	0.0001026551598577
0.0024734466938412	0.0016297782463362
0.0024734480036165	0.0026301886989965
0.0024734497830442	0.0001036308620053
0.0025000041666697	0.0005872771404358
0.0025000083333388	0.0013859223330787
0.0025250026859593	6.0001305468735033
0.0025250026859593	5.9940305163267666
0.0025295475073107	5.4108089240208157
0.0025350905703073	4.6734685344380811
0.0025404874052145	3.9456746509673160
0.0025462345814924	3.1623284404591625
0.0025529872002595	2.2345398202367970
0.0025625999347656	0.9061679371933820
0.0025681125076623	0.1474098543819568
0.0025691708850243	0.0020455915425757
0.0025691884817676	0.0006295011761131
0.0025691884817676	0.0001026980009801
0.0025734422966339	0.0016298473860148
0.0025734436063843	0.0026302581964880
0.0025734453858020	0.0001036716714445
0.0026000041666694	0.0005873174564094
0.0026000083333385	0.0013859785748239
0.0026250026862453	6.0001306718110836
0.0026250026862453	5.9940306411393296
0.0026295474600588	5.4109941549481366
0.0026350900367483	4.6739355422324111
0.0026404863446895	3.9464224780566699
0.0026462325157518	3.1634341309559240
0.0026529812180083	2.2364386669750473
0.0026625456323228	0.9150708448251095
0.0026681050098400	0.1500521615147443
0.0026691828832831	0.0020471716552634
0.0026692004955976	0.0006295597921546
0.0026692004955976	0.0001027330020992
0.0026734387741720	0.0016299038984300
0.0026734400839020	0.0026303150007710
0.0026734418633114	0.0001037050243018
0.0027000041666704	0.0005873503959744
0.0027000083333395	0.0033860245330745
0.0027250026864600	6.0021307710625269
0.0027250026864600	5.9940307402914641
0.0027295474209334	5.4111455540595470
0.0027350896004448	4.6743171141227267
0.0027404854780671	3.9470334272167302
0.0027462308286254	3.1643373015068041
0.0027529763394077	2.2379884945211419
0.0027625022725901	0.9222032554458439
0.0027680992173759	0.1521648214873639
0.0027691926907153	0.0020484502960645
0.0027692103156674	0.0006296076863639
0.0027692103156674	0.0001027615957417
0.0027734359418205	0.0016299500822098
0.0027734372515339	0.0026303614226398
0.0027734390309365	0.0001037322790175
0.0028000041666701	0.0005873773064339
0.0028000083333391	0.0013860620839165
0.0028250026866699	6.0001308570709195
0.0028250026866699	5.9940308262137796
0.0028295473905590	5.4112690457702000
0.0028350892456823	4.6746286211000552
0.0028404847719496	3.9475322839827305
0.0028462294527926	3.1650747767127148
0.0028529723621174	2.2392533216904207
0.0028624674998647	0.9279387896941507
0.0028680947045244	0.1538604860131728
0.0028692007065240	0.0020494861783094
0.0028692183417407	0.0006296468183399
0.0028692183417407	0.0001027849547265
0.0028734336606560	0.0016299878225876
0.0028734349703557	0.0026303993570908
0.0028734367497528	0.0001037545494707
0.0029000041666700	0.0005873992909308
0.0029000083333390	0.0013860927640974
0.0029250026868259	6.0001309252164221
0.0029250026868259	5.9940308942911713
0.0029295473652276	5.4113699935716104
0.0029350889554111	4.6748831456541531
0.0029404841947345	3.9479398368425502
0.0029462283287935	3.1656771963699519
0.0029529691165615	2.2402859552150267
0.0029624395067253	0.9325661449981183
0.0029680911591719	0.1552261745419534
0.0029692072569504	0.0020503265951266
0.0029692249005125	0.0006296787881193
0.0029692249005125	0.0001028040361162
0.0029734318163832	0.0016300186590754
0.0029734331260719	0.0026304303521203
0.0029734349054645	0.0001037727449410
0.0030000041666703	0.0005874172500393
0.0030000083333394	0.0033861178289562
0.0030250026869344	6.0021309782353374
0.0030250026869344	5.9940309472571336
0.0030295473438253	5.4114525428878650
0.0030350887176263	4.6750911359675342
0.0030404837226007	3.9482728181167785
0.0030462274102034	3.1661693168757168
0.0030529664672920	2.2411291185882583
0.0030624169070450	0.9363085274913714
0.0030680883553634	0.1563289997045801
0.0030692126091648	0.0020510091756717
0.0030692302595170	0.0006297049043604
0.0030692302595170	0.0001028196222737
0.0030734303220452	0.0016300438518464
0.0030734316317248	0.0026304556742939
0.0030734334111137	0.0001037876095793
0.0031000041666705	0.0005874319198401
0.0031000083333395	0.0013861383040967
0.0031250026870575	6.0001310262159819
0.0031250026870575	5.9940309951896804
0.0031295473278087	5.4115197934652794
0.0031350885248821	4.6752608462853047
0.0031404833385132	3.9485446124325101
0.0031462266616526	3.1665710654840105
0.0031529643069028	2.2418173218620279
0.0031623986278301	0.9393400472839747
0.0031680861283579	0.1572211398797494
0.0031692169823816	0.0020515638948314
0.0031692346382606	0.0006297262396870
0.0031692346382606	0.0001028323540847
0.0031734291123004	0.0016300644346626
0.0031734304219725	0.0026304763626001
0.0031734322013584	0.0001037997536749
0.0032000041666706	0.0005874439032079
0.0032000083333397	0.0013861550306319
0.0032250026871425	6.0001310633147531
0.0032250026871425	5.9940310322515158
0.0032295473141268	5.4115748010640088
0.0032350883668588	4.6753995428663382
0.0032404830242043	3.9487666912400154
0.0032462260497055	3.1668992804303322
0.0032529625427007	2.2423793611291991
0.0032623838096520	0.9418004090163913
0.0032680843489817	0.1579443808790633
0.0032692205552014	0.0020520152407757
0.0032692382155828	0.0006297436676465
0.0032692382155828	0.0001028427535577
0.0032734281290459	0.0016300812488919
0.0032734294387120	0.0026304932632831
0.0032734312180954	0.0001038096739919
0.0033000041666703	0.0005874536915105
0.0033000083333394	0.0013861686941150
0.0033250026872120	6.0001310937286796
0.0033250026872120	5.9940310626349387
0.0033295473029698	5.4116197301737046
0.0033350882378126	4.6755128271799187
0.0033404827675219	3.9489480787678000
0.0033462255499765	3.1671673479559952
0.0033529611025232	2.2428383014751052
0.0033623717818595	0.9437993952130131
0.0033680829223932	0.1585314315356136
0.0033692234739831	0.0020523826712045
0.0033692411380336	0.0006297579035860
0.0033692411380336	0.0001028512478461
0.0033734273297924	0.0016300949842319
0.0033734286394535	0.0026305070687552
0.0033734304188349	0.0001038177775580
0.0034000041666698	0.0005874616866740
0.0034000083333388	0.0013861798546257
0.0034250026872688	6.0001311186482855
0.0034250026872688	5.9940310875296383
0.0034295472938712	5.4116564267679701
0.0034350881324297	4.6756053541908456
0.0034404825578991	3.9490962294326182
0.0034462251418791	3.1673862898212679
0.0034529599267548	2.2432130693746086
0.0034623620076211	0.9454251281307340
0.0034680817749377	0.1590084809757541
0.0034692258583463	0.0020526819573310
0.0034692435253879	0.0006297695318572
0.0034692435253879	0.0001028581858839
0.0034734266795410	0.0016301062040807
0.0034734279891981	0.0026305183461603
0.0034734297685778	0.0001038243968921
0.0035000041666700	0.0005874682171197
0.0035000083333391	0.0013861889709696
0.0035250026873151	6.0001311388260765
0.0035250026873151	5.9940311076873316
0.0035295472864491	5.4116863989050650
0.0035350880463687	4.6756809265645503
0.0035404823867052	3.9492172325357235
0.0035462248086041	3.1675651083458556
0.0035529589667802	2.2435191121990457
0.0035623540572224	0.9467483555310108
0.0035680808495071	0.1593965016534310
0.0035692278060674	0.0020529258527388
0.0035692454755484	0.0006297790299857
0.0035692454755484	0.0001028638527310
0.0035734261501411	0.0016301153689270
0.0035734274597949	0.0026305275580334
0.0035734292391733	0.0001038298037178
0.0036000041666704	0.0005874735511013
0.0036000083333395	0.0013861964172861
0.0036250026873530	6.0001311552638406
0.0036250026873530	5.9940311241086475
0.0036295472803934	5.4117108787951844
0.0036350879760856	4.6757426508569022
0.0036404822468932	3.9493160623628603
0.0036462245364282	3.1677111566145824
0.0036529581829453	2.2437690396104371
0.0036623475854010	0.9478260607760849
0.0036680801014695	0.1597123481057345
0.0036692293970605	0.0020531246874070
0.0036692470685313	0.0006297867879253
0.0036692470685313	0.0001028684812535
0.0036734257188805	0.0016301228548559
0.0036734270285315	0.0026305350822052
0.0036734288079089	0.0001038342200545
0.0037000041666697	0.0005874779077382
0.0037000083333388	0.0033862024992861
0.0037250026873650	6.0021311663895531
0.0037250026873650	5.9940311352230591
0.0037295472746699	5.4117309683210273
0.0037350879179083	4.6757931582402366
0.0037404821319115	3.9493968766282741
0.0037462243133158	3.1678305374978444
0.0037529575419678	2.2439732539629911
0.0037623423113826	0.9487045835363745
0.0037680794947418	0.1599697093333098
0.0037692306964305	0.0020532869033849
0.0037692483695251	0.0006297931237028
0.0037692483695251	0.0001028722611611
0.0037734253662750	0.0016301289684854
0.0037734266759239	0.0026305412271126
0.0037734284553003	0.0001038378267029
0.0038000041666698	0.0005874814657082
0.0038000083333388	0.0013862074664084
0.0038250026874092	6.0001311799547530
0.0038250026874092	5.9940311487747806
0.0038295472714144	5.4117472018027142
0.0038350878718110	4.6758342357604539
0.0038404820394610	3.9494627023918221
0.0038462241326269	3.1679278529802142
0.0038529570202985	2.2441398145545040
0.0038623380184662	0.9494201045857918
0.0038680790044444	0.1601792208632134
0.0038692317580065	0.0020534190969364
0.0038692494324254	0.0006297982995830
0.0038692494324254	0.0001028753489994
0.0038734250808531	0.0016301339632443
0.0038734263905002	0.0026305462476447
0.0038734281698759	0.0001038407732788
0.0039000041666705	0.0005874843721764
0.0039000083333396	0.0013862115242451
0.0039250026874298	6.0001311887823130
0.0039250026874298	5.9940311575936729
0.0039295472681256	5.4117605391371004
0.0039350878335298	4.6758678659195496
0.0039404819633014	3.9495165492747879
0.0039462239843672	3.1680074239915950
0.0039529565934849	2.2442759487498329
0.0039623345160514	0.9500039573041049
0.0039680786054655	0.1603501324627712
0.0039692326250634	0.0020535270219550
0.0039692503005636	0.0006298025270221
0.0039692503005636	0.0001028778709672
0.0039734248471268	0.0016301380426981
0.0039734261567724	0.0026305503475943
0.0039734279361475	0.0001038431798443
0.0040000041666702	0.0005874867460339
0.0040000083333393	0.0013862148381080
0.0040250026874467	6.0001311962116368
0.0040250026874467	5.9940311650153735
0.0040295472654375	5.4117714329960149
0.0040350878022618	4.6758953339641280
0.0040404819010968	3.9495605292441747
0.0040462238632779	3.1680724136066192
0.0040529562449252	2.2443871301250771
0.0040623316596582	0.9504802285372851
0.0040680782811248	0.1604895151652710
0.0040692333332664	0.0020536150961889
0.0040692510096492	0.0006298059796214
0.0040692510096492	0.0001028799307932
0.0040734246564490	0.0016301413744689
0.0040734259660934	0.0026305536967421
0.0040734277454680	0.0001038451454524
0.0041000041666702	0.0005874886849030
0.0041000083333393	0.0013862175451428
0.0041250026874604	6.0001312022314348
0.0041250026874604	5.9940311710291230
0.0041295472632428	5.4117803304559162
0.0041350877767247	4.6759177683229955
0.0041404818502930	3.9495964495953428
0.0041462237643825	3.1681254931271967
0.0041529559602713	2.2444779322937269
0.0041623293295216	0.9508688263447537
0.0041680780172408	0.1606032154406733
0.0041692339117111	0.0020536869809952
0.0041692515888146	0.0006298087997563
0.0041692515888146	0.0001028816131578
0.0041734245008611	0.0016301440959435
0.0041734258105045	0.0026305564322541
0.0041734275898788	0.0001038467508897
0.0042000041666704	0.0005874902684887
0.0042000083333395	0.0033862197560370
0.0042250026874527	6.0021312045389665
0.0042250026874527	5.9940311733345659
0.0042295472606693	5.4117876925833261
0.0042350877550897	4.6759361849254839
0.0042404818080029	3.9496258817829988
0.0042462236827825	3.1681689422915107
0.0042529557268720	2.2445521995291235
0.0042623274257525	0.9511862704940207
0.0042680778014414	0.1606960901772280
0.0042692343839676	0.0020537457228646
0.0042692520616597	0.0006298111023515
0.0042692520616597	0.0001028829867159
0.0042734243727670	0.0016301463178632
0.0042734256824096	0.0026305586654369
0.0042734274617835	0.0001038480615540
0.0043000041666700	0.0005874915614376
0.0043000083333390	0.0033862215611211
0.0043250026874619	6.0021312086519982
0.0043250026874619	5.9940311774431079
0.0043295472592028	5.4117936264563564
0.0043350877380570	4.6759511459582006
0.0043404817741214	3.9496498359455776
0.0043462236168327	3.1682043387674779
0.0043529555370733	2.2446127474728224
0.0043623258746442	0.9514450217320870
0.0043680776264704	0.1607717741180700
0.0043692347697273	0.0020537936109547
0.0043692524478997	0.0006298129829507
0.0043692524478997	0.0001028841086111
0.0043734242691569	0.0016301481326968
0.0043734255787988	0.0026305604897268
0.0043734273581725	0.0001038491321744
0.0044000041666703	0.0005874926174696
0.0044000083333393	0.0013862230355311
0.0044250026874884	6.0001312144112617
0.0044250026874884	5.9940311831967925
0.0044295472587899	5.4117983771003697
0.0044350877249281	4.6759632711247159
0.0044404817472507	3.9496693051216334
0.0044462235638045	3.1682331506236823
0.0044529553830024	2.2446620888917130
0.0044623246111531	0.9516559134432255
0.0044680774848240	0.1608334422524249
0.0044692350849999	0.0020538326444028
0.0044692527635639	0.0006298145198108
0.0044692527635639	0.0001028850254254
0.0044734241857000	0.0016301496159654
0.0044734254953414	0.0026305619800313
0.0044734272747148	0.0001038500071986
0.0045000041666707	0.0005874934804111
0.0045000083333397	0.0033862242400078
0.0045250026874755	6.0021312144315280
0.0045250026874755	5.9940311832172277
0.0045295472570363	5.4118024315743591
0.0045350877127896	4.6759733484856492
0.0045404817238490	3.9496853854043930
0.0045462235189696	3.1682568697668354
0.0045529552554265	2.2447026028308277
0.0045623235747106	0.9518287458653953
0.0045680773675565	0.1608839941635704
0.0045692353422643	0.0020538646452010
0.0045692530211491	0.0006298157740084
0.0045692530211491	0.0001028857736712
0.0045734241155036	0.0016301508261697
0.0045734254251445	0.0026305631969032
0.0045734272045178	0.0001038507211548
0.0046000041666700	0.0005874941847580
0.0046000083333391	0.0033862252236546
0.0046250026874805	6.0021312167792953
0.0046250026874805	5.9940311855622772
0.0046295472562361	5.4118056644550432
0.0046350877035094	4.6759814990534432
0.0046404817053903	3.9496984350816011
0.0046462234830422	3.1682761526382599
0.0046529551520429	2.2447355853307496
0.0046623227310833	0.9519695130998190
0.0046680772727347	0.1609251559761792
0.0046692355524236	0.0020538907087271
0.0046692532315698	0.0006298167986762
0.0046692532315698	0.0001028863848414
0.0046734240591308	0.0016301518150232
0.0046734253687714	0.0026305641905922
0.0046734271481445	0.0001038513044043
0.0047000041666702	0.0005874947600502
0.0047000083333392	0.0033862260267005
0.0047250026874846	6.0021312185265829
0.0047250026874846	5.9940311873078942
0.0047295472555856	5.4118083042961036
0.0047350876959335	4.6759881553081746
0.0047404816903183	3.9497090925938769
0.0047462234537034	3.1682919009486494
0.0047529550676144	2.2447625220123082
0.0047623220423295	0.9520844452858781
0.0047680771953857	0.1609587612023543
0.0047692357240701	0.0020539119909246
0.0047692534034297	0.0006298176353212
0.0047692534034297	0.0001028868840103
0.0047734240131051	0.0016301526224199
0.0047734253227455	0.0026305650023099
0.0047734271021185	0.0001038517807718
0.0048000041666702	0.0005874952299126
0.0048000083333392	0.0033862266828552
0.0048250026874880	6.0021312199773114
0.0048250026874880	5.9940311887572495
0.0048295472550545	5.4118104603842054
0.0048350876897460	4.6759935917662236
0.0048404816780084	3.9497177970401669
0.0048462234297415	3.1683047632375025
0.0048529549986599	2.2447845220564075
0.0048623214799590	0.9521782922440593
0.0048680771322710	0.1609861998231200
0.0048692358642623	0.0020539293699610
0.0048692535437963	0.0006298183187081
0.0048692535437963	0.0001028872917024
0.0048734239755231	0.0016301532819205
0.0048734252851632	0.0026305656650160
0.0048734270645361	0.0001038521698426
0.0049000041666703	0.0005874956136711
0.0049000083333393	0.0033862272184669
0.0049250026874907	6.0021312211486642
0.0049250026874907	5.9940311899275587
0.0049295472546207	5.4118122213344328
0.0049350876846925	4.6759980319267056
0.0049404816679545	3.9497249062960931
0.0049462234101709	3.1683152683561193
0.0049529549423432	2.2448024901779213
0.0049623210207576	0.9522549254778886
0.0049680770807625	0.1610086045851098
0.0049692359787638	0.0020539435621716
0.0049692536584401	0.0006298188769315
0.0049692536584401	0.0001028876246815
0.0049734239448340	0.0016301538206355
0.0049734252544739	0.0026305662064425
0.0049734270338467	0.0001038524876138
0.0050000041666701	0.0005874959270929
0.0050000083333391	0.0013862276561657
0.0050250026875119	6.0001312247206675
0.0050250026875119	5.9940311934960304
0.0050295472550480	5.4118135644032526
0.0050350876813436	4.6760015649321076
0.0050404816605406	3.9497306182504439
0.0050462233950173	3.1683237512777369
0.0050529548972781	2.2448170571875310
0.0050623206482882	0.9523171840251978
0.0050680770396703	0.1610267963173468
0.0050692360724831	0.0020539550889605
0.0050692537522753	0.0006298193336752
0.0050692537522753	0.0001028878971501
0.0050734239208932	0.0016301542615613
0.0050734252305330	0.0026305666493988
0.0050734270099057	0.0001038527477429
0.0051000041666705	0.0005874961835214
0.0051000083333395	0.0013862280140566
0.0051250026875137	6.0001312254162134
0.0051250026875137	5.9940311941908808
0.0051295472547620	5.4118147404380075
0.0051350876779713	4.6760045310887355
0.0051404816538275	3.9497353677955749
0.0051462233819460	3.1683307697736409
0.0051529548596571	2.2448290618129652
0.0051623203415953	0.9523683696653865
0.0051680770053000	0.1610417602180635
0.0051692361489908	0.0020539645693099
0.0051692538288781	0.0006298197065834
0.0051692538288781	0.0001028881196404
0.0051734239003976	0.0016301546214365
0.0051734252100372	0.0026305670113587
0.0051734269894099	0.0001038529600731
0.0052000041666703	0.0005874963929417
0.0052000083333393	0.0013862283064636
0.0052250026875152	6.0001312261139192
0.0052250026875152	5.9940311948876932
0.0052295472545253	5.4118157014959651
0.0052350876752135	4.6760069542706155
0.0052404816483408	3.9497392475792354
0.0052462233712659	3.1683365027649883
0.0052529548289246	2.2448388674101811
0.0052623200911148	0.9524101739719268
0.0052680769772341	0.1610539811973572
0.0052692362114789	0.0020539723122750
0.0052692538914440	0.0006298200112546
0.0052692538914440	0.0001028883013569
0.0052734238836558	0.0016301549154626
0.0052734251932953	0.0026305673066822
0.0052734269726679	0.0001038531334912
0.0053000041666700	0.0005874965639781
0.0053000083333390	0.0013862285451349
0.0053250026875164	6.0001312267193745
0.0053250026875164	5.9940311954926120
0.0053295472543320	5.4118164864662388
0.0053350876729610	4.6760089334152903
0.0053404816438596	3.9497424163875801
0.0053462233625430	3.1683411851592109
0.0053529548038243	2.2448468760366542
0.0053623198865584	0.9524443143000015
0.0053680769543193	0.1610639615127219
0.0053692362625158	0.0020539786359774
0.0053692539425443	0.0006298202600182
0.0053692539425443	0.0001028884497718
0.0053734238699827	0.0016301551555320
0.0053734251796221	0.0026305675480961
0.0053734269589948	0.0001038532751286
0.0054000041666704	0.0005874967036958
0.0054000083333395	0.0013862287404046
0.0054250026875174	6.0001312270443394
0.0054250026875174	5.9940311958171177
0.0054295472541741	5.4118171274109512
0.0054350876711215	4.6760105496820348
0.0054404816401998	3.9497450042918731
0.0054462233554189	3.1683450092532972
0.0054529547833247	2.2448534167210368
0.0054623197195083	0.9524721951948220
0.0054680769356097	0.1610721118594539
0.0054692363041986	0.0020539838003399
0.0054692539842789	0.0006298204632493
0.0054692539842789	0.0001028885709884
0.0054734238588170	0.0016301553516627
0.0054734251684563	0.0026305677455043
0.0054734269478289	0.0001038533908101
0.0055000041666699	0.0005874968177793
0.0055000083333390	0.0033862288996856
0.0055250026874992	6.0021312249577630
0.0055250026874992	5.9940311937328152
0.0055295472532636	5.4118177463309749
0.0055350876688404	4.6760119634793051
0.0055404816364130	3.9497472126821624
0.0055462233487698	3.1683482298683163
0.0055529547656509	2.2448588672818399
0.0055623195805689	0.9524952871130101
0.0055680769193814	0.1610788719230763
0.0055692363380437	0.0020539880815766
0.0055692540181667	0.0006298206284280
0.0055692540181667	0.0001028886694793
0.0055734238485795	0.0016301555109282
0.0055734251582188	0.0026305679053782
0.0055734269375913	0.0001038534846998
0.0056000041666704	0.0005874969105611
0.0056000083333394	0.0033862290291020
0.0056250026874999	6.0021312251456758
0.0056250026874999	5.9940311939203372
0.0056295472531549	5.4118181723974557
0.0056350876676147	4.6760130372251361
0.0056404816339784	3.9497489316331555
0.0056462233440344	3.1683507697175122
0.0056529547520322	2.2448632112174898
0.0056623194696371	0.9525138014097848
0.0056680769069565	0.1610842839749296
0.0056692363657210	0.0020539915110694
0.0056692540458784	0.0006298207633591
0.0056692540458784	0.0001028887499672
0.0056734238411623	0.0016301556411442
0.0056734251508015	0.0026305680361554
0.0056734269301740	0.0001038535615122
0.0057000041666709	0.0005874969863443
0.0057000083333400	0.0013862291348691
0.0057250026875194	6.0001312277943546
0.0057250026875194	5.9940311965665698
0.0057295472538509	5.4118184246825951
0.0057350876673956	4.6760138201585715
0.0057404816327911	3.9497502404912646
0.0057462233410014	3.1683527464122339
0.0057529547418456	2.2448666499720629
0.0057623193815674	0.9525285983146143
0.0057680768977662	0.1610885996254305
0.0057692363885263	0.0020539942481195
0.0057692540687114	0.0006298208743497
0.0057692540687114	0.0001028888162168
0.0057734238362278	0.0016301557483986
0.0057734251458670	0.0026305681442663
0.0057734269252396	0.0001038536248408
0.0058000041666708	0.0005874970486420
0.0058000083333399	0.0013862292220480
0.0058250026875198	6.0001312280151726
0.0058250026875198	5.9940311967871827
0.0058295472537843	5.4118187101120698
0.0058350876665794	4.6760145405165874
0.0058404816311633	3.9497513941615843
0.0058462233378290	3.1683544513526023
0.0058529547327099	2.2448695662051557
0.0058623193071027	0.9525410277621854
0.0058680768894343	0.1610922330048543
0.0058692364071174	0.0020539965505599
0.0058692540873255	0.0006298209649760
0.0058692540873255	0.0001028888702791
0.0058734238312508	0.0016301558358582
0.0058734251408899	0.0026305682319265
0.0058734269202625	0.0001038536764347
0.0059000041666704	0.0005874970995164
0.0059000083333395	0.0033862292929754
0.0059250026875012	6.0021312257145123
0.0059250026875012	5.9940311944888585
0.0059295472529453	5.4118190389491376
0.0059350876651307	4.6760152229159093
0.0059404816290326	3.9497524315060475
0.0059462233344035	3.1683559415666425
0.0059529547243121	2.2448720571373433
0.0059623192437574	0.9525515030668226
0.0059680768816740	0.1610953048341077
0.0059692364221015	0.0020539984949668
0.0059692541023290	0.0006298210381394
0.0059692541023290	0.0001028889139223
0.0059734238260652	0.0016301559063213
0.0059734251357043	0.0026305683031882
0.0059734269150768	0.0001038537179812
0.0060000041666699	0.0005874971406373
0.0060000083333390	0.0013862293505772
0.0060250026875205	6.0001312285117372
0.0060250026875205	5.9940311972833547
0.0060295472536765	5.4118191330953040
0.0060350876653633	4.6760156060258113
0.0060404816287479	3.9497530997422210
0.0060462233331311	3.1683569713058297
0.0060529547191989	2.2448738759275129
0.0060623191970610	0.9525593939265180
0.0060680768771125	0.1610976016401415
0.0060692364345762	0.0020539999528107
0.0060692541148185	0.0006298210989486
0.0060692541148185	0.0001028889501243
0.0060734238238938	0.0016301559651534
0.0060734251335329	0.0026305683619860
0.0060734269129054	0.0001038537526337
0.0061000041666713	0.0005874971747037
0.0061000083333403	0.0033862293979060
0.0061250026875018	6.0021312257507491
0.0061250026875018	5.9940311945251352
0.0061295472528603	5.4118193836310002
0.0061350876641411	4.6760160923028362
0.0061404816270638	3.9497538236150445
0.0061462233305710	3.1683579987157842
0.0061529547132843	2.2448755756971348
0.0061623191539156	0.9525664984283846
0.0061680768716182	0.1610996881560622
0.0061692364445255	0.0020540012726954
0.0061692541247809	0.0006298211474326
0.0061692541247809	0.0001028889791357
0.0061734238200602	0.0016301560117952
0.0061734251296993	0.0026305684086392
0.0061734269090718	0.0001038537802172
0.0062000041666699	0.0005874972020225
0.0062000083333390	0.0033862294359947
0.0062250026875020	6.0021312261502135
0.0062250026875020	5.9940311949242009
0.0062295472528256	5.4118195100063575
0.0062350876637765	4.6760164097785459
0.0062404816263423	3.9497543314423642
0.0062462233291703	3.1683587487517362
0.0062529547092612	2.2448768581719731
0.0062623191211735	0.9525719627113109
0.0062680768679493	0.1611012853829531
0.0062692364526917	0.0020540022849297
0.0062692541329572	0.0006298211873715
0.0062692541329572	0.0001028890028755
0.0062734238178695	0.0016301560503424
0.0062734251275086	0.0026305684479701
0.0062734269068811	0.0001038538028724
0.0063000041666695	0.0005874972243533
0.0063000083333386	0.0013862294675835
0.0063250026875211	6.0001312288708419
0.0063250026875211	5.9940311976419158
0.0063295472535818	5.4118195174151209
0.0063350876642607	4.6760165749151321
0.0063404816265543	3.9497546509921682
0.0063462233288611	3.1683592634792093
0.0063529547069121	2.2448777963022737
0.0063623190969648	0.9525761009575289
0.0063680768659094	0.1611024852926131
0.0063692364595603	0.0020540030476760
0.0063692541398336	0.0006298212205631
0.0063692541398336	0.0001028890227756
0.0063734238172029	0.0016301560825123
0.0063734251268420	0.0026305684801393
0.0063734269062145	0.0001038538219677
0.0064000041666707	0.0005874972430685
0.0064000083333397	0.0013862294933988
0.0064250026875212	6.0001312286524806
0.0064250026875212	5.9940311974237348
0.0064295472535646	5.4118196023405902
0.0064350876640191	4.6760167901677043
0.0064404816260696	3.9497549961062339
0.0064462233279139	3.1683597737833558
0.0064529547041794	2.2448786694345255
0.0064623190746699	0.9525798229130770
0.0064680768634186	0.1611035732988825
0.0064692364651316	0.0020540037371054
0.0064692541454119	0.0006298212478487
0.0064692541454119	0.0001028890389835
0.0064734238157160	0.0016301561088501
0.0064734251253551	0.0026305685065982
0.0064734269047276	0.0001038538374363
0.0065000041666699	0.0005874972582959
0.0065000083333389	0.0013862295149516
0.0065250026875213	6.0001312288909450
0.0065250026875213	5.9940311976619238
0.0065295472535474	5.4118196725376473
0.0065350876638181	4.6760169668825391
0.0065404816256699	3.9497552789366264
0.0065462233271357	3.1683601916259567
0.0065529547019401	2.2448793839919028
0.0065623190564279	0.9525828677261543
0.0065680768613770	0.1611044633317563
0.0065692364696851	0.0020540043011316
0.0065692541499710	0.0006298212700433
0.0065692541499710	0.0001028890522205
0.0065734238144961	0.0016301561302687
0.0065734251241352	0.0026305685281856
0.0065734269035077	0.0001038538500686
0.0066000041666704	0.0005874972707763
0.0066000083333395	0.0013862295323000
0.0066250026875214	6.0001312287925517
0.0066250026875214	5.9940311975636282
0.0066295472535333	5.4118197295745043
0.0066350876636541	4.6760171109020883
0.0066404816253435	3.9497555096102031
0.0066462233265004	3.1683605325435975
0.0066529547001123	2.2448799671533068
0.0066623190415376	0.9525853530486511
0.0066680768597106	0.1611051898080408
0.0066692364734019	0.0020540047616236
0.0066692541536924	0.0006298212881566
0.0066692541536924	0.0001028890630320
0.0066734238135004	0.0016301561477489
0.0066734251231395	0.0026305685455807
0.0066734269025120	0.0001038538603866
0.0067000041666704	0.0005874972809522
0.0067000083333395	0.0013862295464402
0.0067250026875215	6.0001312288308402
0.0067250026875215	5.9940311976019762
0.0067295472535218	5.4118197762800708
0.0067350876635201	4.6760172286575212
0.0067404816250769	3.9497556981469080
0.0067462233259815	3.1683608111334634
0.0067529546986190	2.2448804436360428
0.0067623190293725	0.9525873835471195
0.0067680768583492	0.1611057833398567
0.0067692364764385	0.0020540051377329
0.0067692541567328	0.0006298213029369
0.0067692541567328	0.0001028890718622
0.0067734238126860	0.0016301561620117
0.0067734251223250	0.0026305685599701
0.0067734269016975	0.0001038538688134
0.0068000041666703	0.0005874972892581
0.0068000083333393	0.0033862295580011
0.0068250026875026	6.0021312263459121
0.0068250026875026	5.9940311951197138
0.0068295472527308	5.4118199096947111
0.0068350876626321	4.6760174183862917
0.0068404816240616	3.9497559466956784
0.0068462233247272	3.1683611357985577
0.0068529546964689	2.2448809410876462
0.0068623190169295	0.9525893628638518
0.0068680768562872	0.1611063716550420
0.0068692364787185	0.0020540055082473
0.0068692541590163	0.0006298213141130
0.0068692541590163	0.0001028890785628
0.0068734238109023	0.0016301561726510
0.0068734251205414	0.0026305685703832
0.0068734268999139	0.0001038538751042
0.0069000041666704	0.0005874972956271
0.0069000083333394	0.0013862295666237
0.0069250026875216	6.0001312288918234
0.0069250026875216	5.9940311976629381
0.0069295472535014	5.4118198441304450
0.0069350876633226	4.6760173990099476
0.0069404816246880	3.9497559705868448
0.0069462233252282	3.1683612134791832
0.0069529546964588	2.2448811315937451
0.0069623190118079	0.9525903145265123
0.0069680768563794	0.1611066400358854
0.0069692364808165	0.0020540056806493
0.0069692541611163	0.0006298213242077
0.0069692541611163	0.0001028890845930
0.0069734238115112	0.0016301561825366
0.0069734251211503	0.0026305685802722
0.0069734269005227	0.0001038538809628
0.0070000041666703	0.0005874973012427
0.0070000083333393	0.0033862295744777
0.0070250026875027	6.0021312263761288
0.0070250026875027	5.9940311951496126
0.0070295472527173	5.4118199646782870
0.0070350876624743	4.6760175570326385
0.0070404816237477	3.9497561686886007
0.0070462233241161	3.1683614638307835
0.0070529546947104	2.2448815021407666
0.0070623190026052	0.9525917537503557
0.0070680768546842	0.1611070705289540
0.0070692364822940	0.0020540059511145
0.0070692541625963	0.0006298213315157
0.0070692541625963	0.0001028890889607
0.0070734238099448	0.0016301561894447
0.0070734251195839	0.0026305685872838
0.0070734268989563	0.0001038538850273
0.0071000041666698	0.0005874973053954
0.0071000083333389	0.0013862295801923
0.0071250026875216	6.0001312290483995
0.0071250026875216	5.9940311978194005
0.0071295472534903	5.4118198891689273
0.0071350876631937	4.6760175123832521
0.0071404816244315	3.9497561520370326
0.0071462233247290	3.1683614815444394
0.0071529546950222	2.2448815900121644
0.0071623190001053	0.9525922678514978
0.0071680768550697	0.1611072110117462
0.0071692364837377	0.0020540060425564
0.0071692541640411	0.0006298213384486
0.0071692541640411	0.0001028890930849
0.0071734238107293	0.0016301561962803
0.0071734251203683	0.0026305685942721
0.0071734268997408	0.0001038538890669
0.0072000041666699	0.0005874973092215
0.0072000083333389	0.0033862295856972
0.0072250026875027	6.0021312264964273
0.0072250026875027	5.9940311952699297
0.0072295472527082	5.4118200014532141
0.0072350876623690	4.6760176496156296
0.0072404816235382	3.9497563168688057
0.0072462233237083	3.1683616827478476
0.0072529546935372	2.2448818765149157
0.0072623189930480	0.9525933489676432
0.0072680768536147	0.1611075368259582
0.0072692364846797	0.0020540062466467
0.0072692541649849	0.0006298213432792
0.0072692541649849	0.0001028890958960
0.0072734238093064	0.0016301562008021
0.0072734251189454	0.0026305685988295
0.0072734268983179	0.0001038538916459
0.0073000041666704	0.0005874973119429
0.0073000083333394	0.0013862295895986
0.0073250026875217	6.0001312289404032
0.0073250026875217	5.9940311977116485
0.0073295472534829	5.4118199189958238
0.0073350876631078	4.6760175877815202
0.0073404816242606	3.9497562728342421
0.0073462233243962	3.1683616600982991
0.0073529546940647	2.2448818954693959
0.0073623189923054	0.9525935697079320
0.0073680768541969	0.1611075915494982
0.0073692364856847	0.0020540062836509
0.0073692541659905	0.0006298213480323
0.0073692541659905	0.0001028890987497
0.0073734238102076	0.0016301562055320
0.0073734251198466	0.0026305686036384
0.0073734268992191	0.0001038538944731
0.0074000041666704	0.0005874973145732
0.0074000083333395	0.0033862295932290
0.0074250026875028	6.0021312263844724
0.0074250026875028	5.9940311951579757
0.0074295472527022	5.4118200257923021
0.0074350876622989	4.6760177111774732
0.0074404816233986	3.9497564155125531
0.0074462233234366	3.1683618285668453
0.0074529546927552	2.2448821259843785
0.0074623189866776	0.9525944122363909
0.0074680768529018	0.1611078476223374
0.0074692364862699	0.0020540064436772
0.0074692541665771	0.0006298213509364
0.0074692541665771	0.0001028891005231
0.0074734238088812	0.0016301562081887
0.0074734251185203	0.0026305686062445
0.0074734268978927	0.0001038538960620
0.0075000041666701	0.0005874973162905
0.0075000083333392	0.0013862295956411
0.0075250026875217	6.0001312290059765
0.0075250026875217	5.9940311977770504
0.0075295472534780	5.4118199390343138
0.0075350876630504	4.6760176382298422
0.0075404816241464	3.9497563535775075
0.0075462233241740	3.1683617793862187
0.0075529546934254	2.2448820994659777
0.0075623189870978	0.9525944389397547
0.0075680768536142	0.1611078456339505
0.0075692364869846	0.0020540064446589
0.0075692541672921	0.0006298213542552
0.0075692541672921	0.0001028891025287
0.0075734238098577	0.0016301562115329
0.0075734251194967	0.0026305686093849
0.0075734268988692	0.0001038538980792
0.0076000041666696	0.0005874973181010
0.0076000083333387	0.0033862295981614
0.0076250026875028	6.0021312265894506
0.0076250026875028	5.9940311953627861
0.0076295472526982	5.4118200423095324
0.0076350876622520	4.6760177525349729
0.0076404816233053	3.9497564816165611
0.0076462233232549	3.1683619261596272
0.0076529546922326	2.2448822927995735
0.0076623189824206	0.9525951228198045
0.0076680768524254	0.1611080553374691
0.0076692364873325	0.0020540065752466
0.0076692541676410	0.0006298213561728
0.0076692541676410	0.0001028891036089
0.0076734238085981	0.0016301562132446
0.0076734251182371	0.0026305686112338
0.0076734268976096	0.0001038538990068
0.0077000041666709	0.0005874973192215
0.0077000083333399	0.0033862295995893
0.0077250026875028	6.0021312262896647
0.0077250026875028	5.9940311950635454
0.0077295472526932	5.4118200474209521
0.0077350876622337	4.6760177651727366
0.0077404816232729	3.9497565017248522
0.0077462233231957	3.1683619557876495
0.0077529546920695	2.2448823434481406
0.0077623189811242	0.9525953384083644
0.0077680768522762	0.1611081182927842
0.0077692364876498	0.0020540066152404
0.0077692541679587	0.0006298213576724
0.0077692541679587	0.0001028891045383
0.0077734238085081	0.0016301562146892
0.0077734251181472	0.0026305686129725
0.0077734268975196	0.0001038538998935
0.0078000041666697	0.0005874973200541
0.0078000083333388	0.0033862296008543
0.0078250026875028	6.0021312265746589
0.0078250026875028	5.9940311953483079
0.0078295472526922	5.4118200517212118
0.0078350876622221	4.6760177755919168
0.0078404816232498	3.9497565182400618
0.0078462233231508	3.1683619800654603
0.0078529546919401	2.2448823848221373
0.0078623189800706	0.9525955143115568
0.0078680768521582	0.1611081697197877
0.0078692364879128	0.0020540066477957
0.0078692541682220	0.0006298213588130
0.0078692541682220	0.0001028891052966
0.0078734238084361	0.0016301562157842
0.0078734251180751	0.0026305686138219
0.0078734268974476	0.0001038539006168
0.0079000041666693	0.0005874973207537
0.0079000083333384	0.0013862296014936
0.0079250026875218	6.0001312292195861
0.0079250026875218	5.9940311979900498
0.0079295472534729	5.4118199598541414
0.0079350876629912	4.6760176904255388
0.0079404816240286	3.9497564370306830
0.0079462233239447	3.1683619026122174
0.0079529546927654	2.2448823101196265
0.0079623189817215	0.9525953363248150
0.0079680768530125	0.1611081079522042
0.0079692364883266	0.0020540066108629
0.0079692541686357	0.0006298213608116
0.0079692541686357	0.0001028891064266
0.0079734238095011	0.0016301562178621
0.0079734251191401	0.0026305686166434
0.0079734268985126	0.0001038539017994
0.0080000041666704	0.0005874973217967
0.0080000083333394	0.0033862296034909
0.0080250026875028	6.0021312264247095
0.0080250026875028	5.9940311951985388
0.0080295472526941	5.4118200589692993
0.0080350876622037	4.6760177948041388
0.0080404816232093	3.9497565493983218
0.0080462233230680	3.1683620263960299
0.0080529546916948	2.2448824643317482
0.0080623189780396	0.9525958540337029
0.0080680768519352	0.1611082690702683
0.0080692364884261	0.0020540067108462
0.0080692541687360	0.0006298213614044
0.0080692541687360	0.0001028891067930
0.0080734238083033	0.0016301562182893
0.0080734251179424	0.0026305686169423
0.0080734268973148	0.0001038539020455
0.0081000041666704	0.0005874973222008
0.0081000083333394	0.0033862296039345
0.0081250026875028	6.0021312264193254
0.0081250026875028	5.9940311951929299
0.0081295472526898	5.4118200612953409
0.0081350876621942	4.6760177999766377
0.0081404816231943	3.9497565573794211
0.0081462233230427	3.1683620379726771
0.0081529546916293	2.2448824839499468
0.0081623189775383	0.9525959369652739
0.0081680768518749	0.1611082932590144
0.0081692364885449	0.0020540067260113
0.0081692541688549	0.0006298213619841
0.0081692541688549	0.0001028891071385
0.0081734238082676	0.0016301562188478
0.0081734251179066	0.0026305686173498
0.0081734268972791	0.0001038539023749
0.0082000041666706	0.0005874973225351
0.0082000083333397	0.0013862296045513
0.0082250026875218	6.0001312289108082
0.0082250026875218	5.9940311976822853
0.0082295472534709	5.4118199674959184
0.0082350876629684	4.6760177101626592
0.0082404816239834	3.9497564688172493
0.0082462233238566	3.1683619497213908
0.0082529546925120	2.2448823908584017
0.0082623189796572	0.9525956808323345
0.0082680768527816	0.1611082086436826
0.0082692364888419	0.0020540066746265
0.0082692541691517	0.0006298213635361
0.0082692541691517	0.0001028891079323
0.0082734238093622	0.0016301562204984
0.0082734251190012	0.0026305686184902
0.0082734268983737	0.0001038539032365
0.0083000041666699	0.0005874973231995
0.0083000083333390	0.0033862296053075
0.0083250026875028	6.0021312265251980
0.0083250026875028	5.9940311952987999
0.0083295472526925	5.4118200655696551
0.0083350876621850	4.6760178113033106
0.0083404816231721	3.9497565757588893
0.0083462233229956	3.1683620653053306
0.0083529546914865	2.2448825308295839
0.0083623189763428	0.9525961372668611
0.0083680768517453	0.1611083518645567
0.0083692364888497	0.0020540067632495
0.0083692541691601	0.0006298213633988
0.0083692541691601	0.0001028891080226
0.0083734238081909	0.0016301562202117
0.0083734251178299	0.0026305686183709
0.0083734268972024	0.0001038539032190
0.0084000041666701	0.0005874973233498
0.0084000083333392	0.0033862296051615
0.0084250026875028	6.0021312264775890
0.0084250026875028	5.9940311952509662
0.0084295472526885	5.4118200666606100
0.0084350876621789	4.6760178134231127
0.0084404816231640	3.9497565788765563
0.0084462233229837	3.1683620697138135
0.0084529546914593	2.2448825382094153
0.0084623189761535	0.9525961681063096
0.0084680768517199	0.1611083608250224
0.0084692364888906	0.0020540067690121
0.0084692541692010	0.0006298213639115
0.0084692541692010	0.0001028891081425
0.0084734238081743	0.0016301562207164
0.0084734251178134	0.0026305686186193
0.0084734268971858	0.0001038539033328
0.0085000041666706	0.0005874973234789
0.0085000083333396	0.0013862296054679
0.0085250026875218	6.0001312289212940
0.0085250026875218	5.9940311976920428
0.0085295472534699	5.4118199718395728
0.0085350876629560	4.6760177211039426
0.0085404816239586	3.9497564863311689
0.0085462233238084	3.1683619755977799
0.0085529546923733	2.2448824351122560
0.0085623189785274	0.9525958694033864
0.0085680768526551	0.1611082637644033
0.0085692364891239	0.0020540067095647
0.0085692541694340	0.0006298213648863
0.0085692541694340	0.0001028891087522
0.0085734238092865	0.0016301562218003
0.0085734251189255	0.0026305686194497
0.0085734268982980	0.0001038539040189
0.0086000041666696	0.0005874973239598
0.0086000083333387	0.0013862296059211
0.0086250026875218	6.0001312291528146
0.0086250026875218	5.9940311979240475
0.0086295472534731	5.4118199739522357
0.0086350876629533	4.6760177267920167
0.0086404816239493	3.9497564956084705
0.0086462233237866	3.1683619894245028
0.0086529546923034	2.2448824588253635
0.0086623189779246	0.9525959708034082
0.0086680768525918	0.1611082934650767
0.0086692364892808	0.0020540067284201
0.0086692541695911	0.0006298213653659
0.0086692541695911	0.0001028891092032
0.0086734238092482	0.0016301562222536
0.0086734251188872	0.0026305686198868
0.0086734268982597	0.0001038539044494
0.0087000041666696	0.0005874973243820
0.0087000083333386	0.0033862296064275
0.0087250026875028	6.0021312266174949
0.0087250026875028	5.9940311953909395
0.0087295472526911	5.4118200711447626
0.0087350876621692	4.6760178252305789
0.0087404816231407	3.9497565980068967
0.0087462233229346	3.1683620981416638
0.0087529546913108	2.2448825869449860
0.0087623189749109	0.9525963762698125
0.0087680768515850	0.1611084217298398
0.0087692364892071	0.0020540068073830
0.0087692541695180	0.0006298213654401
0.0087692541695180	0.0001028891090600
0.0087734238080947	0.0016301562221921
0.0087734251177337	0.0026305686210241
0.0087734268971062	0.0001038539042088
0.0088000041666702	0.0005874973243265
0.0088000083333392	0.0033862296072311
0.0088250026875028	6.0021312264788245
0.0088250026875028	5.9940311952521990
0.0088295472526874	5.4118200711393785
0.0088350876621661	4.6760178247188513
0.0088404816231384	3.9497565969634625
0.0088462233229339	3.1683620964409864
0.0088529546913160	2.2448825839227298
0.0088623189749864	0.9525963629089114
0.0088680768515893	0.1611084177670130
0.0088692364891819	0.0020540068050332
0.0088692541694927	0.0006298213651604
0.0088692541694927	0.0001028891089897
0.0088734238080966	0.0016301562219159
0.0088734251177356	0.0026305686195605
0.0088734268971081	0.0001038539041414
0.0089000041666703	0.0005874973242649
0.0089000083333393	0.0013862296061404
0.0089250026875218	6.0001312289998259
0.0089250026875218	5.9940311977706591
0.0089295472534690	5.4118199755753400
0.0089350876629454	4.6760177304098569
0.0089404816239377	3.9497565011862976
0.0089462233237676	3.1683619975147210
0.0089529546922561	2.2448824725577752
0.0089623189775722	0.9525960288626993
0.0089680768525482	0.1611083103779995
0.0089692364893624	0.0020540067392702
0.0089692541696728	0.0006298213659099
0.0089692541696728	0.0001028891094439
0.0089734238092228	0.0016301562227831
0.0089734251188619	0.0026305686215435
0.0089734268982343	0.0001038539046790
0.0090000041666703	0.0005874973246353
0.0090000083333393	0.0013862296076374
0.0090250026875218	6.0001312289938316
0.0090250026875218	5.9940311977650040
0.0090295472534724	5.4118199767780553
0.0090350876629448	4.6760177341581590
0.0090404816239324	3.9497565074975669
0.0090462233237536	3.1683620070640828
0.0090529546922083	2.2448824890805650
0.0090623189771507	0.9525960999621489
0.0090680768525053	0.1611083312133973
0.0090692364894740	0.0020540067524143
0.0090692541697845	0.0006298213663485
0.0090692541697845	0.0001028891097687
0.0090734238091966	0.0016301562232033
0.0090734251188356	0.0026305686218908
0.0090734268982081	0.0001038539049893
0.0091000041666700	0.0005874973249288
0.0091000083333390	0.0013862296078561
0.0091250026875218	6.0001312290739799
0.0091250026875218	5.9940311978452376
0.0091295472534721	5.4118199782580065
0.0091350876629408	4.6760177377733587
0.0091404816239243	3.9497565132401071
0.0091462233237379	3.1683620155152474
0.0091529546921633	2.2448825034936952
0.0091623189767834	0.9525961612699465
0.0091680768524642	0.1611083491369618
0.0091692364895656	0.0020540067637067
0.0091692541698763	0.0006298213670830
0.0091692541698763	0.0001028891100335
0.0091734238091715	0.0016301562239221
0.0091734251188106	0.0026305686223036
0.0091734268981830	0.0001038539052419
0.0092000041666709	0.0005874973252118
0.0092000083333399	0.0033862296080978
0.0092250026875028	6.0021312263015032
0.0092250026875028	5.9940311950753893
0.0092295472526902	5.4118200744122840
0.0092350876621590	4.6760178339447762
0.0092404816231204	3.9497566121471062
0.0092462233228951	3.1683621191774964
0.0092529546911971	2.2448826230918821
0.0092623189739850	0.9525965307607117
0.0092680768514816	0.1611084668777914
0.0092692364894382	0.0020540068360732
0.0092692541697494	0.0006298213663975
0.0092692541697494	0.0001028891097393
0.0092734238080327	0.0016301562231097
0.0092734251176717	0.0026305686217636
0.0092734268970441	0.0001038539048574
0.0093000041666701	0.0005874973249633
0.0093000083333391	0.0013862296077330
0.0093250026875218	6.0001312290492974
0.0093250026875218	5.9940311978200107
0.0093295472534682	5.4118199788585422
0.0093350876629361	4.6760177386201009
0.0093404816239192	3.9497565143050388
0.0093462233237316	3.1683620168792719
0.0093529546921524	2.2448825056536355
0.0093623189767277	0.9525961698303907
0.0093680768524537	0.1611083515853917
0.0093692364895732	0.0020540067652967
0.0093692541698839	0.0006298213670411
0.0093692541698839	0.0001028891100559
0.0093734238091657	0.0016301562238782
0.0093734251188047	0.0026305686223021
0.0093734268981772	0.0001038539052629
0.0094000041666700	0.0005874973252003
0.0094000083333390	0.0033862296078907
0.0094250026875028	6.0021312265186220
0.0094250026875028	5.9940311952923482
0.0094295472526902	5.4118200747291070
0.0094350876621587	4.6760178344172969
0.0094404816231197	3.9497566127745376
0.0094462233228937	3.1683621200077159
0.0094529546911932	2.2448826243966788
0.0094623189739538	0.9525965360078235
0.0094680768514780	0.1611084684185523
0.0094692364894460	0.0020540068369906
0.0094692541697571	0.0006298213663991
0.0094692541697571	0.0001028891097570
0.0094734238080313	0.0016301562231105
0.0094734251176703	0.0026305686217749
0.0094734268970428	0.0001038539048742
0.0095000041666697	0.0005874973249665
0.0095000083333388	0.0033862296076743
0.0095250026875028	6.0021312265875144
0.0095250026875028	5.9940311953612193
0.0095295472526866	5.4118200742573714
0.0095350876621574	4.6760178324212225
0.0095404816231211	3.9497566092329044
0.0095462233229003	3.1683621145234944
0.0095529546912194	2.2448826147939589
0.0095623189741992	0.9525964943095014
0.0095680768515012	0.1611084561796910
0.0095692364893784	0.0020540068293218
0.0095692541696895	0.0006298213659072
0.0095692541696895	0.0001028891095587
0.0095734238080439	0.0016301562226290
0.0095734251176830	0.0026305686201605
0.0095734268970554	0.0001038539046843
0.0096000041666703	0.0005874973248016
0.0096000083333393	0.0013862296070578
0.0096250026875218	6.0001312289928279
0.0096250026875218	5.9940311977637970
0.0096295472534684	5.4118199780239635
0.0096350876629384	4.6760177365967222
0.0096404816239236	3.9497565110972683
0.0096462233237403	3.1683620121634863
0.0096529546921775	2.2448824976166053
0.0096623189769323	0.9525961356594044
0.0096680768524766	0.1611083415950721
0.0096692364895221	0.0020540067590871
0.0096692541698327	0.0006298213668243
0.0096692541698327	0.0001028891099085
0.0096734238091808	0.0016301562236705
0.0096734251188198	0.0026305686221390
0.0096734268981923	0.0001038539051225
0.0097000041666697	0.0005874973250513
0.0097000083333388	0.0033862296078346
0.0097250026875028	6.0021312265872604
0.0097250026875028	5.9940311953605541
0.0097295472526903	5.4118200741617324
0.0097350876621605	4.6760178328839608
0.0097404816231233	3.9497566102790578
0.0097462233229007	3.1683621162896003
0.0097529546912134	2.2448826180007480
0.0097623189741178	0.9525965086539473
0.0097680768514963	0.1611084604252373
0.0097692364894051	0.0020540068320299
0.0097692541697162	0.0006298213661902
0.0097692541697162	0.0001028891096364
0.0097734238080413	0.0016301562229082
0.0097734251176804	0.0026305686216298
0.0097734268970528	0.0001038539047589
0.0098000041666694	0.0005874973248433
0.0098000083333385	0.0013862296076703
0.0098250026875218	6.0001312292011963
0.0098250026875218	5.9940311979721432
0.0098295472534683	5.4118199785662675
0.0098350876629374	4.6760177376552443
0.0098404816239216	3.9497565126702061
0.0098462233237364	3.1683620143957842
0.0098529546921662	2.2448825013252662
0.0098623189768396	0.9525961511670790
0.0098680768524662	0.1611083461352413
0.0098692364895452	0.0020540067617863
0.0098692541698559	0.0006298213667013
0.0098692541698559	0.0001028891099711
0.0098734238091739	0.0016301562235438
0.0098734251188129	0.0026305686221340
0.0098734268981854	0.0001038539051820
0.0099000041666703	0.0005874973251317
0.0099000083333393	0.0013862296081563
0.0099250026875218	6.0001312289939293
0.0099250026875218	5.9940311977651284
0.0099295472534718	5.4118199790536394
0.0099350876629383	4.6760177398975333
0.0099404816239194	3.9497565166877182
0.0099462233237283	3.1683620206446341
0.0099529546921355	2.2448825123087972
0.0099623189765576	0.9525961989481014
0.0099680768524389	0.1611083601478183
0.0099692364896220	0.0020540067707442
0.0099692541699327	0.0006298213670850
0.0099692541699327	0.0001028891101992
0.0099734238091563	0.0016301562239142
0.0099734251187953	0.0026305686224040
0.0099734268981678	0.0001038539054001
