0.0000000000000000	0.0000000000000000
0.0001250176538937	-0.0000000000379780
0.0001305541721326	0.3315160436559971
0.0001351546189294	0.6068748037697170
0.0001392392007835	0.8474734028782297
0.0001430341256836	1.0689483543600589
0.0001466418736013	1.2774064520473021
0.0001501779199535	1.4793931752985734
0.0001539165572578	1.6901716105133839
0.0001577839512727	1.9048946802029771
0.0001617393468619	2.1206958264502065
0.0001657577520217	2.3356602320641953
0.0001698017826130	2.5472883442649490
0.0001737459191148	2.7488561289658100
0.0001777756994928	2.9495677541551961
0.0001818702452585	3.1477724180187221
0.0001860154059851	3.3422249932936587
0.0001902010820831	3.5319322086706340
0.0001944197611178	3.7160689699913614
0.0001986656231982	3.8939282506080484
0.0002000782867795	3.9479051036019248
0.0002250260506768	3.8492439755255443
0.0002250260506768	3.8531933195010719
0.0002290010652502	4.2483919281729161
0.0002332333561563	4.6608348782480302
0.0002371991157135	5.0382617064322766
0.0002412440561994	5.4135250747126236
0.0002453492163401	5.7837683521220171
0.0002495016203829	6.1468093625548867
0.0002536919080999	6.5008878052309420
0.0002579130345292	6.8445276671685606
0.0002621594629013	7.1764540397841676
0.0002664191413120	7.4949681658054228
0.0002706046453998	7.7933622458263443
0.0002748327704484	8.0796685873616472
0.0002790963719036	8.3525265277470968
0.0002833900562931	8.6107893678468539
0.0002877095380816	8.8534658136987936
0.0002920512928925	9.0796883928247034
0.0002964122887315	9.2886918153198028
0.0003000554543062	9.4461827791916875
0.0003250581427172	9.2098191901712028
0.0003250581427172	9.2191291093613739
0.0003292917666260	9.6431710214391551
0.0003336609194929	10.0616708760528013
0.0003378739127600	10.4453728906559125
0.0003421246977529	10.8120912538745877
0.0003464073306083	11.1602245609877180
0.0003507171689845	11.4883986896004675
0.0003550504447141	11.7954153269164603
0.0003594039728847	12.0802194318437550
0.0003637749046668	12.3418764191914008
0.0003681568020489	12.5793462719592384
0.0003724969926296	12.7897008390502478
0.0003768664903903	12.9762220827475119
0.0003812611343239	13.1380091216779444
0.0003856776687425	13.2743248117353740
0.0003901131184862	13.3845602644988499
0.0003945573073500	13.4680695457215371
0.0003989932237317	13.5245372652513645
0.0004005527957563	13.5261236698460756
0.0004251154748514	13.1936936605865842
0.0004251154748514	13.2069874542471712
0.0004294661957030	13.4916327873088804
0.0004338991741610	13.7547704889708982
0.0004382534101277	13.9858507661277365
0.0004426334936965	14.1905379473140396
0.0004470360904760	14.3679403922472719
0.0004514582569597	14.5173103274480155
0.0004558953382353	14.6379740210956761
0.0004603054856234	14.7287753903485754
0.0004647461928234	14.7908773537279963
0.0004692132313127	14.8236683143325720
0.0004736852704644	14.8266336727951291
0.0004736852704644	14.8266336727951291
0.0004781578010465	14.7999477062490055
0.0004827213090226	14.7133346098673190
0.0005245818262191	14.1108418422728619
0.0005252364096931	14.1157327312813319
0.0005252364096931	14.1439924564690838
0.0005296229375254	14.3295939260362548
0.0005340406572816	14.4882947262583368
0.0005384481543900	14.6177820336856144
0.0005428804654620	14.7187932272577662
0.0005473338436778	14.7907200128674869
0.0005517932904625	14.8329615289718841
0.0005562656885817	14.8455935742556147
0.0005562656885817	14.8455935742556147
0.0005607346465871	14.8283967742300131
0.0005652194805654	14.7814121532549585
0.0005822924898469	14.5020988442229264
0.0006241272659871	13.9086138085633824
0.0006252330244278	13.9071707409822558
0.0006252330244278	13.9350129246478858
0.0006296181936871	14.1217194720799135
0.0006340345600604	14.2819510467671300
0.0006384401332355	14.4133612964974933
0.0006428705486322	14.5167234943868646
0.0006473220611853	14.5914264271870291
0.0006517806491365	14.6368693341758576
0.0006562479800580	14.6530799192015735
0.0006607264186244	14.6398301707137701
0.0006607264186244	14.6398301707137701
0.0006652027774026	14.5973006746776814
0.0006740802602280	14.4403312488353741
0.0007159009396769	13.8495881048131597
0.0007252241535306	13.7345490431807704
0.0007252241535306	13.7620456378618137
0.0007296082441054	13.9497046232962827
0.0007340234870689	14.1112381669076896
0.0007384273107224	14.2442692808777061
0.0007428560337040	14.3496087502472633
0.0007473059096256	14.4266422030728538
0.0007517637912969	14.4747701604938506
0.0007562269843784	14.4939731518609083
0.0007607050127728	14.4840832754614919
0.0007607050127728	14.4840832754614919
0.0007651815396152	14.4452237351345918
0.0007718478553171	14.3226667058548571
0.0008136650748712	13.7367895559288691
0.0008252175199211	13.5921202282548883
0.0008252175199211	13.6193316801633060
0.0008296006624128	13.8077684198795865
0.0008340149426891	13.9703694400551068
0.0008384173420190	14.1047327142528971
0.0008428446766771	14.2116976102741379
0.0008472932020570	14.2906474620188586
0.0008517504787528	14.3409846254967004
0.0008562104275448	14.3626487288056097
0.0008606881105591	14.3555241250296834
0.0008606881105591	14.3555241250296834
0.0008651647130156	14.3196867595993957
0.0008709051287890	14.2125504087835264
0.0009127211304709	13.6311961853099017
0.0009252134921667	13.4748497003206005
0.0009252134921667	13.5018263763973181
0.0009295958279519	13.6908929669423749
0.0009340092975971	13.8543628293599301
0.0009384105270806	13.9898134458763863
0.0009428367178509	14.0981068409477572
0.0009472841280456	14.1786246019174911
0.0009517408959790	14.2307711341332812
0.0009561982542027	14.2544508117242561
0.0009606756512925	14.2495932613328833
0.0009606756512925	14.2495932613328833
0.0009651523186446	14.2162350155723480
0.0009704162111514	14.1177752546806872
0.0010122317531612	13.5403049090646981
0.0010252107758403	13.3784231035163845
0.0010252107758403	13.4052067333532552
0.0010295924338520	13.5947865991729095
0.0010340052256242	13.7589664192005667
0.0010384054887049	13.8953067907789283
0.0010428307334868	14.0046881291791934
0.0010472772209484	14.0864906408667974
0.0010517335640676	14.1401207842293779
0.0010561888276531	14.1654527005271689
0.0010606659891813	14.1624550454891569
0.0010606659891813	14.1624550454891569
0.0010651427127234	14.1311314019675809
0.0010701358636898	14.0381625413792701
0.0011119512684017	13.4639509999878921
0.0011252088249490	13.2992384837570405
0.0011252088249490	13.3258635858266246
0.0011295899173544	13.5158626234033470
0.0011340021449291	13.6806232095997995
0.0011384016094826	13.8176920156712342
0.0011428260723038	13.9279644969741518
0.0011472717970078	14.0108197515548589
0.0011517277870220	14.0656661749629883
0.0011561813475378	14.0923521818272928
0.0011606583154016	14.0908798001241546
0.0011606583154016	14.0908798001241546
0.0011651350872504	14.0612251134600577
0.0011699647014764	13.9719984913491739
0.0012117801160719	13.4004934359442522
0.0012252073702011	13.2342871608988784
0.0012252073702011	13.2607822302900669
0.0012295879928133	13.4511238071422721
0.0012339997525378	13.6163595232671355
0.0012383985580770	13.7540245731130533
0.0012428223754927	13.8650267420863376
0.0012472674707306	13.9487442320430528
0.0012517231682716	14.0045871985904089
0.0012561753403989	14.0323823234826168
0.0012606521492677	14.0321599451415047
0.0012606521492677	14.0321599451415047
0.0012651289622768	14.0038732612365386
0.0012698555531915	13.9173269034562441
0.0013116710439479	13.3480572452784418
0.0013252062549638	13.1810627977821841
0.0013252062549638	13.2074513118918571
0.0013295864887238	13.3980728481084626
0.0013339978616410	13.5636971995840963
0.0013383961241548	13.7018501141461417
0.0013428194097693	13.8134494903332783
0.0013472639864359	13.8978728026543070
0.0013517194423958	13.9545317650723568
0.0013561704812273	13.9832348151416781
0.0013606471597025	13.9840361422408535
0.0013606471597025	13.9840361422408535
0.0013651240074988	13.9568699532406999
0.0013697836225261	13.8723105075323510
0.0014115992155446	13.3048809057529205
0.0014252053882248	13.1374840904473249
0.0014252053882248	13.1637853598976715
0.0014295853010337	13.3546356620994828
0.0014339963549391	13.5205777748863181
0.0014383941706973	13.6591296810603389
0.0014428170188226	13.7712175720377630
0.0014472611689650	13.8562183307839071
0.0014517164258414	13.9135450257588609
0.0014561665391019	13.9429908591921432
0.0014606431107400	13.9446299973603143
0.0014606431107400	13.9446299973603143
0.0014651199877399	13.9183809317238332
0.0014697349527382	13.8353307322174075
0.0015115506537495	13.2694123520383691
0.0015252047039893	13.1018275408302358
0.0015252047039893	13.1280574257968645
0.0015295843525370	13.3190944475912172
0.0015339951439341	13.4852961045896969
0.0015383925927532	13.6241740079959079
0.0015428150815809	13.7366611429267564
0.0015472588814902	13.8221339112533208
0.0015517139746500	13.8800065427627821
0.0015561633320514	13.9100595754331131
0.0015606398162403	13.9123838224377216
0.0015606398162403	13.9123838224377216
0.0015651167176139	13.8868848050173828
0.0015697012828277	13.8050010845914510
0.0016115170876699	13.2403219497248710
0.0016252041631338	13.0726679857337302
0.0016252041631338	13.0988394932126759
0.0016295835949486	13.2900276541156686
0.0016339941711421	13.4564400005564053
0.0016383913195652	13.5955829438487807
0.0016428135142797	13.7083950156830614
0.0016472570275405	13.7942522301216410
0.0016517119865566	13.8525698030488424
0.0016561607279741	13.8831178054121036
0.0016606371407800	13.8860008380761144
0.0016606371407800	13.8860008380761144
0.0016651140623653	13.8611137624917227
0.0016696775780558	13.7801417392258490
0.0017114934775972	13.2164782059635044
0.0017252037298073	13.0488203390721775
0.0017252037298073	13.0749441035147651
0.0017295829838883	13.2662549928517404
0.0017339933836649	13.4328387679938803
0.0017383902861140	13.5721975917305961
0.0017428122400176	13.6852745278404822
0.0017472555186080	13.7714452764653661
0.0017517103677044	13.8301258841311068
0.0017561586065410	13.8610777847512932
0.0017606349610319	13.8644169759049642
0.0017606349610319	13.8644169759049642
0.0017651059542504	13.8400435360950347
0.0017696606990042	13.7595289948503865
0.0018114766451374	13.1967079918497934
0.0018252033756268	13.0290838044201376
0.0018252033756268	13.0551680562808397
0.0018295824800451	13.2465858464325521
0.0018339927313108	13.4133168699325775
0.0018383894268914	13.5528596655798914
0.0018428111782810	13.6661611236965257
0.0018472542595411	13.7525966685768317
0.0018517090161375	13.8115830480100037
0.0018561568335131	13.8428743804123346
0.0018606331390526	13.8465963255172166
0.0018606331390526	13.8465963255172166
0.0018650988960740	13.8226529130052924
0.0018696411967905	13.7427667982636681
0.0019114571948730	13.1806307664867965
0.0019252030732827	13.0129588249429027
0.0019252030732827	13.0390107945624081
0.0019295820563337	13.2305129336130722
0.0019339921871120	13.3973612448890300
0.0019383887147080	13.5370513531426635
0.0019428103017058	13.6505332511402617
0.0019472532228354	13.7371821461886405
0.0019517079044157	13.7964153722135006
0.0019561553804984	13.8279810792728384
0.0019606316464323	13.8320128196544498
0.0019606316464323	13.8320128196544498
0.0019650939650540	13.8084153533679554
0.0019696274616526	13.7290212343215074
0.0020114435080040	13.1674468233099038
0.0020252028316967	12.9997658421268500
0.0020252028316967	13.0257913993683463
0.0020295817151943	13.2173624991647838
0.0020339917471715	13.3843067225456096
0.0020383881371418	13.5241173076687655
0.0020428095894569	13.6377467857055343
0.0020472523793983	13.7245701868838736
0.0020517069994778	13.7840053319928639
0.0020561541964498	13.8157954605618940
0.0020606304299654	13.8200806248723698
0.0020606304299654	13.8200806248723698
0.0020650902766800	13.7967650677423581
0.0020696173271504	13.7177639195886467
0.0021114334160748	13.1566494219814754
0.0021252026369847	12.9889759339712310
0.0021252026369847	13.0149798897949989
0.0021295814388978	13.2066073611530470
0.0021339913899226	13.3736299992545078
0.0021383876671987	13.5135390884790461
0.0021428090092315	13.6272892367970435
0.0021472516917561	13.7142553298412739
0.0021517062614545	13.7738555915128114
0.0021561532302162	13.8058292264789237
0.0021606294372100	13.8103216320718936
0.0021606294372100	13.8103216320718936
0.0021650874323494	13.7872360443917295
0.0021696096849008	13.7085506469840261
0.0022114258104542	13.1478125298884638
0.0022252024785713	12.9801539025981434
0.0022252024785713	13.0061401966974373
0.0022295812136661	13.1978137457696505
0.0022339910984017	13.3649004851800495
0.0022383872834420	13.5048901004595976
0.0022428085352144	13.6187388981935911
0.0022472511298267	13.7058216459249937
0.0022517056582759	13.7655569004442331
0.0022561524404801	13.7976805547476999
0.0022606286257826	13.8023423959907081
0.0022606286257826	13.8023423959907081
0.0022650851992997	13.7794445072703198
0.0022696038319033	13.7010138151249699
0.0023114199885176	13.1405835777453621
0.0023252023517398	12.9729424125821513
0.0023252023517398	12.9989142692639970
0.0023295810321499	13.1906254645762662
0.0023339908626370	13.3577645835881249
0.0023383869722158	13.4978200040652609
0.0023428081501456	13.6117494217943804
0.0023472506728395	13.6989275078722041
0.0023517051675364	13.7587730934447876
0.0023561517972643	13.7910193559298495
0.0023606279648340	13.7958196839741873
0.0023606279648340	13.7958196839741873
0.0023650834291492	13.7730750228764212
0.0023695992988111	13.6948503512610582
0.0024114154815272	13.1346718820307444
0.0024252022471048	12.9670484013059752
0.0024252022471048	12.9930084581654466
0.0024295808827646	13.1847504233721153
0.0024339906688651	13.3519323544357480
0.0024383867167246	13.4920415595288965
0.0024428078342591	13.6060368700500689
0.0024472502981324	13.6932928783202588
0.0024517047652155	13.7532286411815399
0.0024561512703307	13.7855751108382751
0.0024606274234028	13.7904886283633843
0.0024606274234028	13.7904886283633843
0.0024650820125159	13.7678690897878049
0.0024695957515756	13.6898114220460041
0.0025114119560718	13.1298387795076348
0.0025252021636404	12.9622318549300601
0.0025252021636404	12.9881822690540432
0.0025295807627063	13.1799493660686409
0.0025339905125098	13.3471662696358528
0.0025383865099035	13.4873194135583407
0.0025428075780569	13.6013685576812371
0.0025472499938386	13.6886882299858819
0.0025517044383428	13.7486976727653296
0.0025561508416362	13.7811260160015152
0.0025606269828615	13.7861320193003465
0.0025606269828615	13.7861320193003465
0.0025650808759582	13.7636146468645908
0.0025695929577473	13.6856925497919981
0.0026114091803418	13.1258881481340115
0.0026252020949811	12.9582961761402302
0.0026252020949811	12.9842387110273982
0.0026295806641205	13.1760263443792240
0.0026339903842434	13.3432718254777747
0.0026383863403809	13.4834608733251731
0.0026428073681647	13.5975540065201432
0.0026472497446313	13.6849257004920570
0.0026517041706735	13.7449953497229025
0.0026561504907692	13.7774905926512368
0.0026606266223121	13.7825721690936049
0.0026606266223121	13.7825721690936049
0.0026650799585784	13.7601382346588110
0.0026695907411695	13.6823263381823992
0.0027114069787413	13.1226594314737977
0.0027252020381594	12.9550805813002317
0.0027252020381594	12.9810166785600902
0.0027295805828292	13.1728210935094570
0.0027339902786861	13.3400899263459429
0.0027383862011022	13.4803083117945857
0.0027428071958892	13.5944373884188803
0.0027472495402209	13.6818515887241112
0.0027517039511699	13.7419704319681095
0.0027561502032902	13.7745203362099584
0.0027606263269206	13.7796636618607735
0.0027606263269206	13.7796636618607735
0.0027650792157348	13.7572978736213365
0.0027695889730774	13.6795756411117573
0.0028114052230090	13.1200210866740257
0.0028252019934808	12.9524535134289618
0.0028252019934808	12.9783843512936858
0.0028295805181577	13.1702024666259998
0.0028339901941860	13.3374903673185692
0.0028383860890439	13.4777327107452045
0.0028428070568662	13.5918911422196143
0.0028472493749389	13.6793400591902401
0.0028517037735555	13.7394990831711574
0.0028561499701471	13.7720936340893569
0.0028606260873146	13.7772873980337778
0.0028606260873146	13.7772873980337778
0.0028650786154084	13.7549772557790231
0.0028695875592930	13.6773280188355226
0.0029114038194112	13.1178652674005587
0.0029252019563274	12.9503073301088438
0.0029252019563274	12.9762338713102618
0.0029295804646612	13.1680631820744480
0.0029339901244825	13.3353666632869619
0.0029383859968207	13.4756285822105006
0.0029428069426079	13.5898109981280371
0.0029472492392220	13.6772882798537481
0.0029517036277589	13.7374801326281215
0.0029561497789857	13.7701111601748760
0.0029606258908721	13.7753461328105562
0.0029606258908721	13.7753461328105562
0.0029650781273505	13.7530814415342295
0.0029695864225260	13.6754916789008281
0.0030114026910182	13.1161039311644814
0.0030252019251266	12.9485541224989618
0.0030252019251266	12.9744771537752364
0.0030295804201014	13.1663156141313422
0.0030339900666767	13.3336318272366494
0.0030383859206143	13.4739097415494662
0.0030428068483966	13.5881117544713206
0.0030472491274765	13.6756122114278558
0.0030517035077754	13.7358308861758562
0.0030561496219421	13.7684917151545125
0.0030606257295132	13.7737603552152663
0.0030606257295132	13.7737603552152663
0.0030650777297570	13.7515327889129573
0.0030695855054852	13.6739915077433398
0.0031114017808510	13.1146650327527166
0.0031252019013016	12.9471219983372610
0.0031252019013016	12.9730421624980981
0.0031295803853689	13.1648880879238614
0.0031339900211263	13.3322146921222622
0.0031383858600310	13.4725056632134415
0.0031428067731047	13.5867236749886366
0.0031472490378616	13.6742430537729565
0.0031517034114330	13.7344836294005770
0.0031561494953313	13.7671687929271211
0.0031606255993792	13.7724649258260428
0.0031606255993792	13.7724649258260428
0.0031650774079960	13.7502676716236945
0.0031695847665387	13.6727659124661560
0.0032114010475493	13.1134894950954735
0.0032252018811328	12.9459521406934073
0.0032252018811328	12.9718699627968981
0.0032295803562846	13.1637219897339062
0.0032339899832013	13.3310570857314055
0.0032383858098242	13.4713587261690719
0.0032428067108806	13.5855898105517294
0.0032472489639349	13.6731246496029808
0.0032517033320083	13.7333831190140909
0.0032561493911799	13.7660881640917605
0.0032606254923488	13.7714067586163242
0.0032606254923488	13.7714067586163242
0.0032650771452718	13.7492342655488731
0.0032695841676278	13.6717647475518156
0.0033114004532628	13.1125292211021467
0.0033252018646707	12.9449965696157996
0.0033252018646707	12.9709124786640793
0.0033295803325389	13.1627694893241731
0.0033339899522331	13.3301115215009922
0.0033383857688226	13.4704218767840462
0.0033428066600618	13.5846636390605351
0.0033472489035560	13.6722111063112752
0.0033517032671380	13.7324841917242040
0.0033561493061122	13.7652054763533158
0.0033606254049294	13.7705424180270342
0.0033606254049294	13.7705424180270342
0.0033650769312400	13.7483901481606399
0.0033695836820855	13.6709469342927896
0.0034113999715084	13.1117448099310483
0.0034252018512338	12.9442160491307270
0.0034252018512338	12.9701303955754348
0.0034295803131518	13.1619914768815249
0.0034339899269458	13.3293391744948000
0.0034383857353393	13.4696566480394679
0.0034428066185589	13.5839071320161615
0.0034472488542436	13.6714649139980313
0.0034517032141565	13.7317499378268764
0.0034561492366334	13.7644844869297298
0.0034606253335296	13.7698364146673971
0.0034606253335296	13.7698364146673971
0.0034650767567927	13.7477006617568414
0.0034695832879259	13.6702789125792510
0.0035113995804498	13.1111040722511980
0.0035252018402650	12.9435785221263107
0.0035252018402650	12.9694915922406775
0.0035295802973224	13.1613559983553277
0.0035339899062966	13.3287083234000256
0.0035383857079949	13.4690316110345734
0.0035428065846637	13.5832892187854135
0.0035472488139692	13.6708554257252963
0.0035517031708849	13.7311502007514807
0.0035561491798869	13.7638955841225599
0.0035606252752141	13.7692597523735039
0.0035606252752141	13.7692597523735039
0.0035650766145533	13.7471374894197815
0.0035695829675976	13.6697332587118225
0.0036113992626591	13.1105807044820324
0.0036252018313100	12.9430577985886970
0.0036252018313100	12.9689698262134989
0.0036295802843969	13.1608369479346319
0.0036339898894341	13.3281930525523578
0.0036383856856636	13.4685210890031772
0.0036428065569814	13.5827845153029045
0.0036472487810761	13.6703576035816283
0.0036517031355435	13.7306603432132519
0.0036561491335395	13.7634145757944690
0.0036606252275851	13.7687887418943493
0.0036606252275851	13.7687887418943493
0.0036650764985385	13.7466774966652636
0.0036695827070356	13.6692875656156314
0.0037113990041729	13.1101532147537760
0.0037252018231008	12.9426324948585734
0.0037252018231008	12.9685436710244577
0.0037295802729402	13.1604130153788610
0.0037339898747588	13.3277722117551249
0.0037383856665212	13.4681041316545009
0.0037428065334676	13.5823723150788602
0.0037472487533048	13.6699510284868158
0.0037517031057706	13.7302602779729295
0.0037561490947751	13.7630217428253712
0.0037606251877729	13.7684040793557330
0.0037606251877729	13.7684040793557330
0.0037650764029599	13.7463018370497654
0.0037695824939407	13.6689235842425489
0.0038113987927723	13.1098040994254728
0.0038252018180268	12.9422851395960858
0.0038252018180268	12.9681956203560365
0.0038295802652217	13.1600667714875463
0.0038339898644164	13.3274284842506319
0.0038383856525305	13.4677635670200964
0.0038428065159079	13.5820356269276044
0.0038472487322702	13.6696189258019309
0.0038517030831045	13.7299334834200053
0.0038561490647695	13.7627008465241705
0.0038606251569134	13.7680898475793221
0.0038606251569134	13.7680898475793221
0.0038650763266610	13.7459949495396572
0.0038695823221868	13.6686262214317154
0.0039113986224095	13.1095188816702528
0.0039252018131546	12.9420014000835568
0.0039252018131546	12.9679113127964367
0.0039295802581855	13.1597839435703676
0.0039339898552346	13.3271477157279872
0.0039383856403684	13.4674853860250199
0.0039428065008297	13.5817606163512981
0.0039472487143524	13.6693476647531078
0.0039517030638524	13.7296665621778278
0.0039561490395204	13.7624387470692220
0.0039606251309660	13.7678331958388060
0.0039606251309660	13.7678331958388060
0.0039650762636280	13.7457443005221691
0.0039695821813985	13.6683833540843693
0.0040113984827556	13.1092859336676479
0.0040252018091739	12.9417696528039006
0.0040252018091739	12.9676791015582626
0.0040295802524373	13.1595529408580347
0.0040339898477338	13.3269183950601473
0.0040383856304333	13.4672581787580459
0.0040428064885129	13.5815359985682509
0.0040472486997161	13.6691261094475536
0.0040517030481263	13.7294485514692681
0.0040561490188961	13.7622246746131101
0.0040606251097713	13.7676235728755998
0.0040606251097713	13.7676235728755998
0.0040650762121746	13.7455395802335936
0.0040695820666174	13.6681849877758044
0.0041113983689018	13.1090956691557228
0.0041252018059231	12.9415803718035569
0.0041252018059231	12.9674894416169764
0.0041295802477429	13.1593642679788800
0.0041339898416079	13.3267310959925176
0.0041383856223192	13.4670726058144901
0.0041428064784533	13.5813525405924462
0.0041472486877622	13.6689451527599388
0.0041517030352822	13.7292704898454847
0.0041561490020514	13.7620498295692961
0.0041606250924607	13.7674523619753550
0.0041606250924607	13.7674523619753550
0.0041650761701709	13.7453723735309925
0.0041695819730106	13.6680229695195266
0.0042113982760527	13.1089402681420850
0.0042252018023705	12.9414257877261196
0.0042252018023705	12.9673345480619080
0.0042295802430070	13.1592101852114229
0.0042339898357002	13.3265781399913177
0.0042383856147875	13.4669210643675807
0.0042428064693320	13.5812027312311763
0.0042472486770923	13.6687973909537686
0.0042517030238836	13.7291250971419352
0.0042561489873833	13.7619070684782976
0.0042606250774111	13.7673125734984172
0.0042606250774111	13.7673125734984172
0.0042650761349493	13.7452358597683943
0.0042695818956612	13.6678906973247862
0.0043113981993192	13.1088133983234290
0.0043252018002007	12.9412995631325280
0.0043252018002007	12.9672080707664286
0.0043295802398744	13.1590843661648620
0.0043339898316130	13.3264532371023936
0.0043383856093742	13.4667973125788016
0.0043428064626213	13.5810803898487240
0.0043472486691183	13.6686767176009720
0.0043517030153160	13.7290063544153735
0.0043561489761478	13.7617904707802250
0.0043606250658648	13.7671983992921110
0.0043606250658648	13.7671983992921110
0.0043650761069566	13.7451243557456699
0.0043695818333748	13.6677826521189232
0.0044113981375385	13.1087097659558953
0.0044252017993286	12.9411964577985295
0.0044252017993286	12.9671047590153421
0.0044295802382202	13.1589815874069860
0.0044339898291817	13.3263512018847177
0.0044383856058600	13.4666962127549397
0.0044428064580482	13.5809804372638023
0.0044472486635145	13.6685781227268759
0.0044517030092290	13.7289093317982420
0.0044561489678839	13.7616951956184010
0.0044606250573483	13.7671050990687025
0.0044606250573483	13.7671050990687025
0.0044650760850315	13.7450332320065236
0.0044695817835370	13.6676943482903699
0.0045113980881172	13.1086250686343178
0.0045252017969871	12.9411122265516223
0.0045252017969871	12.9670203591373099
0.0045295802352319	13.1588976314200305
0.0045339898255537	13.3262678620193746
0.0045383856013470	13.4666136458513321
0.0045428064526686	13.5808988163255631
0.0045472486572906	13.6684976196338042
0.0045517030026072	13.7288301217378184
0.0045561489594795	13.7616174215968030
0.0045606250487355	13.7670289468870504
0.0045606250487355	13.7670289468870504
0.0045650760654341	13.7449588661848754
0.0045695817410444	13.6676222950297124
0.0046113980459590	13.1085559582510509
0.0046252017958041	12.9410434629859648
0.0046252017958041	12.9669514579068572
0.0046295802335244	13.1588290887932491
0.0046339898233261	13.3261998184974626
0.0046383855983970	13.4665462294233329
0.0046428064490118	13.5808321682543607
0.0046472486529455	13.6684318802654374
0.0046517029979387	13.7287654341283876
0.0046561489533576	13.7615539025439748
0.0046606250424444	13.7669667480923383
0.0046606250424444	13.7669667480923383
0.0046650760501935	13.7448981219974691
0.0046695817071803	13.6675634345299528
0.0047113980123706	13.1084995017600345
0.0047252017948401	12.9409873009171292
0.0047252017948401	12.9668951834014479
0.0047295802321320	13.1587731071537846
0.0047339898215089	13.3261442444776073
0.0047383855959898	13.4664911675582601
0.0047428064460274	13.5807777339189126
0.0047472486493989	13.6683781880858071
0.0047517029941280	13.7287126009442755
0.0047561489483599	13.7615020237492516
0.0047606250373084	13.7669159475879166
0.0047606250373084	13.7669159475879166
0.0047650760377501	13.7448485095044663
0.0047695816795373	13.6675153603961999
0.0048113979849527	13.1084533910926542
0.0048252017940528	12.9409414309211872
0.0048252017940528	12.9668492215736837
0.0048295802309948	13.1587273845229884
0.0048339898200247	13.3260988547680110
0.0048383855940238	13.4664461961482171
0.0048428064435899	13.5807332750400889
0.0048472486465023	13.6683343353583791
0.0048517029910156	13.7286694497963850
0.0048561489442780	13.7614596520929275
0.0048606250331136	13.7668744566186803
0.0048606250331136	13.7668744566186803
0.0048650760275883	13.7448079888313668
0.0048695816569682	13.6674760960984241
0.0049113979625677	13.1084157304453957
0.0049252017934097	12.9409039669515664
0.0049252017934097	12.9668116826011186
0.0049295802300660	13.1586900409118037
0.0049339898188126	13.3260617830668409
0.0049383855924181	13.4664094660891926
0.0049428064415991	13.5806969635861758
0.0049472486441365	13.6682985189731614
0.0049517029884736	13.7286342064201392
0.0049561489409442	13.7614250453595410
0.0049606250296876	13.7668405691790134
0.0049606250296876	13.7668405691790134
0.0049650760192896	13.7447748938696233
0.0049695816385407	13.6674440272241107
0.0050113979442904	13.1083849713419749
0.0050252017937825	12.9408733568092131
0.0050252017937825	12.9667810111772006
0.0050295802302095	13.1586595244418731
0.0050339898187273	13.3260314839716241
0.0050383855920114	13.4663794412857172
0.0050428064408786	13.5806672759912601
0.0050472486431109	13.6682692310967830
0.0050517029873058	13.7286053819903699
0.0050561489391317	13.7613967364351613
0.0050606250278008	13.7668128433126196
0.0050606250278008	13.7668128433126196
0.0050650760134413	13.7447478109177972
0.0050695816244833	13.6674177776028873
0.0051113979303592	13.1083597937765362
0.0051252017933555	12.9408483242242607
0.0051252017933555	12.9667559284769620
0.0051295802295915	13.1586345722581690
0.0051339898179200	13.3260067134530615
0.0051383855909412	13.4663548990271078
0.0051428064395511	13.5806430134170650
0.0051472486415328	13.6682452992979524
0.0051517029856100	13.7285818330444993
0.0051561489369069	13.7613736128616004
0.0051606250255144	13.7667902003364517
0.0051606250255144	13.7667902003364517
0.0051650760079001	13.7447256974357259
0.0051695816121792	13.6673963496623703
0.0052113979181554	13.1083392410053268
0.0052252017930046	12.9408278789533320
0.0052252017930046	12.9667354422745582
0.0052295802290847	13.1586141926728022
0.0052339898172585	13.3259864822598058
0.0052383855900649	13.4663348542809338
0.0052428064384646	13.5806231971190829
0.0052472486402418	13.6682257531767579
0.0052517029842228	13.7285625996346177
0.0052561489350875	13.7613547268898131
0.0052606250236447	13.7667717069081714
0.0052606250236447	13.7667717069081714
0.0052650760033721	13.7447076364862166
0.0052695816021287	13.6673788486319339
0.0053113979081870	13.1083224547597368
0.0053252017927180	12.9408111804927390
0.0053252017927180	12.9667187103836152
0.0053295802286707	13.1585975478617883
0.0053339898167182	13.3259699586480256
0.0053383855893492	13.4663184829493616
0.0053428064375773	13.5806070123716953
0.0053472486391873	13.6682097890949450
0.0053517029830898	13.7285468909580217
0.0053561489336016	13.7613393019811028
0.0053606250221177	13.7667566026067529
0.0053606250221177	13.7667566026067529
0.0053650759996741	13.7446928854081243
0.0053695815939212	13.6673645548542435
0.0054113979000464	13.1083087447747815
0.0054252017924839	12.9407975422191370
0.0054252017924839	12.9667050448061616
0.0054295802283326	13.1585839533984927
0.0054339898162770	13.3259564631653582
0.0054383855887647	13.4663051118324333
0.0054428064368526	13.5805937936378971
0.0054472486383261	13.6681967505798525
0.0054517029821644	13.7285340610348516
0.0054561489323880	13.7613267038148699
0.0054606250208705	13.7667442662856185
0.0054606250208705	13.7667442662856185
0.0054650759966539	13.7446808375704883
0.0054695815872186	13.6673528804973756
0.0055113978933986	13.1082975472275418
0.0055252017913949	12.9407864150027052
0.0055252017913949	12.9666938953130213
0.0055295802271544	13.1585728666043575
0.0055339898150119	13.3259454619298499
0.0055383855873825	13.4662942169246183
0.0055428064353552	13.5805830278828381
0.0055472486367160	13.6681861366530786
0.0055517029805003	13.7285236220390310
0.0055561489304864	13.7613164585831829
0.0055606250189404	13.7667342393443857
0.0055606250189404	13.7667342393443857
0.0055650759932580	13.7446710505898348
0.0055695815807552	13.6673434032486387
0.0056113978869765	13.1082884570956786
0.0056252017912368	12.9407773590470025
0.0056252017912368	12.9666848212272772
0.0056295802269273	13.1585638397534943
0.0056339898147163	13.3259365008169102
0.0056383855869918	13.4662853384042176
0.0056428064348714	13.5805742505592786
0.0056472486361415	13.6681774790098114
0.0056517029798832	13.7285151029165835
0.0056561489296778	13.7613080933626755
0.0056606250181096	13.7667260480052125
0.0056606250181096	13.7667260480052125
0.0056650759912498	13.7446630508198560
0.0056695815763022	13.6673356514829472
0.0057113978825599	13.1082810219306509
0.0057252017920078	12.9407699510002185
0.0057252017920078	12.9666773983495691
0.0057295802276460	13.1585564508305488
0.0057339898153817	13.3259291608614632
0.0057383855875795	13.4662780611470705
0.0057428064353838	13.5805670512527215
0.0057472486365811	13.6681703728085857
0.0057517029802897	13.7285081052790012
0.0057561489299300	13.7613012169380990
0.0057606250183447	13.7667193091590665
0.0057606250183447	13.7667193091590665
0.0057650759905412	13.7446564640844482
0.0057695815736577	13.6673292625939311
0.0058113978799484	13.1082748939363771
0.0058252017919060	12.9407638684618682
0.0058252017919060	12.9666713036339658
0.0058295802274979	13.1585503878187922
0.0058339898151875	13.3259231419823898
0.0058383855873215	13.4662720977235075
0.0058428064350633	13.5805611557796784
0.0058472486361997	13.6681645577001483
0.0058517029798797	13.7285023831889461
0.0058561489293915	13.7612955981983998
0.0058606250177911	13.7667138071882640
0.0058606250177911	13.7667138071882640
0.0058650759891973	13.7446510907623889
0.0058695815706723	13.6673240558206945
0.0059113978769874	13.1082698998208595
0.0059252017909229	12.9407589122741413
0.0059252017909229	12.9666663375239395
0.0059295802264726	13.1585454522271412
0.0059339898141221	13.3259182471597057
0.0059383855862038	13.4662672529527185
0.0059428064338938	13.5805563712085675
0.0059472486349793	13.6681598434092528
0.0059517029786342	13.7284977494426581
0.0059561489280390	13.7612910533482751
0.0059606250164254	13.7667093621463632
0.0059606250164254	13.7667093621463632
0.0059650759871681	13.7446467551453821
0.0059695815672420	13.6673198609378908
0.0060113978735737	13.1082658763096713
0.0060252017917492	12.9407548846889675
0.0060252017917492	12.9666623018755303
0.0060295802272725	13.1585414329321750
0.0060339898148942	13.3259142523232601
0.0060383855869338	13.4662632900119874
0.0060428064345832	13.5805524484718418
0.0060472486356297	13.6681559691320640
0.0060517029792674	13.7284939320509665
0.0060561489285893	13.7612872997487212
0.0060606250169668	13.7667056812471227
0.0060606250169668	13.7667056812471227
0.0060650759872050	13.7446431548761261
0.0060695815662553	13.6673163659703381
0.0061113978726064	13.1082625240428037
0.0061252017907970	12.9407515750561757
0.0061252017907970	12.9666589856168493
0.0061295802262907	13.1585381385725739
0.0061339898138847	13.3259109867494416
0.0061383855858893	13.4662600594436555
0.0061428064335039	13.5805492596736919
0.0061472486345160	13.6681528288237679
0.0061517029781364	13.7284908470710256
0.0061561489273862	13.7612842756530593
0.0061606250157545	13.7667027253146337
0.0061606250157545	13.7667027253146337
0.0061650759855435	13.7446402735075495
0.0061695815636375	13.6673135802107506
0.0062113978699986	13.1082598521031510
0.0062252017907485	12.9407489037670089
0.0062252017907485	12.9666563089797542
0.0062295802262219	13.1585354758944444
0.0062339898137956	13.3259083434878853
0.0062383855857722	13.4662574405692830
0.0062428064333593	13.5805466706746980
0.0062472486343446	13.6681502751525112
0.0062517029779524	13.7284883342852631
0.0062561489271457	13.7612818082890342
0.0062606250155074	13.7667003092662430
0.0062606250155074	13.7667003092662430
0.0062650759849490	13.7446379139920616
0.0062695815623217	13.6673112938755832
0.0063113978686936	13.1082576591470605
0.0063252017916089	12.9407467104947553
0.0063252017916089	12.9666541113165668
0.0063295802270699	13.1585332850030685
0.0063339898146298	13.3259061637260032
0.0063383855865835	13.4662552759612630
0.0063428064341488	13.5805445257600503
0.0063472486351135	13.6681481544426422
0.0063517029787128	13.7284862423896179
0.0063561489278619	13.7612797489993568
0.0063606250162193	13.7666982874433668
0.0063606250162193	13.7666982874433668
0.0063650759853950	13.7446359339828952
0.0063695815622394	13.6673093689198417
0.0064113978686234	13.1082558127682400
0.0064252017915803	12.9407448871628556
0.0064252017915803	12.9666522843343532
0.0064295802270273	13.1585314675013407
0.0064339898145734	13.3259043594308455
0.0064383855865080	13.4662534882679221
0.0064428064340546	13.5805427584137046
0.0064472486350011	13.6681464111644413
0.0064517029785918	13.7284845269724372
0.0064561489277024	13.7612780645411075
0.0064606250160553	13.7666966379660334
0.0064606250160553	13.7666966379660334
0.0064650759849944	13.7446343230475918
0.0064695815613472	13.6673078078841090
0.0065113978677385	13.1082543154888391
0.0065252017915547	12.9407433977686530
0.0065252017915547	12.9666507919583793
0.0065295802269904	13.1585299829002000
0.0065339898145252	13.3259028856478388
0.0065383855864441	13.4662520280751981
0.0065428064339755	13.5805413148709722
0.0065472486349070	13.6681449873115159
0.0065517029784907	13.7284831259078661
0.0065561489275699	13.7612766887944780
0.0065606250159191	13.7666952908232361
0.0065606250159191	13.7666952908232361
0.0065650759846645	13.7446330074174536
0.0065695815606153	13.6673065330472809
0.0066113978670126	13.1082530927194316
0.0066252017915339	12.9407421813973151
0.0066252017915339	12.9666495731518658
0.0066295802269602	13.1585287704307383
0.0066339898144859	13.3259016820007279
0.0066383855863920	13.4662508355145309
0.0066428064339109	13.5805401358955589
0.0066472486348302	13.6681438244039608
0.0066517029784082	13.7284819815987262
0.0066561489274616	13.7612755651499032
0.0066606250158079	13.7666941905267084
0.0066606250158079	13.7666941905267084
0.0066650759843952	13.7446319328446904
0.0066695815600179	13.6673054917763928
0.0067113978664201	13.1082520939765335
0.0067252017915168	12.9407411878853473
0.0067252017915168	12.9666485776508829
0.0067295802269356	13.1585277801108447
0.0067339898144537	13.3259006988919371
0.0067383855863494	13.4662498614660642
0.0067428064338581	13.5805391729484235
0.0067472486347675	13.6681428745858966
0.0067517029783408	13.7284810469766594
0.0067561489273732	13.7612746474113159
0.0067606250157171	13.7666932918634615
0.0067606250157171	13.7666932918634615
0.0067650759841753	13.7446310551971820
0.0067695815595299	13.6673046413347929
0.0068113978659360	13.1082512782696181
0.0068252017906050	12.9407403881968150
0.0068252017906050	12.9666477763613734
0.0068295802260134	13.1585269876628850
0.0068339898135228	13.3258999170432411
0.0068383855854099	13.4662490917630464
0.0068428064329095	13.5805384170000920
0.0068472486338096	13.6681421339894236
0.0068517029773774	13.7284803233491957
0.0068561489263906	13.7612739420445820
0.0068606250147314	13.7666926064995980
0.0068606250147314	13.7666926064995980
0.0068650759830664	13.7446303913347201
0.0068695815581417	13.6673040043826948
0.0069113978645478	13.1082506673746320
0.0069252017914896	12.9407397553677708
0.0069252017914896	12.9666471422654030
0.0069295802268975	13.1585263522117017
0.0069339898144048	13.3258992814055190
0.0069383855862854	13.4662484570573948
0.0069428064337793	13.5805377845608106
0.0069472486346743	13.6681415051434030
0.0069517029782409	13.7284796994599247
0.0069561489272430	13.7612733242527820
0.0069606250155833	13.7666919962240346
0.0069606250155833	13.7666919962240346
0.0069650759838551	13.7446297898747840
0.0069695815588230	13.6673034152566775
0.0070113978652349	13.1082501022676468
0.0070252017905849	12.9407392183089716
0.0070252017905849	12.9666466041314106
0.0070295802259844	13.1585258215331891
0.0070339898134849	13.3258987594042342
0.0070383855853597	13.4662479447922347
0.0070428064328473	13.5805372831007869
0.0070472486337357	13.6681410155493488
0.0070517029772980	13.7284792228022088
0.0070561489262865	13.7612728613777655
0.0070606250146244	13.7666915482939167
0.0070606250146244	13.7666915482939167
0.0070650759828074	13.7446293578750520
0.0070695815575670	13.6673030029579916
0.0071113978639778	13.1082497068505539
0.0071252017914732	12.9407387998723387
0.0071252017914732	12.9666461848570691
0.0071295802268738	13.1585253997913725
0.0071339898143738	13.3258983359255634
0.0071383855862444	13.4662475202962195
0.0071428064337285	13.5805368584813397
0.0071472486346140	13.6681405916958028
0.0071517029781761	13.7284788006320007
0.0071561489271580	13.7612724416673409
0.0071606250154959	13.7666911319890826
0.0071606250154959	13.7666911319890826
0.0071650759836435	13.7446289458564177
0.0071695815583535	13.6673025974086304
0.0072113978647692	13.1082493178225139
0.0072252017905715	12.9407384379685038
0.0072252017905715	12.9666458222287009
0.0072295802259651	13.1585250437037953
0.0072339898134596	13.3258979872426266
0.0072383855853263	13.4662471797508374
0.0072428064328058	13.5805365267826588
0.0072472486336864	13.6681402695471714
0.0072517029772450	13.7284784887394089
0.0072561489262171	13.7612721405796830
0.0072606250145530	13.7666908424821273
0.0072606250145530	13.7666908424821273
0.0072650759826346	13.7446286685735775
0.0072695815571836	13.6673023350291238
0.0073113978635975	13.1082490662015729
0.0073252017914623	12.9407381625755935
0.0073252017914623	12.9666455462844521
0.0073295802268580	13.1585247645365087
0.0073339898143532	13.3258977052905614
0.0073383855862171	13.4662468954673589
0.0073428064336946	13.5805362407678061
0.0073472486345738	13.6681399823983227
0.0073517029781328	13.7284782010764133
0.0073561489271013	13.7612718529362290
0.0073606250154377	13.7666905554883918
0.0073606250154377	13.7666905554883918
0.0073650759835025	13.7446283828308822
0.0073695815580406	13.6673020518283543
0.0074113978644588	13.1082487945249841
0.0074252017905626	12.9407379174128359
0.0074252017905626	12.9666453006308799
0.0074295802259522	13.1585245248149487
0.0074339898134428	13.3258974721263197
0.0074383855853040	13.4662466693760337
0.0074428064327782	13.5805360222187641
0.0074472486336536	13.6681397718566231
0.0074517029772097	13.7284779990051895
0.0074561489261708	13.7612716596860771
0.0074606250145055	13.7666903715775426
0.0074606250145055	13.7666903715775426
0.0074650759825194	13.7446282086747420
0.0074695815569280	13.6673018893787841
0.0075113978633440	13.1082486387525723
0.0075252017914550	12.9407377373667938
0.0075252017914550	12.9666451202243866
0.0075295802268475	13.1585243406959815
0.0075339898143395	13.3258972845384154
0.0075383855861989	13.4662464785950036
0.0075428064336720	13.5805358286487845
0.0075472486345469	13.6681395759004527
0.0075517029781040	13.7284778010843187
0.0075561489270635	13.7612714601720896
0.0075606250153988	13.7666901708903016
0.0075606250153988	13.7666901708903016
0.0075650759834083	13.7446280072292861
0.0075695815578317	13.6673016878727136
0.0076113978642516	13.1082484454341799
0.0076252017905566	12.9407375701488583
0.0076252017905566	12.9666449526716789
0.0076295802259435	13.1585241786749734
0.0076339898134316	13.3258971285151926
0.0076383855852891	13.4662463289400307
0.0076428064327597	13.5805356856712969
0.0076472486336316	13.6681394399064402
0.0076517029771861	13.7284776723747299
0.0076561489261398	13.7612713389649919
0.0076606250144737	13.7666900575319886
0.0076606250144737	13.7666900575319886
0.0076650759824424	13.7446279019828737
0.0076695815567573	13.6673015922050318
0.0077113978631746	13.1082483537167160
0.0077252017905522	12.9407374655679934
0.0077252017905522	12.9666448478814420
0.0077295802259384	13.1585240744325365
0.0077339898134256	13.3258970250335711
0.0077383855852820	13.4662462264126503
0.0077428064327515	13.5805355843134610
0.0077472486336224	13.6681393399319333
0.0077517029771764	13.7284775740015359
0.0077561489261279	13.7612712423703343
0.0077606250144615	13.7666899629470709
0.0077606250144615	13.7666899629470709
0.0077650759824164	13.7446278096121706
0.0077695815567031	13.6673015027007096
0.0078113978631208	13.1082482678681149
0.0078252017905507	12.9407373801319210
0.0078252017905507	12.9666447622743277
0.0078295802259362	13.1585239892831698
0.0078339898134228	13.3258969405166372
0.0078383855852783	13.4662461426870212
0.0078428064327469	13.5805355015546656
0.0078472486336169	13.6681392583143513
0.0078517029771706	13.7284774937028828
0.0078561489261202	13.7612711635354508
0.0078606250144536	13.7666898857644995
0.0078606250144536	13.7666898857644995
0.0078650759823974	13.7446277342486720
0.0078695815566608	13.6673014296897861
0.0079113978630789	13.1082481978385079
0.0079252017914474	12.9407372987159732
0.0079252017914474	12.9666446806953850
0.0079295802268366	13.1585239034631112
0.0079339898143253	13.3258968504979549
0.0079383855861801	13.4662460485633488
0.0079428064336487	13.5805354035270351
0.0079472486345192	13.6681391565839014
0.0079517029780742	13.7284773884855316
0.0079561489270244	13.7612710550359267
0.0079606250153586	13.7666897741845293
0.0079606250153586	13.7666897741845293
0.0079650759833111	13.7446276198105437
0.0079695815576160	13.6673013124748284
0.0080113978640377	13.1082480853685457
0.0080252017905505	12.9407372119647057
0.0080252017905505	12.9666445937704395
0.0080295802259347	13.1585238216339633
0.0080339898134200	13.3258967740662193
0.0080383855852737	13.4662459777498231
0.0080428064327407	13.5805353384756575
0.0080472486336090	13.6681390974364501
0.0080517029771618	13.7284773353755707
0.0080561489261080	13.7612710080451972
0.0080606250144410	13.7666897334817495
0.0080606250144410	13.7666897334817495
0.0080650759823632	13.7446275855018172
0.0080695815565815	13.6673012855240543
0.0081113978630002	13.1082480595613138
0.0081252017905472	12.9407371729556626
0.0081252017905472	12.9666445546833007
0.0081295802259311	13.1585237827654815
0.0081339898134161	13.3258967354954958
0.0081383855852694	13.4662459395481715
0.0081428064327360	13.5805353007236871
0.0081472486336039	13.6681390602140542
0.0081517029771565	13.7284772987643056
0.0081561489261018	13.7612709721106441
0.0081606250144347	13.7666896983104952
0.0081606250144347	13.7666896983104952
0.0081650759823516	13.7446275511701632
0.0081695815565592	13.6673012522768804
0.0082113978629781	13.1082480276717259
0.0082252017914445	12.9407371294426934
0.0082252017914445	12.9666445110832189
0.0082295802268324	13.1585237347200419
0.0082339898143198	13.3258966829698107
0.0082383855861729	13.4662458825653424
0.0082428064336397	13.5805352394068812
0.0082472486345085	13.6681389946870926
0.0082517029780627	13.7284772291642554
0.0082561489270094	13.7612708985779744
0.0082606250153432	13.7666896209632998
0.0082606250153432	13.7666896209632998
0.0082650759832737	13.7446274701567450
0.0082695815575332	13.6673011674417761
0.0083113978639555	13.1082479462588779
0.0083252017905481	12.9407370735887621
0.0083252017905481	12.9666444551174695
0.0083295802259312	13.1585236837066795
0.0083339898134155	13.3258966371473981
0.0083383855852678	13.4662458420970417
0.0083428064327333	13.5805352043731862
0.0083472486336003	13.6681389651667171
0.0083517029771524	13.7284772052264188
0.0083561489260957	13.7612708802515833
0.0083606250144283	13.7666896083489672
0.0083606250144283	13.7666896083489672
0.0083650759823325	13.7446274633000787
0.0083695815565134	13.6673011671159070
0.0084113978629327	13.1082479459891967
0.0084252017905452	12.9407370599766605
0.0084252017905452	12.9666444414781150
0.0084295802259283	13.1585236701517427
0.0084339898134125	13.3258966237041321
0.0084383855852646	13.4662458287894289
0.0084428064327300	13.5805351912296377
0.0084472486335967	13.6681389522153438
0.0084517029771489	13.7284771924959621
0.0084561489260918	13.7612708677644964
0.0084606250144243	13.7666895961358069
0.0084606250144243	13.7666895961358069
0.0084650759823265	13.7446274513875686
0.0084695815565037	13.6673011555905131
0.0085113978629230	13.1082479349341998
0.0085252017914429	12.9407370371898267
0.0085252017914429	12.9666444186456609
0.0085295802268301	13.1585236427638392
0.0085339898143168	13.3258965916834988
0.0085383855861689	13.4662457921205991
0.0085428064336348	13.5805351499932296
0.0085472486345027	13.6681389064928442
0.0085517029780565	13.7284771423812995
0.0085561489270012	13.7612708133630264
0.0085606250153348	13.7666895375198841
0.0085606250153348	13.7666895375198841
0.0085650759832533	13.7446273886650339
0.0085695815574878	13.6673010884765773
0.0086113978639106	13.1082478705183156
0.0086252017914447	12.9407369864963648
0.0086252017914447	12.9666443678507122
0.0086295802268315	13.1585235922275814
0.0086339898143178	13.3258965415101809
0.0086383855861693	13.4662457424058228
0.0086428064336348	13.5805351008407289
0.0086472486345021	13.6681388580057117
0.0086517029780557	13.7284770946646173
0.0086561489269993	13.7612707665033529
0.0086606250153328	13.7666894916285756
0.0086606250153328	13.7666894916285756
0.0086650759832449	13.7446273438409037
0.0086695815574658	13.6673010450345931
0.0087113978638888	13.1082478288510220
0.0087252017905461	12.9407369568337831
0.0087252017905461	12.9666443381287468
0.0087295802259283	13.1585235673305867
0.0087339898134117	13.3258965216224983
0.0087383855852628	13.4662457276406311
0.0087428064327271	13.5805350912251086
0.0087472486335929	13.6681388535652601
0.0087517029771445	13.7284770954144850
0.0087561489260853	13.7612707724273982
0.0087606250144176	13.7666895027701290
0.0087606250144176	13.7666895027701290
0.0087650759823066	13.7446273601945883
0.0087695815564560	13.6673010672115520
0.0088113978628757	13.1082478501652471
0.0088252017905436	12.9407369646528885
0.0088252017905436	12.9666443459635055
0.0088295802259259	13.1585235751341543
0.0088339898134094	13.3258965293783014
0.0088383855852605	13.4662457353327731
0.0088428064327249	13.5805350988380589
0.0088472486335907	13.6681388610833263
0.0088517029771424	13.7284771028218504
0.0088561489260833	13.7612707797102178
0.0088606250144156	13.7666895099116555
0.0088606250144156	13.7666895099116555
0.0088650759823054	13.7446273671797226
0.0088695815564568	13.6673010739928653
0.0089113978628766	13.1082478566691432
0.0089252017914416	12.9407369593346377
0.0089252017914416	12.9666443406346072
0.0089295802268282	13.1585235651620600
0.0089339898143143	13.3258965146501041
0.0089383855861656	13.4662457158004223
0.0089428064336307	13.5805350745462619
0.0089472486344978	13.6681388320779718
0.0089517029780512	13.7284770691604958
0.0089561489269942	13.7612707414684454
0.0089606250153276	13.7666894671232924
0.0089606250153276	13.7666894671232924
0.0089650759832360	13.7446273199184734
0.0089695815574495	13.6673010218654341
0.0090113978638726	13.1082478066277144
0.0090252017914436	12.9407369229389300
0.0090252017914436	12.9666443041660333
0.0090295802268299	13.1585235288673701
0.0090339898143157	13.3258964786042871
0.0090383855861666	13.4662456800726282
0.0090428064336314	13.5805350392107158
0.0090472486344981	13.6681387972086519
0.0090517029780514	13.7284770348327054
0.0090561489269937	13.7612707077447087
0.0090606250153270	13.7666894340833856
0.0090606250153270	13.7666894340833856
0.0090650759832309	13.7446272876333637
0.0090695815574348	13.6673009905600011
0.0091113978638580	13.1082477766008818
0.0091252017914431	12.9407368931115219
0.0091252017914431	12.9666442742789112
0.0091295802268291	13.1585234991391626
0.0091339898143148	13.3258964490959571
0.0091383855861654	13.4662456508396531
0.0091428064336298	13.5805350103143940
0.0091472486344963	13.6681387687098681
0.0091517029780494	13.7284770067935131
0.0091561489269910	13.7612706802156950
0.0091606250153243	13.7666894071303556
0.0091606250153243	13.7666894071303556
0.0091650759832243	13.7446272613145357
0.0091695815574200	13.6673009650615391
0.0092113978638434	13.1082477521443135
0.0092252017905448	12.9407368805299896
0.0092252017905448	12.9666442616721902
0.0092295802259265	13.1585234912581441
0.0092339898134093	13.3258964460900557
0.0092383855852595	13.4662456527903167
0.0092428064327231	13.5805350172136521
0.0092472486335881	13.6681387805484178
0.0092517029771394	13.7284770235510063
0.0092561489260785	13.7612707018471863
0.0092606250144107	13.7666894336414529
0.0092606250144107	13.7666894336414529
0.0092650759822898	13.7446272926665891
0.0092695815564188	13.6673010017582950
0.0093113978628389	13.1082477873846646
0.0093252017914404	12.9407368904583233
0.0093252017914404	12.9666442716204013
0.0093295802268265	13.1585234965090319
0.0093339898143121	13.3258964464989571
0.0093383855861626	13.4662456482793420
0.0093428064336270	13.5805350077967510
0.0093472486344934	13.6681387662406202
0.0093517029780465	13.7284770043785880
0.0093561489269881	13.7612706778589224
0.0093606250153213	13.7666894048381288
0.0093606250153213	13.7666894048381288
0.0093650759832208	13.7446272590921641
0.0093695815574156	13.6673009629273050
0.0094113978638390	13.1082477500973376
0.0094252017905447	12.9407368784520838
0.0094252017905447	12.9666442595901277
0.0094295802259264	13.1585234891963516
0.0094339898134092	13.3258964440528409
0.0094383855852594	13.4662456507814525
0.0094428064327230	13.5805350152374018
0.0094472486335879	13.6681387786090021
0.0094517029771392	13.7284770216527470
0.0094561489260783	13.7612706999934016
0.0094606250144104	13.7666894318367881
0.0094606250144104	13.7666894318367881
0.0094650759822893	13.7446272909150178
0.0094695815564176	13.6673010000736799
0.0095113978628377	13.1082477857693664
0.0095252017905425	12.9407369005959421
0.0095252017905425	12.9666442817783167
0.0095295802259243	13.1585235112876635
0.0095339898134073	13.3258964660013870
0.0095383855852577	13.4662456725446091
0.0095428064327215	13.5805350367702218
0.0095472486335867	13.6681387998665862
0.0095517029771380	13.7284770425894340
0.0095561489260775	13.7612707205708134
0.0095606250144097	13.7666894520066165
0.0095606250144097	13.7666894520066165
0.0095650759822912	13.7446273106341081
0.0095695815564252	13.6673010192062154
0.0096113978628453	13.1082478041201131
0.0096252017914407	12.9407369070589269
0.0096252017914407	12.9666442882542405
0.0096295802268269	13.1585235130539182
0.0096339898143126	13.3258964629210048
0.0096383855861633	13.4662456645477064
0.0096428064336279	13.5805350238772728
0.0096472486344945	13.6681387820994100
0.0096517029780476	13.7284770199811312
0.0096561489269896	13.7612706931770834
0.0096606250153228	13.7666894198352647
0.0096606250153228	13.7666894198352647
0.0096650759832244	13.7446272737358761
0.0096695815574238	13.6673009771139586
0.0097113978638471	13.1082477637045205
0.0097252017905450	12.9407368919888874
0.0097252017905450	12.9666442731540315
0.0097295802259267	13.1585235026926437
0.0097339898134096	13.3258964574538528
0.0097383855852600	13.4662456640619244
0.0097428064327237	13.5805350283695887
0.0097472486335888	13.6681387915652763
0.0097517029771401	13.7284770344049480
0.0097561489260795	13.7612707125184883
0.0097606250144117	13.7666894441048946
0.0097606250144117	13.7666894441048946
0.0097650759822922	13.7446273028996853
0.0097695815564241	13.6673010116908618
0.0098113978628442	13.1082477969115914
0.0098252017914406	12.9407368999303998
0.0098252017914406	12.9666442811114422
0.0098295802268267	13.1585235059572589
0.0098339898143124	13.3258964558850934
0.0098383855861630	13.4662456575856986
0.0098428064336275	13.5805350170038803
0.0098472486344940	13.6681387753291190
0.0098517029780471	13.7284770133287779
0.0098561489269889	13.7612706866545711
0.0098606250153222	13.7666894134583568
0.0098606250153222	13.7666894134583568
0.0098650759832228	13.7446272675184158
0.0098695815574201	13.6673009711012128
0.0099113978638435	13.1082477579369012
0.0099252017914428	12.9407368744997466
0.0099252017914428	12.9666442556298751
0.0099295802268287	13.1585234805837406
0.0099339898143141	13.3258964306721133
0.0099383855861646	13.4662456325820905
0.0099428064336288	13.5805349922613683
0.0099472486344951	13.6681387508993435
0.0099517029780481	13.7284769892642355
0.0099561489269894	13.7612706629993493
0.0099606250153226	13.7666893902679988
0.0099606250153226	13.7666893902679988
0.0099650759832202	13.7446272448425546
0.0099695815574110	13.6673009490955515
