0.0000000000000000	0.0000000000000000
0.0000000083333333	0.0020000000000000
0.0000000093050087	0.0002400000000000
0.0001000041666806	0.0007200000001383
0.0001000083333472	0.0011166010490854
0.0001063977558163	1.5361125707438792
0.0001104813067998	2.5136384251138026
0.0001146930823321	3.5174707144899342
0.0001189865299840	4.5343743535668359
0.0001233140246206	5.5509509329006814
0.0001276829132622	6.5668131751201786
0.0001320792394782	7.5765610805435619
0.0001364928825882	8.5757914998609390
0.0001409240064151	9.5624833468288397
0.0001453749449383	10.5350701462745864
0.0001498395368521	11.4901549770609162
0.0001500477267642	11.5226931280858231
0.0001500477267642	11.5226931280858231
0.0001545832941245	11.3796762935619657
0.0001590920960782	11.2146690622458767
0.0001636466404260	11.0255764926507887
0.0001682148805543	10.8138014368893334
0.0001727997645235	10.5795300992135086
0.0001774043728554	10.3229404980113575
0.0001820321306000	10.0441893056607228
0.0001866870256303	9.7433937109800315
0.0001913755505743	9.4204937208553083
0.0001960316706149	9.0808422807142577
0.0002000660843303	8.7788531243766261
0.0002000660843303	8.7877320775010030
0.0002047555398609	9.5388073295488667
0.0002093888724165	10.2626357354427782
0.0002139898942224	10.9614681572088433
0.0002186316606386	11.6448719837537471
0.0002232696786761	12.3047348404470664
0.0002278976525055	12.9389577636549724
0.0002325138843553	13.5462327912064442
0.0002371207122039	14.1258603364162916
0.0002417237202724	14.6775436686765843
0.0002463307392246	15.2011756246316665
0.0002500227674669	15.6089630751165434
0.0002500227674669	15.5940695869423962
0.0002547415490336	14.9416729741959653
0.0002593431505375	14.2753286208148058
0.0002641121764712	13.5554924390716280
0.0002689295774318	12.8005224099151533
0.0002738078709150	12.0094217767480469
0.0002787829073993	11.1772332919448196
0.0002836588356283	10.3387892124681411
0.0002885957529907	9.4689788958749617
0.0002936167552550	8.5650836736343390
0.0002987584144693	7.6217850190043794
0.0003000338832461	7.3858781852831861
0.0003000338832461	7.3933641634684761
0.0003062844731409	7.7257765990746456
0.0003113480472706	7.9785703449708913
0.0003165236676115	8.2208504474019701
0.0003215108228148	8.4383992648707302
0.0003266674503684	8.6464731211418169
0.0003316696249852	8.8314825567704744
0.0003368012419583	9.0035142933128718
0.0003419171837636	9.1572125130231647
0.0003470213404438	9.2916972471522339
0.0003500254726734	9.3654870518796898
0.0003500254726734	9.3561690444372640
0.0003551848700936	8.2231072376916483
0.0003600496665481	7.1376980777041581
0.0003660279428575	5.7879755395768120
0.0003720126132476	4.4241419886827034
0.0003796675110609	2.6690810838542594
0.0003910923414636	0.0476070846750295
0.0003912919661312	0.0020025815047822
0.0003913041232324	0.0002254338408111
0.0003913041232324	-0.0002168739880123
0.0003927800434931	0.0012258162140528
0.0003927814296155	0.0022269492296792
0.0003927832396605	-0.0002148562694710
0.0004000702815634	0.0000203896175996
0.0004030291838844	0.0431461973456632
0.0004059880869750	0.0882720166184113
0.0004089469905062	0.1353978430525013
0.0004119058944689	0.1845236768008998
0.0004152064593083	0.2414374771325437
0.0004183674598106	0.2975455508446647
0.0004215284608141	0.3556536339269508
0.0004246894623203	0.4157617267295797
0.0004278504643182	0.4778698293545514
0.0004320772791511	0.5632564465609089
0.0004355137421168	0.6346873579240171
0.0004389502056834	0.7081182822958927
0.0004423866698430	0.7835492198591930
0.0004475285655960	0.8989109290997745
0.0004500059221262	0.9553781062121219
0.0004500059221262	0.9542781062121488
0.0004538222943283	0.1274805665902080
0.0004544021949977	0.0020230889580473
0.0004544150170161	0.0002496449328619
0.0004544150170161	-0.0001926034905890
0.0004590674564585	0.0012509224610293
0.0004590688428811	0.0022515494688483
0.0004590706528650	-0.0001904209479436
0.0005000312869741	0.0000592885171699
0.0005031439799573	0.1050659357161607
0.0005062566737874	0.2120726118293357
0.0005093693681190	0.3210793056525060
0.0005134145989530	0.4650430610552507
0.0005168720938493	0.5900427424167743
0.0005203295893453	0.7170424459762158
0.0005254920147805	0.9091602443706194
0.0005294497311999	1.0585564674979473
0.0005350801450799	1.2734457862857029
0.0005404684658703	1.4813714485265337
0.0005500102198512	1.8522965401274232
0.0005500102198512	1.8503443435874138
0.0005591993957542	0.0075771495661131
0.0005592407870816	0.0002823559720640
0.0005592407870816	-0.0001607854127774
0.0005662086315591	0.0012846932123416
0.0005662100169919	0.0022855953973454
0.0005662118266905	-0.0001571453084350
0.0006000207596454	0.0000887735703865
0.0006031869739886	0.1536144713614839
0.0006078766054344	0.3834898706022087
0.0006112558263408	0.5514997213986740
0.0006162897248433	0.8042673507030011
0.0006202007872779	1.0028297331562042
0.0006271971249927	1.3604713118563743
0.0006370903148576	1.8704173607888073
0.0006474632537582	2.4098689268396036
0.0006500094022456	2.5407237162087046
0.0006500094022456	2.5383446020711480
0.0006634296782318	-0.0004862031437467
0.0006634318310144	0.0001081433480827
0.0006634318310144	-0.0001368643113564
0.0006668933904985	0.0011090539846668
0.0006668949962333	0.0021101106247659
0.0006668968840558	-0.0001346370296112
0.0007000169741166	0.0000037348381036
0.0007032954273927	0.1941545942612299
0.0007068144936782	0.4039615962174394
0.0007103335605710	0.6157686349049015
0.0007158659692508	0.9513276375385613
0.0007212184985689	1.2782899618664074
0.0007286586184887	1.7348782471234141
0.0007427920405860	2.6061553110624978
0.0007500022222764	3.0454201063662207
0.0007500022222764	3.0431531158504757
0.0007568769359027	1.8025431230640576
0.0007655262362194	0.2388812287381815
0.0007668423875895	0.0021060829273418
0.0007668578464245	0.0003262902020937
0.0007668578464245	-0.0001196347637586
0.0007700964167711	0.0013270834022301
0.0007700977995479	0.0023279639895269
0.0007700996082137	-0.0001175674849330
0.0008000150174991	0.0001271376315636
0.0008033517442180	0.2233219162171157
0.0008082352471689	0.5524446410963378
0.0008124942107970	0.8419415307703700
0.0008170002330645	1.1497191055873306
0.0008288088013214	1.9596430413229105
0.0008383820492349	2.6196170377474015
0.0008447212925344	3.0497804632864516
0.0008500033069639	3.4062282989233745
0.0008500033069639	3.4034348662957443
0.0008568185422937	2.2171926408466134
0.0008694986817426	0.0026447407076640
0.0008695176940302	0.0003394513414104
0.0008695176940302	-0.0001076968730925
0.0008715668980339	0.0013398678433217
0.0008715682796368	0.0023407597981294
0.0008715700878527	-0.0001059887691008
0.0009000138987944	0.0001385236009541
0.0009034059937905	0.2452004564806562
0.0009083724798264	0.6064684193332451
0.0009131081644584	0.9535017596922862
0.0009181802423966	1.3266563269189626
0.0009371457935262	2.7268311512908645
0.0009431117472240	3.1608911025842334
0.0009490050036116	3.5845076276058818
0.0009500145849651	3.6566045472827402
0.0009500145849651	3.6529920365747985
0.0009568111242698	2.5006236553518528
0.0009627008159768	1.4963470977410287
0.0009684056783932	0.5222805238782363
0.0009714657461186	0.0024651685255396
0.0009714841088453	0.0003486736076375
0.0009714841088453	-0.0000994338030216
0.0009735641058064	0.0013490868419001
0.0009735654865032	0.0023499604215339
0.0009735672943620	-0.0000977547468731
0.0010000132259044	0.0001463742512508
0.0010034463651450	0.2607283752637286
0.0010084074713990	0.6397311332568801
0.0010133829408386	1.0223308991482463
0.0010195743789004	1.4999682529408769
0.0010329018409322	2.5324089182375222
0.0010399798527235	3.0737873883324931
0.0010462927874921	3.5506853073602138
0.0010500099342862	3.8291762788737520
0.0010500099342862	3.8258039845379015
0.0010541045980424	3.1426828527658124
0.0010630623256755	1.6411001608488835
0.0010699121726902	0.4909667514146931
0.0010728360094930	0.0024503721420656
0.0010728545668767	0.0003552851088651
0.0010728545668767	-0.0000935640771701
0.0011000128991596	0.0013639001050988
0.0011018758107462	0.1467875678347740
0.0011054207125113	0.4254154658026332
0.0011103356663931	0.8141154121967581
0.0011158460983059	1.2519304174804675
0.0011333352684713	2.6468827735031017
0.0011403050521309	3.1952900032556948
0.0011466267815880	3.6861848106632529
0.0011500107057843	3.9466052404489971
0.0011500107057843	3.9430793760681446
0.0011563768766655	2.8957651401202704
0.0011619114481123	1.9789355768242709
0.0011722324763519	0.2663690454233839
0.0011738331010186	0.0021624795353184
0.0011738500931198	0.0003594089958671
0.0011738500931198	-0.0000899224964296
0.0011789153829887	0.0013606937705422
0.0011789167625639	0.0023614744446898
0.0011789185699557	-0.0000875055709994
0.0012000125442803	0.0001552839739571
0.0012034987613733	0.2790727154966638
0.0012082753179652	0.6635948592573931
0.0012132195798426	1.0638165216298912
0.0012204149828344	1.6477364154776020
0.0012308147967539	2.4954453693820731
0.0012379780070177	3.0718520010521173
0.0012443460684457	3.5780620355800714
0.0012500019316765	4.0238394053028070
0.0012500019316765	4.0206070206369535
0.0012558042718708	3.0730890932930732
0.0012630777596094	1.8767544437153825
0.0012727281793452	0.2872498650419258
0.0012744663488045	0.0024673264102892
0.0012744853153235	0.0003622544851022
0.0012744853153235	-0.0000874220099834
0.0012817563932809	0.0013642443358424
0.0012817577725442	0.0023649908082411
0.0012817595798032	-0.0000843493504447
0.0013000123763433	0.0001576449145523
0.0013035154201027	0.2842059293568501
0.0013081754001076	0.6643959702205885
0.0013130089266265	1.0608150515942252
0.0013201293044225	1.6461445734285074
0.0013305925807229	2.5099307997473135
0.0013376979895049	3.0889742630565458
0.0013440419111272	3.5996912695468737
0.0013500002120547	4.0752732605669548
0.0013500002120547	4.0720490512884169
0.0013557915845498	3.1315557656339390
0.0013629022734486	1.9681344607741691
0.0013737984870802	0.1828213591921560
0.0013749074343182	0.0020802883723507
0.0013749241071781	0.0003640798747796
0.0013749241071781	-0.0000858201144212
0.0013809220100711	0.0013656460324221
0.0013809233891163	0.0023664040745629
0.0013809251962948	-0.0000831541990711
0.0014000122667267	0.0001592085743480
0.0014035218088298	0.2872666089514753
0.0014082703511216	0.6780867437261475
0.0014133117529248	1.0951368634761356
0.0014216459653253	1.7861507752762498
0.0014301157844136	2.4919137611043514
0.0014372315920141	3.0768691135993249
0.0014435788314503	3.5923882120462043
0.0014495717934310	4.0718006698278062
0.0014500168507879	4.1030009187484024
0.0014500168507879	4.1030009187484024
0.0014558392088066	3.1609562711138230
0.0014628724467488	2.0141615490395188
0.0014745917487375	0.1006400975850007
0.0014751989122817	0.0020239096385853
0.0014752152849257	0.0003652910744921
0.0014752152849257	-0.0000847597698498
0.0014811382056161	0.0013668274665267
0.0014811395845184	0.0023675843670034
0.0014811413916411	-0.0000821251635006
0.0015000121964595	0.0001602307994423
0.0015035273338807	0.2893746666138099
0.0015082889101799	0.6834967594524806
0.0015133930639076	1.1081003911548419
0.0015222880085737	1.8496888164720935
0.0015299481579883	2.4917568068113063
0.0015370473497645	3.0785470112694138
0.0015433851146644	3.5961395918717232
0.0015493693393160	4.0775181599418371
0.0015500167640676	4.1250380597790910
0.0015500167640676	4.1250380597790910
0.0015558520449157	3.1831925445416709
0.0015628319625353	2.0476713610672674
0.0015751169519614	0.0463372031499253
0.0015753905169901	0.0020048058511128
0.0015754068017253	0.0003660800891269
0.0015754068017253	-0.0000840698549546
0.0015811485421834	0.0013675547610999
0.0015811499209910	0.0023683128164220
0.0015811517280773	-0.0000814952188842
0.0016000121509036	0.0001608994421450
0.0016035307315701	0.2907389845609700
0.0016083086604822	0.6876768627778748
0.0016134687257512	1.1184940809566630
0.0016228496857876	1.9034225668848155
0.0016298433425483	2.4919646192293552
0.0016369306026084	3.0798542081725433
0.0016432608821615	3.5986891064855624
0.0016492384941907	4.0812743737049670
0.0016500166860937	4.1435568982670485
0.0016500166860937	4.1394378064179325
0.0016558631853212	3.1972843654359941
0.0016628110995395	2.0686443209510754
0.0016754682158421	0.0097486523167599
0.0016755323744256	0.0003666732732677
0.0016755323744256	-0.0000836190318709
0.0016811983697501	0.0013681214268264
0.0016811997484223	0.0023688796327955
0.0016812015554562	-0.0000810705882653
0.0017000121214092	0.0001613778905542
0.0017035330272996	0.2916358839533506
0.0017083191257499	0.6902073681653836
0.0017135115841179	1.1247537299487131
0.0017323167961627	2.7040108114002388
0.0017388374868046	3.2442838029216174
0.0017448288617266	3.7345118470956562
0.0017500032451687	4.1544191835563637
0.0017500032451687	4.1510044790457075
0.0017558631716790	3.2077015711307064
0.0017627896861614	2.0836428710449799
0.0017755920696637	0.0030590001983473
0.0017756149076039	0.0003669409517989
0.0017756149076039	-0.0000833214954439
0.0017812785074210	0.0013683868448718
0.0017812798861218	0.0023691445193949
0.0017812816931666	-0.0000807761063327
0.0018000121021156	0.0001616247470365
0.0018035346214673	0.2922325960199422
0.0018083233556514	0.6916516929137557
0.0018135322474207	1.1282486568982477
0.0018321737151591	2.6962016140309064
0.0018387190175753	3.2394122334983870
0.0018447230729218	3.7314993584513556
0.0018500027298732	4.1606581063279338
0.0018500027298732	4.1572556657173596
0.0018558666735292	3.2139520927015308
0.0018627798006075	2.0927805153292232
0.0018756464419478	0.0030022068926156
0.0018756689406287	0.0003671613051376
0.0018756689406287	-0.0000831288874701
0.0018812878119982	0.0013685919810520
0.0018812891906725	0.0023693499249920
0.0018812909977072	-0.0000805983037481
0.0019000120895750	0.0001618113334067
0.0019035355857484	0.2926155559953200
0.0019083285394907	0.6927958459260299
0.0019135527994546	1.1311222459626324
0.0019320663169580	2.6899060832118202
0.0019386303728413	3.2352706668255573
0.0019446442066246	3.7287068270085078
0.0019500023404972	4.1647229963565238
0.0019500023404972	4.1613302056988335
0.0019558696582887	3.2179052552674263
0.0019627745485314	2.0985330953076602
0.0019756818562403	0.0029640233975066
0.0019757041263496	0.0003673048331205
0.0019757041263496	-0.0000830034583154
0.0019813042429599	0.0013687289163484
0.0019813056216170	0.0023694868845571
0.0019813074286450	-0.0000804794187146
0.0020000120814396	0.0001619325971710
0.0020035362308003	0.2928659219500728
0.0020083313266868	0.6934910931564944
0.0020135644992196	1.1328524137374776
0.0020320003940619	2.6861287841142829
0.0020385756274707	3.2328080357126203
0.0020445953303195	3.7270790608041597
0.0020500020959854	4.1673639833530771
0.0020500020959854	4.1639770892148098
0.0020558714568155	3.2204974558160946
0.0020627709774291	2.1022969296821947
0.0020757048861022	0.0029393289445693
0.0020757270083133	0.0003673980596754
0.0020757270083133	-0.0000829219999727
0.0020813129215004	0.0013688172206717
0.0020813143001463	0.0023695752355220
0.0020813161071700	-0.0000804028058776
0.0021000120761627	0.0001620114094388
0.0021035366467334	0.2930284140461897
0.0021083332522443	0.6939526540353175
0.0021135724476366	1.1340064765356346
0.0021319569691867	2.6836213370511999
0.0021385395216996	3.2311607135121463
0.0021445630855055	3.7259790816546321
0.0021500019335456	4.1690806394578424
0.0021500019335456	4.1656976619339785
0.0021558726650638	3.2221757375249909
0.0021627687384947	2.1047294429787384
0.0021757198585754	0.0029231942591740
0.0021757418840959	0.0003674586486667
0.0021757418840959	-0.0000828690643122
0.0021813191407909	0.0013688747951696
0.0021813205194295	0.0023696328321669
0.0021813223264504	-0.0000803528467458
0.0022000120727427	0.0001620626141077
0.0022035369180398	0.2931340794241279
0.0022083344712750	0.6942499091630228
0.0022135775239426	1.1347491808504495
0.0022319290056805	2.6820114473585646
0.0022385162302950	3.2301028361407562
0.0022445422661993	3.7252738165335093
0.0022500018281340	4.1701959160255129
0.0022500018281340	4.1668154643084767
0.0022558734445110	3.2232670138872659
0.0022627672850739	2.1063095378614705
0.0022757295884774	0.0029127056327469
0.0022757515511240	0.0003674980081317
0.0022757515511240	-0.0000828346787483
0.0022813231076236	0.0013689121726298
0.0022813244862575	0.0023696702255135
0.0022813262932765	-0.0000803204166146
0.0023000120705090	0.0001620958784857
0.0023035370941824	0.2932027212392283
0.0023083352675784	0.6944434109647998
0.0023135808367569	1.1352330544402884
0.0023319108342603	2.6809644524933112
0.0023385010827386	3.2294136359497063
0.0023445287217544	3.7248135366644091
0.0023500017593447	4.1709204554266686
0.0023500017593447	4.1675416488087604
0.0023558739535041	3.2239755136241066
0.0023627663489040	2.1073346665304884
0.0023757359102923	0.0029058828130572
0.0023757578320304	0.0003675235763061
0.0023757578320304	-0.0000828123425434
0.0023813257243113	0.0013689364658672
0.0023813271029421	0.0023696945285270
0.0023813289099599	-0.0000802993388241
0.0024000120690691	0.0001621174861296
0.0024035372086850	0.2932473165978353
0.0024083357827264	0.6945689369028818
0.0024135829834359	1.1355469737640524
0.0024318990531306	2.6802859365698999
0.0024384912558058	3.2289667335867716
0.0024445199321616	3.7245150213565976
0.0024500017146122	4.1713910907462513
0.0024500017146122	4.1680133517942668
0.0024558742841283	3.2244357291615797
0.0024627657424997	2.1080002575355383
0.0024757400171251	0.0029014485817526
0.0024757619122727	0.0003675401838933
0.0024757619122727	-0.0000827978346922
0.0024813274249358	0.0013689522455975
0.0024813288035646	0.0023697103145766
0.0024813306105817	-0.0000802856480685
0.0025000120681314	0.0001621315209567
0.0025035372830649	0.2932762843476203
0.0025083361173132	0.6946504732948130
0.0025135843781383	1.1357509265456618
0.0025318914048922	2.6798454263971911
0.0025384848738187	3.2286764277219788
0.0025445142228910	3.7243210208346023
0.0025500016855181	4.1716967847807753
0.0025500016855181	4.1683197395238700
0.0025558744991311	3.2247346122041574
0.0025627653497151	2.1084323929986941
0.0025757426848091	0.0028985671089882
0.0025757645626760	0.0003675509707756
0.0025757645626760	-0.0000827884117646
0.0025813285334499	0.0013689624960003
0.0025813299120774	0.0023697205689710
0.0025813317190940	-0.0000802767546893
0.0026000120675152	0.0001621406364423
0.0026035373313791	0.2932951003056861
0.0026083363344221	0.6947034167866941
0.0026135852835592	1.1358833670182042
0.0026318864401647	2.6795594982660322
0.0026384807300077	3.2284879384908156
0.0026445105154507	3.7241950399027570
0.0026500016666088	4.1718953353637103
0.0026500016666088	4.1685187406192288
0.0026558746388237	3.2249287307985002
0.0026627650949710	2.1087130034751067
0.0026757444175565	0.0028966950718133
0.0026757662841959	0.0003675579767220
0.0026757662841959	-0.0000827822917017
0.0026813292542929	0.0013689691537717
0.0026813306329196	0.0023697272293498
0.0026813324399358	-0.0000802709783078
0.0027000120671150	0.0001621465568819
0.0027035373627613	0.2933073214296188
0.0027083364753831	0.6947377997122103
0.0027135858715894	1.1359693868138745
0.0027318832166052	2.6793738503941285
0.0027384780390168	3.2283655286362762
0.0027445081076359	3.7241132103615273
0.0027500016543214	4.1720242918147203
0.0027500016543214	4.1686479896858479
0.0027558747295877	3.2250548027102734
0.0027627649297061	2.1088952244509915
0.0027757455429852	0.0028954790100447
0.0027757674023310	0.0003675625269665
0.0027757674023310	-0.0000827783168622
0.0027813297230136	0.0013689734780535
0.0027813311016397	0.0023697315554229
0.0027813329086557	-0.0000802672265206
0.0028000120668639	0.0001621504022072
0.0028035373831492	0.2933152585844920
0.0028083365669195	0.6947601290373907
0.0028135862534964	1.1360252551541274
0.0028318811233901	2.6792533008214052
0.0028384762914451	3.2282860314253212
0.0028445065438945	3.7240600628050857
0.0028500016463385	4.1721080455349178
0.0028500016463385	4.1687319334548150
0.0028558747885429	3.2251366818982725
0.0028627648224296	2.1090135619247596
0.0028757462739349	0.0028946890992128
0.0028757681285428	0.0003675654823052
0.0028757681285428	-0.0000827757353148
0.0028813300276288	0.0013689762867026
0.0028813314062545	0.0023697343650865
0.0028813332132704	-0.0000802647897806
0.0029000120667007	0.0001621528997062
0.0029035373963921	0.2933204137262213
0.0029083366263680	0.6947746313343268
0.0029135865014920	1.1360615372230873
0.0029318797641354	2.6791750226113913
0.0029384751565509	3.2282344056703112
0.0029445055283578	3.7240255478057116
0.0029500016411529	4.1721624413662859
0.0029500016411529	4.1687864527120553
0.0029558748268443	3.2251898583714502
0.0029627647527927	2.1090904127804619
0.0029757467486725	0.0028941760463730
0.0029757686002032	0.0003675674017022
0.0029757686002032	-0.0000827740586810
0.0029813302255564	0.0013689781108566
0.0029813316041819	0.0023697361900371
0.0029813334111977	-0.0000802632071686
0.0030000120665885	0.0001621545216986
0.0030035374049875	0.2933237618862570
0.0030083366649672	0.6947840497893991
0.0030135866625335	1.1360851000793295
0.0030318788813741	2.6791241848649441
0.0030384744194664	3.2282008749245281
0.0030445048687694	3.7240031282467898
0.0030500016377844	4.1721977702484860
0.0030500016377844	4.1688218617622921
0.0030558748517223	3.2252243948589103
0.0030627647075820	2.1091403226748433
0.0030757470570044	0.0028938428196204
0.0030757689065364	0.0003675686481696
0.0030757689065364	-0.0000827729697710
0.0030813303541339	0.0013689792954696
0.0030813317327593	0.0023697373751938
0.0030813335397751	-0.0000802621793147
0.0031000120665137	0.0001621555749563
0.0031035374105726	0.2933259367876204
0.0031083366900166	0.6947901652887888
0.0031135867671279	1.1361004038837401
0.0031318783081500	2.6790911751419104
0.0031384739408266	3.2281791032174509
0.0031445044404464	3.7239885716627068
0.0031500016355967	4.1722207151279402
0.0031500016355967	4.1688448586997966
0.0031558748678764	3.2252468256489788
0.0031627646782190	2.1091727373785618
0.0031757472572558	0.0028936263856873
0.0031757691054896	0.0003675694577637
0.0031757691054896	-0.0000827722625702
0.0031813304376578	0.0013689800648990
0.0031813318162831	0.0023697381447048
0.0031813336232988	-0.0000802615117622
0.0032000120664664	0.0001621562589862
0.0032035374141913	0.2933273484746488
0.0032083367063049	0.6947941386094680
0.0032135868350909	1.1361103457931367
0.0032318779358249	2.6790697329324642
0.0032384736299272	3.2281649594699462
0.0032445041622401	3.7239791150937682
0.0032500016341757	4.1722356167460646
0.0032500016341757	4.1688597941325938
0.0032558748783708	3.2252613928760807
0.0032627646591578	2.1091937877802094
0.0032757473873103	0.0028934858214871
0.0032757692347009	0.0003675699835732
0.0032757692347009	-0.0000827718032729
0.0032813304919062	0.0013689805646243
0.0032813318705314	0.0023697386446391
0.0032813336775471	-0.0000802610782138
0.0033000120664412	0.0001621567034015
0.0033035374165522	0.2933282657409843
0.0033083367168857	0.6947967188421598
0.0033135868792006	1.1361167997505488
0.0033318776940330	2.6790558080348017
0.0033384734280273	3.2281557745267371
0.0033445039815660	3.7239729737185034
0.0033500016332529	4.1722452943317627
0.0033500016332529	4.1688694936786579
0.0033558748851878	3.2252708530940106
0.0033627646467770	2.1092074589827763
0.0033757474717734	0.0028933945470445
0.0033757693186166	0.0003675703250656
0.0033757693186166	-0.0000827715049737
0.0033813305271240	0.0013689808891667
0.0033813319057492	0.0023697389693787
0.0033813337127649	-0.0000802607966412
0.0034000120664197	0.0001621569919941
0.0034035374180879	0.2933288621013842
0.0034083367237420	0.6947983937447496
0.0034135869078037	1.1361209880560592
0.0034318775370738	2.6790467710727159
0.0034384732969607	3.2281498146257461
0.0034445038642585	3.7239689882839735
0.0034500016326536	4.1722515800137669
0.0034500016326536	4.1688757936172562
0.0034558748896121	3.2252769981218887
0.0034627646387307	2.1092163392614820
0.0034757475266318	0.0028933352527413
0.0034757693731194	0.0003675705467976
0.0034757693731194	-0.0000827713112416
0.0034813305500206	0.0013689810999050
0.0034813319286457	0.0023697391800577
0.0034813337356614	-0.0000802606137658
0.0035000120664034	0.0001621571792323
0.0035035374190695	0.2933292482856310
0.0035083367282072	0.6947994827579380
0.0035135869264389	1.1361237133198567
0.0035318774350327	2.6790408934889438
0.0035384732117556	3.2281459371896122
0.0035445037880199	3.7239663957643105
0.0035500016322642	4.1722556624533649
0.0035500016322642	4.1688798853242739
0.0035558748924888	3.2252809886368055
0.0035627646335120	2.1092221055792786
0.0035757475622606	0.0028932967471820
0.0035757694085172	0.0003675706908516
0.0035757694085172	-0.0000827711854246
0.0035813305648790	0.0013689812368088
0.0035813319435042	0.0023697393170104
0.0035813337505198	-0.0000802604950037
0.0036000120664013	0.0001621573010175
0.0036035374197256	0.2933294999436657
0.0036083367311022	0.6948001888814658
0.0036135869385181	1.1361254805550574
0.0036318773688340	2.6790370815983753
0.0036384731564735	3.2281434227803620
0.0036445037385449	3.7239647144728929
0.0036500016320114	4.1722583131007065
0.0036500016320114	4.1688825419848481
0.0036558748943550	3.2252835799509838
0.0036627646301260	2.1092258493588192
0.0036757475853961	0.0028932717362637
0.0036757694315026	0.0003675707844967
0.0036757694315026	-0.0000827711037064
0.0036813305745472	0.0013689813258255
0.0036813319531724	0.0023697394063192
0.0036813337601880	-0.0000802604178601
0.0037000120663952	0.0001621573803260
0.0037035374201420	0.2933296629673738
0.0037083367329832	0.6948006479717640
0.0037135869463853	1.1361266305956037
0.0037318773258036	2.6790346032836747
0.0037384731205442	3.2281417881106949
0.0037445037063924	3.7239636213484575
0.0037500016318472	4.1722600350751273
0.0037500016318472	4.1688842678675613
0.0037558748955665	3.2252852634674194
0.0037627646279163	2.1092282829845765
0.0037757476004247	0.0028932554829330
0.0037757694464338	0.0003675708451790
0.0037757694464338	-0.0000827710506335
0.0037813305808174	0.0013689813834940
0.0037813319594425	0.0023697394637912
0.0037813337664581	-0.0000802603677622
0.0038000120663896	0.0001621574314500
0.0038035374204136	0.2933297690921859
0.0038083367341986	0.6948009457424228
0.0038135869514751	1.1361273759968833
0.0038318772978507	2.6790329933149581
0.0038384730971964	3.2281407254893728
0.0038445036855098	3.7239629114487109
0.0038500016317405	4.1722611535548175
0.0038500016317405	4.1688853888855304
0.0038558748963545	3.2252863567633736
0.0038627646264858	2.1092298628882036
0.0038757476101856	0.0028932449459729
0.0038757694561314	0.0003675708846424
0.0038757694561314	-0.0000827710161672
0.0038813305848792	0.0013689814209924
0.0038813319635043	0.0023697395013168
0.0038813337705199	-0.0000802603352316
0.0039000120663970	0.0001621574649411
0.0039035374205949	0.2933298374902782
0.0039083367350150	0.6948011404715020
0.0039135869548077	1.1361278614360919
0.0039318772796954	2.6790319466947103
0.0039384730820471	3.2281400356232601
0.0039445036719456	3.7239624493735506
0.0039500016316712	4.1722618790872463
0.0039500016316712	4.1688861160676458
0.0039558748968653	3.2252870661274669
0.0039627646255575	2.1092308880375796
0.0039757476165203	0.0028932380831436
0.0039757694624250	0.0003675709103419
0.0039757694624250	-0.0000827709937738
0.0039813305875253	0.0013689814454259
0.0039813319661504	0.0023697395256777
0.0039813337731661	-0.0000802603140911
0.0040000120663963	0.0001621574866125
0.0040035374207105	0.2933298822136444
0.0040083367355250	0.6948012657534548
0.0040135869569723	1.1361281772545753
0.0040318772678758	2.6790312651869459
0.0040384730721757	3.2281395855072539
0.0040445036631162	3.7239621482691239
0.0040500016318248	4.1722623671421051
0.0040500016318248	4.1688866052128057
0.0040558748974235	3.2252875389678954
0.0040627646251631	2.1092315684028242
0.0040757476209275	0.0028932335210151
0.0040757694668048	0.0003675709268296
0.0040757694668048	-0.0000827709793733
0.0040813305897348	0.0013689814611598
0.0040813319683599	0.0023697395418595
0.0040813337753755	-0.0000802603004442
0.0041000120667935	0.0001621575008446
0.0041035374211826	0.2933299110157641
0.0041083367362598	0.6948013471526445
0.0041135869587213	1.1361283770435131
0.0041318772607449	2.6790308332120172
0.0041384730662874	3.2281393014895250
0.0041445036578808	3.7239619586420778
0.0041500016317982	4.1722626387005430
0.0041500016317982	4.1688868774219019
0.0041558748975843	3.2252878131371991
0.0041627646247476	2.1092319714244279
0.0041757476234018	0.0028932308815698
0.0041757694692633	0.0003675709378985
0.0041757694692633	-0.0000827709697186
0.0041813305902484	0.0013689814715535
0.0041813319688735	0.0023697395519183
0.0041813337758891	-0.0000802602914406
0.0042000120667876	0.0001621575099608
0.0042035374212246	0.2933299302665776
0.0042083367365102	0.6948014045554896
0.0042135869597730	1.1361285242232571
0.0042318772553614	2.6790305171377562
0.0042384730618016	3.2281390904748433
0.0042445036538852	3.7239618156949330
0.0042500016317778	4.1722628447376939
0.0042500016317778	4.1688870839510432
0.0042558748977422	3.2252880123585501
0.0042627646245068	2.1092322585924776
0.0042757476251979	0.0028932289396885
0.0042757694710478	0.0003675709451591
0.0042757694710478	-0.0000827709633855
0.0042813305911537	0.0013689814785077
0.0042813319697788	0.0023697395588609
0.0042813337767945	-0.0000802602854164
0.0043000120667887	0.0001621575160370
0.0043035374212607	0.2933299430850715
0.0043083367366414	0.6948014387602016
0.0043135869603678	1.1361286119423919
0.0043318772520631	2.6790303279247851
0.0043384730590487	3.2281389661878004
0.0043445036514158	3.7239617325899030
0.0043500016317652	4.1722629779438076
0.0043500016317652	4.1688872174565930
0.0043558748978298	3.2252881435929170
0.0043627646243240	2.1092324488242236
0.0043757476263611	0.0028932276813768
0.0043757694722034	0.0003675709498832
0.0043757694722034	-0.0000827709592746
0.0043813305915854	0.0013689814829768
0.0043813319702105	0.0023697395635399
0.0043813337772262	-0.0000802602815521
0.0044000120667870	0.0001621575201951
0.0044035374212797	0.2933299512436101
0.0044083367367398	0.6948014622947943
0.0044135869607603	1.1361286696505759
0.0044318772499129	2.6790302045989209
0.0044384730572477	3.2281388846319121
0.0044445036497957	3.7239616775201001
0.0044500016317569	4.1722630647178782
0.0044500016317569	4.1688873044276136
0.0044558748978931	3.2252882280509558
0.0044627646242170	2.1092325707042314
0.0044757476271179	0.0028932268622463
0.0044757694729553	0.0003675709528455
0.0044757694729553	-0.0000827709566053
0.0044813305919201	0.0013689814857956
0.0044813319705452	0.0023697395661565
0.0044813337775609	-0.0000802602790267
0.0045000120667845	0.0001621575225399
0.0045035374212932	0.2933299567432935
0.0045083367368013	0.6948014774774210
0.0045135869609909	1.1361287051637639
0.0045318772485464	2.6790301270746397
0.0045384730561115	3.2281388344822934
0.0045445036487777	3.7239616445998807
0.0045500016317517	4.1722631210951882
0.0045500016317517	4.1688873609271209
0.0045558748979313	3.2252882834084970
0.0045627646241465	2.1092326500680638
0.0045757476276096	0.0028932263266212
0.0045757694734438	0.0003675709549472
0.0045757694734438	-0.0000827709548741
0.0045813305921143	0.0013689814877915
0.0045813319707394	0.0023697395685283
0.0045813337777551	-0.0000802602773964
0.0046000120667874	0.0001621575245784
0.0046035374213040	0.2933299601176556
0.0046083367368438	0.6948014871727554
0.0046135869611652	1.1361287299233214
0.0046318772476359	2.6790300744203921
0.0046384730553368	3.2281387984893817
0.0046445036480974	3.7239616212665902
0.0046500016317482	4.1722631573352178
0.0046500016317482	4.1688873972499341
0.0046558748979571	3.2252883188185208
0.0046627646240950	2.1092327021606860
0.0046757476279266	0.0028932259803485
0.0046757694737587	0.0003675709562336
0.0046757694737587	-0.0000827709537472
0.0046813305922452	0.0013689814890138
0.0046813319708703	0.0023697395696411
0.0046813337778859	-0.0000802602763327
0.0047000120667948	0.0001621575257005
0.0047035374213162	0.2933299622853895
0.0047083367368820	0.6948014939152436
0.0047135869612818	1.1361287458558740
0.0047318772470088	2.6790300368442312
0.0047384730548249	3.2281387740283169
0.0047445036476371	3.7239616042676320
0.0047500016317459	4.1722631805636494
0.0047500016317459	4.1688874205356630
0.0047558748979729	3.2252883416648332
0.0047627646240726	2.1092327339304449
0.0047757476281312	0.0028932257635026
0.0047757694739620	0.0003675709569371
0.0047757694739620	-0.0000827709530077
0.0047813305923335	0.0013689814896805
0.0047813319709585	0.0023697395703313
0.0047813337779742	-0.0000802602756328
0.0048000120667940	0.0001621575263108
0.0048035374213202	0.2933299638419192
0.0048083367368912	0.6948014974840874
0.0048135869613647	1.1361287573221703
0.0048318772466271	2.6790300151516924
0.0048384730545022	3.2281387595262880
0.0048445036473487	3.7239615946855684
0.0048500016317444	4.1722631962439580
0.0048500016317444	4.1688874362508921
0.0048558748979859	3.2252883566771100
0.0048627646240485	2.1092327567228626
0.0048757476282678	0.0028932256308727
0.0048757694740978	0.0003675709575094
0.0048757694740978	-0.0000827709525270
0.0048813305923915	0.0013689814902275
0.0048813319710166	0.0023697395708141
0.0048813337780323	-0.0000802602751787
0.0049000120667910	0.0001621575267069
0.0049035374213188	0.2933299647256917
0.0049083367369059	0.6948015007361699
0.0049135869614021	1.1361287635859305
0.0049318772463941	2.6790300024993772
0.0049384730543058	3.2281387513876028
0.0049445036471779	3.7239615899796172
0.0049500016317435	4.1722632065817464
0.0049500016317435	4.1688874466083954
0.0049558748979958	3.2252883663470882
0.0049627646240384	2.1092327707773979
0.0049757476283574	0.0028932255176238
0.0049757694741868	0.0003675709578970
0.0049757694741868	-0.0000827709522178
0.0049813305924376	0.0013689814906005
0.0049813319710627	0.0023697395711331
0.0049813337780784	-0.0000802602748846
0.0050000120667895	0.0001621575269606
0.0050035374213189	0.2933299653397545
0.0050083367369059	0.6948015019984133
0.0050135869614343	1.1361287682566183
0.0050318772461998	2.6790299905819315
0.0050384730541493	3.2281387435948710
0.0050445036470248	3.7239615833610076
0.0050500016317428	4.1722632132015383
0.0050500016317428	4.1688874532481170
0.0050558748979975	3.2252883732698661
0.0050627646240301	2.1092327800421473
0.0050757476284146	0.0028932254600500
0.0050757694742436	0.0003675709579643
0.0050757694742436	-0.0000827709520190
0.0050813305924595	0.0013689814906528
0.0050813319710846	0.0023697395712775
0.0050813337781002	-0.0000802602746977
0.0051000120667895	0.0001621575271737
0.0051035374213204	0.2933299657826104
0.0051083367369142	0.6948015034211074
0.0051135869614474	1.1361287705421927
0.0051318772461402	2.6790299883218429
0.0051384730540910	3.2281387420093628
0.0051445036469763	3.7239615831215174
0.0051500016317425	4.1722632173660585
0.0051500016317425	4.1688874574171813
0.0051558748979997	3.2252883774734129
0.0051627646240157	2.1092327874116581
0.0051757476284510	0.0028932254310323
0.0051757694742798	0.0003675709581835
0.0051757694742798	-0.0000827709518900
0.0051813305924749	0.0013689814908662
0.0051813319711000	0.0023697395714284
0.0051813337781156	-0.0000802602745758
0.0052000120667917	0.0001621575272866
0.0052035374213227	0.2933299659863505
0.0052083367369170	0.6948015039513649
0.0052135869614835	1.1361287741629844
0.0052318772460281	2.6790299805409572
0.0052384730540075	3.2281387370513546
0.0052445036468947	3.7239615787167293
0.0052500016317421	4.1722632199304446
0.0052500016317421	4.1688874599929981
0.0052558748980027	3.2252883798009044
0.0052627646240122	2.1092327911011370
0.0052757476284740	0.0028932253964293
0.0052757694743026	0.0003675709582446
0.0052757694743026	-0.0000827709518041
0.0052813305924876	0.0013689814909238
0.0052813319711126	0.0023697395715031
0.0052813337781283	-0.0000802602744935
0.0053000120667820	0.0001621575272090
0.0053035374213130	0.2933299661163544
0.0053083367369100	0.6948015044856156
0.0053135869614801	1.1361287751897371
0.0053318772460051	2.6790299805591031
0.0053384730539846	3.2281387373074630
0.0053445036468764	3.7239615795616365
0.0053500016317420	4.1722632224522673
0.0053500016317420	4.1688874625155288
0.0053558748980030	3.2252883824113074
0.0053627646240111	2.1092327941207438
0.0053757476284935	0.0028932253727088
0.0053757694743220	0.0003675709584355
0.0053757694743220	-0.0000827709517573
0.0053813305924963	0.0013689814911081
0.0053813319711214	0.0023697395715890
0.0053813337781371	-0.0000802602744504
0.0054000120667850	0.0001621575273615
0.0054035374213159	0.2933299661867658
0.0054083367369188	0.6948015051377411
0.0054135869614636	1.1361287738213952
0.0054318772459761	2.6790299785005343
0.0054384730539618	3.2281387359143778
0.0054445036468616	3.7239615789518434
0.0054500016317420	4.1722632231587466
0.0054500016317420	4.1688874632239399
0.0054558748980037	3.2252883831078414
0.0054627646240109	2.1092327950738667
0.0054757476285005	0.0028932253600144
0.0054757694743289	0.0003675709582951
0.0054757694743289	-0.0000827709517256
0.0054813305925078	0.0013689814909754
0.0054813319711328	0.0023697395715722
0.0054813337781485	-0.0000802602744172
0.0055000120667865	0.0001621575273540
0.0055035374213206	0.2933299665020402
0.0055083367369102	0.6948015044119075
0.0055135869614765	1.1361287749869928
0.0055318772459458	2.6790299762972372
0.0055384730539407	3.2281387345941379
0.0055445036468439	3.7239615780117203
0.0055500016317419	4.1722632237468407
0.0055500016317419	4.1688874638146256
0.0055558748980074	3.2252883831579804
0.0055627646240110	2.1092327958010881
0.0055757476285060	0.0028932253522905
0.0055757694743344	0.0003675709585083
0.0055757694743344	-0.0000827709517031
0.0055813305925125	0.0013689814911881
0.0055813319711376	0.0023697395716537
0.0055813337781532	-0.0000802602743950
0.0056000120667865	0.0001621575274319
0.0056035374213206	0.2933299665380188
0.0056083367369171	0.6948015050708185
0.0056135869614631	1.1361287739929868
0.0056318772459517	2.6790299770992347
0.0056384730539429	3.2281387351395758
0.0056445036468409	3.7239615781832547
0.0056500016317419	4.1722632242132178
0.0056500016317419	4.1688874642810338
0.0056558748980050	3.2252883840564817
0.0056627646240092	2.1092327966626847
0.0056757476285101	0.0028932253652164
0.0056757694743385	0.0003675709584822
0.0056757694743385	-0.0000827709516880
0.0056813305924932	0.0013689814911500
0.0056813319711183	0.0023697395716453
0.0056813337781340	-0.0000802602743876
0.0057000120667827	0.0001621575273664
0.0057035374213153	0.2933299664271929
0.0057083367369108	0.6948015049108832
0.0057135869614824	1.1361287760092940
0.0057318772459103	2.6790299741473489
0.0057384730539123	3.2281387331535694
0.0057445036468191	3.7239615769795402
0.0057500016317417	4.1722632248253504
0.0057500016317417	4.1688874648962386
0.0057558748980088	3.2252883840681639
0.0057627646240150	2.1092327963691044
0.0057757476285144	0.0028932253444495
0.0057757694743427	0.0003675709584798
0.0057757694743427	-0.0000827709516821
0.0057813305924965	0.0013689814911447
0.0057813319711216	0.0023697395716475
0.0057813337781372	-0.0000802602743820
0.0058000120667865	0.0001621575273934
0.0058035374213190	0.2933299664371471
0.0058083367369151	0.6948015049845808
0.0058135869614848	1.1361287759399450
0.0058318772459062	2.6790299735684298
0.0058384730539107	3.2281387328069786
0.0058445036468158	3.7239615765162677
0.0058500016317417	4.1722632246473781
0.0058500016317417	4.1688874647190008
0.0058558748980054	3.2252883844500562
0.0058627646240067	2.1092327975740006
0.0058757476285138	0.0028932253418149
0.0058757694743421	0.0003675709584721
0.0058757694743421	-0.0000827709516752
0.0058813305925092	0.0013689814911456
0.0058813319711343	0.0023697395716567
0.0058813337781500	-0.0000802602743708
0.0059000120667805	0.0001621575272956
0.0059035374213130	0.2933299664459971
0.0059083367369087	0.6948015049654902
0.0059135869614781	1.1361287759142236
0.0059318772458971	2.6790299733885683
0.0059384730538977	3.2281387323170034
0.0059445036468089	3.7239615765426239
0.0059500016317417	4.1722632252444365
0.0059500016317417	4.1688874653164971
0.0059558748980094	3.2252883844147680
0.0059627646240115	2.1092327973959688
0.0059757476285176	0.0028932253407423
0.0059757694743458	0.0003675709584876
0.0059757694743458	-0.0000827709516759
0.0059813305925052	0.0013689814911554
0.0059813319711303	0.0023697395716565
0.0059813337781460	-0.0000802602743740
0.0060000120667872	0.0001621575274538
0.0060035374213198	0.2933299664465189
0.0060083367369150	0.6948015049330696
0.0060135869614918	1.1361287764986230
0.0060318772459402	2.6790299764488674
0.0060384730539270	3.2281387342070964
0.0060445036468350	3.7239615781464597
0.0060500016317418	4.1722632247099352
0.0060500016317418	4.1688874647783152
0.0060558748980055	3.2252883845282296
0.0060627646240078	2.1092327974955269
0.0060757476285147	0.0028932253434375
0.0060757694743430	0.0003675709585237
0.0060757694743430	-0.0000827709516709
0.0060813305924853	0.0013689814911864
0.0060813319711103	0.0023697395716656
0.0060813337781260	-0.0000802602743744
0.0061000120667857	0.0001621575274286
0.0061035374213183	0.2933299664563471
0.0061083367369146	0.6948015050504724
0.0061135869614855	1.1361287761358287
0.0061318772458942	2.6790299727909908
0.0061384730539038	3.2281387324952493
0.0061445036468113	3.7239615764403293
0.0061500016317417	4.1722632249665379
0.0061500016317417	4.1688874650387193
0.0061558748980059	3.2252883847164151
0.0061627646240148	2.1092327966361859
0.0061757476285164	0.0028932253460682
0.0061757694743448	0.0003675709585273
0.0061757694743448	-0.0000827709516678
0.0061813305925150	0.0013689814912043
0.0061813319711401	0.0023697395716808
0.0061813337781558	-0.0000802602743625
0.0062000120667932	0.0001621575275438
0.0062035374213257	0.2933299664655314
0.0062083367369221	0.6948015050707567
0.0062135869614916	1.1361287760517738
0.0062318772458903	2.6790299719165396
0.0062384730538980	3.2281387314831784
0.0062445036468114	3.7239615759323250
0.0062500016317417	4.1722632244697877
0.0062500016317417	4.1688874645424425
0.0062558748980050	3.2252883843857036
0.0062627646240136	2.1092327963817108
0.0062757476285140	0.0028932253524906
0.0062757694743423	0.0003675709584837
0.0062757694743423	-0.0000827709516590
0.0062813305924894	0.0013689814911504
0.0062813319711145	0.0023697395716644
0.0062813337781302	-0.0000802602743610
0.0063000120667932	0.0001621575275438
0.0063035374213257	0.2933299664816151
0.0063083367369294	0.6948015057183730
0.0063135869614814	1.1361287752527083
0.0063318772459076	2.6790299735123129
0.0063384730539129	3.2281387328956135
0.0063445036468205	3.7239615768743151
0.0063500016317417	4.1722632246904707
0.0063500016317417	4.1688874647613341
0.0063558748980055	3.2252883845550802
0.0063627646240099	2.1092327972473601
0.0063757476285160	0.0028932253510423
0.0063757694743443	0.0003675709584756
0.0063757694743443	-0.0000827709516519
0.0063813305925004	0.0013689814911458
0.0063813319711255	0.0023697395716698
0.0063813337781411	-0.0000802602743511
0.0064000120667865	0.0001621575274638
0.0064035374213190	0.2933299664886275
0.0064083367369175	0.6948015053033920
0.0064135869614835	1.1361287760226961
0.0064318772459032	2.6790299737712751
0.0064384730539014	3.2281387325726807
0.0064445036468157	3.7239615771239998
0.0064500016317417	4.1722632253343566
0.0064500016317417	4.1688874654053869
0.0064558748980064	3.2252883850485934
0.0064627646240146	2.1092327971343012
0.0064757476285199	0.0028932253393547
0.0064757694743482	0.0003675709585126
0.0064757694743482	-0.0000827709516539
0.0064813305925082	0.0013689814911838
0.0064813319711333	0.0023697395716810
0.0064813337781489	-0.0000802602743520
0.0065000120667857	0.0001621575274229
0.0065035374213183	0.2933299664831989
0.0065083367369156	0.6948015051944720
0.0065135869614828	1.1361287760071173
0.0065318772459185	2.6790299750630817
0.0065384730539140	3.2281387336244229
0.0065445036468116	3.7239615767832901
0.0065500016317417	4.1722632253294849
0.0065500016317417	4.1688874654012320
0.0065558748980031	3.2252883855670889
0.0065627646240074	2.1092327982613264
0.0065757476285196	0.0028932253331250
0.0065757694743478	0.0003675709584837
0.0065757694743478	-0.0000827709516571
0.0065813305925116	0.0013689814911577
0.0065813319711367	0.0023697395716725
0.0065813337781524	-0.0000802602743538
0.0066000120667857	0.0001621575274310
0.0066035374213199	0.2933299666093915
0.0066083367369113	0.6948015048235804
0.0066135869614800	1.1361287757532341
0.0066318772458991	2.6790299733882934
0.0066384730538994	3.2281387323483446
0.0066445036468091	3.7239615765018943
0.0066500016317417	4.1722632252351906
0.0066500016317417	4.1688874653074013
0.0066558748980093	3.2252883844669364
0.0066627646240091	2.1092327978904000
0.0066757476285188	0.0028932253549808
0.0066757694743471	0.0003675709584647
0.0066757694743471	-0.0000827709516591
0.0066813305925031	0.0013689814911324
0.0066813319711282	0.0023697395716603
0.0066813337781439	-0.0000802602743583
0.0067000120667820	0.0001621575273854
0.0067035374213145	0.2933299664728445
0.0067083367369098	0.6948015049948512
0.0067135869614864	1.1361287765797043
0.0067318772459281	2.6790299760935108
0.0067384730539235	3.2281387346158947
0.0067445036468173	3.7239615774339998
0.0067500016317417	4.1722632254811378
0.0067500016317417	4.1688874655516734
0.0067558748980066	3.2252883851504341
0.0067627646240101	2.1092327979415919
0.0067757476285200	0.0028932253422407
0.0067757694743483	0.0003675709584943
0.0067757694743483	-0.0000827709516641
0.0067813305924983	0.0013689814911591
0.0067813319711234	0.0023697395716637
0.0067813337781391	-0.0000802602743653
0.0068000120667857	0.0001621575273872
0.0068035374213183	0.2933299664647117
0.0068083367369163	0.6948015052104726
0.0068135869614804	1.1361287757325944
0.0068318772458947	2.6790299729141105
0.0068384730538966	3.2281387319852795
0.0068445036468054	3.7239615760480689
0.0068500016317417	4.1722632250707274
0.0068500016317417	4.1688874651436985
0.0068558748980091	3.2252883843250091
0.0068627646240173	2.1092327963564066
0.0068757476285173	0.0028932253518938
0.0068757694743457	0.0003675709585203
0.0068757694743457	-0.0000827709516643
0.0068813305925024	0.0013689814911882
0.0068813319711275	0.0023697395716742
0.0068813337781431	-0.0000802602743633
0.0069000120667924	0.0001621575275378
0.0069035374213250	0.2933299664699535
0.0069083367369286	0.6948015056908435
0.0069135869614801	1.1361287751647873
0.0069318772459125	2.6790299738772276
0.0069384730539137	3.2281387328999469
0.0069445036468184	3.7239615766213428
0.0069500016317417	4.1722632245951381
0.0069500016317417	4.1688874646665610
0.0069558748980054	3.2252883844577243
0.0069627646240100	2.1092327971125555
0.0069757476285150	0.0028932253518027
0.0069757694743433	0.0003675709584682
0.0069757694743433	-0.0000827709516573
0.0069813305925086	0.0013689814911425
0.0069813319711337	0.0023697395716676
0.0069813337781494	-0.0000802602743536
0.0070000120667812	0.0001621575273215
0.0070035374213138	0.2933299664766974
0.0070083367369097	0.6948015050608207
0.0070135869614840	1.1361287764636530
0.0070318772459173	2.6790299752943598
0.0070384730539094	3.2281387335576590
0.0070445036468068	3.7239615766883958
0.0070500016317417	4.1722632256063168
0.0070500016317417	4.1688874656784565
0.0070558748980067	3.2252883852474086
0.0070627646240075	2.1092327984918331
0.0070757476285209	0.0028932253323334
0.0070757694743491	0.0003675709584658
0.0070757694743491	-0.0000827709516626
0.0070813305925108	0.0013689814911377
0.0070813319711359	0.0023697395716614
0.0070813337781516	-0.0000802602743601
0.0071000120667842	0.0001621575273876
0.0071035374213168	0.2933299664658550
0.0071083367369146	0.6948015051937029
0.0071135869614832	1.1361287761026262
0.0071318772459337	2.6790299763231142
0.0071384730539208	3.2281387341347525
0.0071445036468300	3.7239615782107891
0.0071500016317418	4.1722632252072041
0.0071500016317418	4.1688874652760868
0.0071558748980094	3.2252883844288358
0.0071627646240105	2.1092327976101801
0.0071757476285183	0.0028932253464571
0.0071757694743466	0.0003675709585091
0.0071757694743466	-0.0000827709516649
0.0071813305925136	0.0013689814911840
0.0071813319711387	0.0023697395716756
0.0071813337781544	-0.0000802602743606
0.0072000120667895	0.0001621575275229
0.0072035374213220	0.2933299664666409
0.0072083367369184	0.6948015050783430
0.0072135869614913	1.1361287763427834
0.0072318772459007	2.6790299731243121
0.0072384730539031	3.2281387322363551
0.0072445036468167	3.7239615766952148
0.0072500016317417	4.1722632247958433
0.0072500016317417	4.1688874648672982
0.0072558748980056	3.2252883846196161
0.0072627646240101	2.1092327972699962
0.0072757476285160	0.0028932253489734
0.0072757694743443	0.0003675709584868
0.0072757694743443	-0.0000827709516609
0.0072813305925068	0.0013689814911593
0.0072813319711319	0.0023697395716696
0.0072813337781476	-0.0000802602743580
0.0073000120667835	0.0001621575273640
0.0073035374213160	0.2933299664713664
0.0073083367369147	0.6948015052808617
0.0073135869614784	1.1361287757808249
0.0073318772459028	2.6790299738405512
0.0073384730539009	3.2281387326048665
0.0073445036468153	3.7239615771319836
0.0073500016317417	4.1722632253502381
0.0073500016317417	4.1688874654213350
0.0073558748980065	3.2252883850256535
0.0073627646240147	2.1092327970731968
0.0073757476285193	0.0028932253405307
0.0073757694743475	0.0003675709585314
0.0073757694743475	-0.0000827709516632
0.0073813305925119	0.0013689814912036
0.0073813319711369	0.0023697395716820
0.0073813337781526	-0.0000802602743599
0.0074000120667805	0.0001621575273555
0.0074035374213146	0.2933299665963910
0.0074083367369047	0.6948015046759364
0.0074135869614726	1.1361287755147702
0.0074318772459228	2.6790299757020852
0.0074384730539129	3.2281387337762264
0.0074445036468081	3.7239615767018641
0.0074500016317417	4.1722632254934142
0.0074500016317417	4.1688874655654704
0.0074558748980065	3.2252883851489802
0.0074627646240101	2.1092327979229815
0.0074757476285197	0.0028932253416385
0.0074757694743479	0.0003675709584787
0.0074757694743479	-0.0000827709516687
0.0074813305925082	0.0013689814911501
0.0074813319711333	0.0023697395716605
0.0074813337781490	-0.0000802602743666
0.0075000120667887	0.0001621575275069
0.0075035374213229	0.2933299665908456
0.0075083367369138	0.6948015047328092
0.0075135869614810	1.1361287755124168
0.0075318772459115	2.6790299740145800
0.0075384730539132	3.2281387330485991
0.0075445036468266	3.7239615774683870
0.0075500016317417	4.1722632247491029
0.0075500016317417	4.1688874648189600
0.0075558748980055	3.2252883845745557
0.0075627646240079	2.1092327975593910
0.0075757476285154	0.0028932253397806
0.0075757694743437	0.0003675709584990
0.0075757694743437	-0.0000827709516646
0.0075813305925019	0.0013689814911713
0.0075813319711270	0.0023697395716696
0.0075813337781426	-0.0000802602743631
0.0076000120667835	0.0001621575273493
0.0076035374213160	0.2933299664652692
0.0076083367369116	0.6948015050075963
0.0076135869614867	1.1361287764584931
0.0076318772459383	2.6790299767752388
0.0076384730539269	3.2281387347098773
0.0076445036468324	3.7239615784677844
0.0076500016317418	4.1722632252675886
0.0076500016317418	4.1688874653360086
0.0076558748980064	3.2252883849685063
0.0076627646240134	2.1092327971874489
0.0076757476285186	0.0028932253490996
0.0076757694743469	0.0003675709585256
0.0076757694743469	-0.0000827709516658
0.0076813305925075	0.0013689814911976
0.0076813319711326	0.0023697395716774
0.0076813337781482	-0.0000802602743636
0.0077000120667895	0.0001621575274713
0.0077035374213236	0.2933299665978454
0.0077083367369215	0.6948015053329826
0.0077135869614687	1.1361287744370676
0.0077318772459251	2.6790299751378797
0.0077384730539217	3.2281387337556091
0.0077445036468226	3.7239615771499546
0.0077500016317418	4.1722632247667111
0.0077500016317418	4.1688874648372707
0.0077558748980057	3.2252883845815288
0.0077627646240088	2.1092327974453378
0.0077757476285157	0.0028932253542149
0.0077757694743440	0.0003675709584720
0.0077757694743440	-0.0000827709516616
0.0077813305924991	0.0013689814911389
0.0077813319711242	0.0023697395716604
0.0077813337781398	-0.0000802602743611
0.0078000120667880	0.0001621575274178
0.0078035374213221	0.2933299666049985
0.0078083367369132	0.6948015047778332
0.0078135869614844	1.1361287759126659
0.0078318772459486	2.6790299773211816
0.0078384730539345	3.2281387350382009
0.0078445036468403	3.7239615788358567
0.0078500016317418	4.1722632249988321
0.0078500016317418	4.1688874650661925
0.0078558748980060	3.2252883847806109
0.0078627646240079	2.1092327978529979
0.0078757476285175	0.0028932253377122
0.0078757694743457	0.0003675709583007
0.0078757694743457	-0.0000827709516593
0.0078813305925005	0.0013689814909691
0.0078813319711255	0.0023697395709804
0.0078813337781412	-0.0000802602743590
0.0079000120667872	0.0001621575271339
0.0079035374213198	0.2933299664752568
0.0079083367369164	0.6948015051194574
0.0079135869614900	1.1361287764544086
0.0079318772458898	2.6790299724737632
0.0079384730538950	3.2281387318387802
0.0079445036468100	3.7239615764386378
0.0079500016317417	4.1722632250933955
0.0079500016317417	4.1688874651655379
0.0079558748980060	3.2252883848563845
0.0079627646240052	2.1092327983681849
0.0079757476285179	0.0028932253477300
0.0079757694743462	0.0003675709583378
0.0079757694743462	-0.0000827709516588
0.0079813305925180	0.0013689814910182
0.0079813319711431	0.0023697395710014
0.0079813337781587	-0.0000802602743530
0.0080000120667932	0.0001621575272405
0.0080035374213257	0.2933299664793599
0.0080083367369277	0.6948015055765724
0.0080135869614884	1.1361287758310825
0.0080318772458972	2.6790299726233346
0.0080384730539042	3.2281387321506867
0.0080445036468128	3.7239615762297209
0.0080500016317417	4.1722632246727702
0.0080500016317417	4.1688874647449454
0.0080558748980055	3.2252883845299043
0.0080627646240049	2.1092327980263739
0.0080757476285157	0.0028932253555726
0.0080757694743441	0.0003675709583011
0.0080757694743441	-0.0000827709516528
0.0080813305924976	0.0013689814909675
0.0080813319711227	0.0023697395709839
0.0080813337781384	-0.0000802602743529
0.0081000120667932	0.0001621575272697
0.0081035374213273	0.2933299666227435
0.0081083367369196	0.6948015049254862
0.0081135869614915	1.1361287761358556
0.0081318772458848	2.6790299716865760
0.0081384730538921	3.2281387312630723
0.0081445036468060	3.7239615757997213
0.0081500016317417	4.1722632248189937
0.0081500016317417	4.1688874648922019
0.0081558748980056	3.2252883846808755
0.0081627646240146	2.1092327966457072
0.0081757476285172	0.0028932253441627
0.0081757694743455	0.0003675709586629
0.0081757694743455	-0.0000827709516481
0.0081813305924987	0.0013689814913316
0.0081813319711238	0.0023697395723583
0.0081813337781394	-0.0000802602743482
0.0082000120667910	0.0001621575278744
0.0082035374213235	0.2933299664985809
0.0082083367369200	0.6948015051562846
0.0082135869614929	1.1361287764697943
0.0082318772458783	2.6790299713880272
0.0082384730538780	3.2281387303558864
0.0082445036467934	3.7239615750379724
0.0082500016317416	4.1722632250968275
0.0082500016317416	4.1688874651719159
0.0082558748980059	3.2252883849083140
0.0082627646240073	2.1092327981009924
0.0082757476285189	0.0028932253344558
0.0082757694743472	0.0003675709583233
0.0082757694743472	-0.0000827709516472
0.0082813305925102	0.0013689814909978
0.0082813319711353	0.0023697395710005
0.0082813337781509	-0.0000802602743441
0.0083000120667917	0.0001621575271604
0.0083035374213242	0.2933299664979785
0.0083083367369209	0.6948015051752469
0.0083135869614942	1.1361287765206258
0.0083318772458848	2.6790299718782866
0.0083384730538935	3.2281387315845498
0.0083445036468090	3.7239615762611300
0.0083500016317417	4.1722632250348211
0.0083500016317417	4.1688874651075034
0.0083558748980059	3.2252883848503493
0.0083627646240074	2.1092327980414387
0.0083757476285187	0.0028932253345863
0.0083757694743469	0.0003675709587097
0.0083757694743469	-0.0000827709516461
0.0083813305925106	0.0013689814913833
0.0083813319711357	0.0023697395723789
0.0083813337781514	-0.0000802602743429
0.0084000120667887	0.0001621575278480
0.0084035374213213	0.2933299664987821
0.0084083367369195	0.6948015053063397
0.0084135869614839	1.1361287759062118
0.0084318772459130	2.6790299745015593
0.0084384730539089	3.2281387331294531
0.0084445036468185	3.7239615772990518
0.0084500016317417	4.1722632252945635
0.0084500016317417	4.1688874653650823
0.0084558748980032	3.2252883855531223
0.0084627646240060	2.1092327985139381
0.0084757476285201	0.0028932253405290
0.0084757694743484	0.0003675709587025
0.0084757694743484	-0.0000827709516484
0.0084813305925022	0.0013689814913701
0.0084813319711273	0.0023697395723700
0.0084813337781429	-0.0000802602743483
0.0085000120667812	0.0001621575277402
0.0085035374213154	0.2933299666218739
0.0085083367369087	0.6948015050072758
0.0085135869614742	1.1361287756884002
0.0085318772459323	2.6790299766559524
0.0085384730539181	3.2281387344061376
0.0085445036468122	3.7239615772834123
0.0085500016317417	4.1722632257710206
0.0085500016317417	4.1688874658423964
0.0085558748980070	3.2252883853935725
0.0085627646240147	2.1092327975364076
0.0085757476285224	0.0028932253375217
0.0085757694743506	0.0003675709586681
0.0085757694743506	-0.0000827709516574
0.0085813305924995	0.0013689814913316
0.0085813319711246	0.0023697395723500
0.0085813337781402	-0.0000802602743590
0.0086000120667812	0.0001621575276995
0.0086035374213154	0.2933299666046951
0.0086083367369059	0.6948015047350700
0.0086135869614780	1.1361287759413627
0.0086318772459290	2.6790299762317846
0.0086384730539191	3.2281387343109795
0.0086445036468124	3.7239615770891659
0.0086500016317417	4.1722632255449863
0.0086500016317417	4.1688874656163248
0.0086558748980067	3.2252883851947334
0.0086627646240086	2.1092327982464276
0.0086757476285203	0.0028932253520008
0.0086757694743486	0.0003675709583045
0.0086757694743486	-0.0000827709516644
0.0086813305925219	0.0013689814909849
0.0086813319711470	0.0023697395709874
0.0086813337781627	-0.0000802602743581
0.0087000120667812	0.0001621575269601
0.0087035374213154	0.2933299665940091
0.0087083367369058	0.6948015047018009
0.0087135869614758	1.1361287757147451
0.0087318772459353	2.6790299766617265
0.0087384730539234	3.2281387345493235
0.0087445036468203	3.7239615776103827
0.0087500016317418	4.1722632253944463
0.0087500016317418	4.1688874654646941
0.0087558748980065	3.2252883850600726
0.0087627646240148	2.1092327970600628
0.0087757476285191	0.0028932253398694
0.0087757694743474	0.0003675709587068
0.0087757694743474	-0.0000827709516690
0.0087813305925062	0.0013689814913768
0.0087813319711313	0.0023697395723598
0.0087813337781470	-0.0000802602743673
0.0088000120667850	0.0001621575276869
0.0088035374213175	0.2933299664566010
0.0088083367369130	0.6948015049796007
0.0088135869614861	1.1361287762504633
0.0088318772459268	2.6790299755920981
0.0088384730539105	3.2281387331193767
0.0088445036468227	3.7239615774412900
0.0088500016317418	4.1722632250249347
0.0088500016317418	4.1688874650948877
0.0088558748980091	3.2252883842762294
0.0088627646240160	2.1092327964982123
0.0088757476285167	0.0028932253573912
0.0088757694743451	0.0003675709582807
0.0088757694743451	-0.0000827709516683
0.0088813305925109	0.0013689814909542
0.0088813319711360	0.0023697395709726
0.0088813337781517	-0.0000802602743644
0.0089000120667895	0.0001621575270872
0.0089035374213220	0.2933299664610193
0.0089083367369249	0.6948015056073460
0.0089135869614751	1.1361287749577893
0.0089318772459150	2.6790299742695214
0.0089384730539153	3.2281387331945499
0.0089445036468217	3.7239615770469343
0.0089500016317417	4.1722632247291003
0.0089500016317417	4.1688874647997034
0.0089558748980056	3.2252883845514724
0.0089627646240088	2.1092327974007596
0.0089757476285153	0.0028932253552198
0.0089757694743436	0.0003675709586818
0.0089757694743436	-0.0000827709516630
0.0089813305925085	0.0013689814913547
0.0089813319711336	0.0023697395723582
0.0089813337781492	-0.0000802602743594
0.0090000120667947	0.0001621575279907
0.0090035374213272	0.2933299664749698
0.0090083367369309	0.6948015057014463
0.0090135869614825	1.1361287751974476
0.0090318772459172	2.6790299741316299
0.0090384730539187	3.2281387331821634
0.0090445036468239	3.7239615769512393
0.0090500016317418	4.1722632244807158
0.0090500016317418	4.1688874645513687
0.0090558748980052	3.2252883843866265
0.0090627646240147	2.1092327962498518
0.0090757476285146	0.0028932253448045
0.0090757694743429	0.0003675709586845
0.0090757694743429	-0.0000827709516538
0.0090813305924882	0.0013689814913480
0.0090813319711133	0.0023697395723571
0.0090813337781290	-0.0000802602743565
0.0091000120667842	0.0001621575277027
0.0091035374213168	0.2933299664852201
0.0091083367369132	0.6948015051271561
0.0091135869614902	1.1361287767628456
0.0091318772459127	2.6790299747283117
0.0091384730539025	3.2281387328135671
0.0091445036468141	3.7239615771300740
0.0091500016317417	4.1722632254648033
0.0091500016317417	4.1688874655359927
0.0091558748980035	3.2252883856499421
0.0091627646240096	2.1092327980448644
0.0091757476285204	0.0028932253412876
0.0091757694743487	0.0003675709583096
0.0091757694743487	-0.0000827709516571
0.0091813305925218	0.0013689814909867
0.0091813319711469	0.0023697395709926
0.0091813337781625	-0.0000802602743509
0.0092000120667753	0.0001621575269432
0.0092035374213078	0.2933299664702453
0.0092083367369055	0.6948015051960366
0.0092135869614728	1.1361287760009806
0.0092318772459231	2.6790299762236702
0.0092384730539083	3.2281387338878078
0.0092445036468133	3.7239615776232076
0.0092500016317417	4.1722632259951009
0.0092500016317417	4.1688874660657422
0.0092558748980105	3.2252883850140490
0.0092627646240138	2.1092327978302237
0.0092757476285228	0.0028932253434738
0.0092757694743510	0.0003675709587348
0.0092757694743510	-0.0000827709516694
0.0092813305925212	0.0013689814914107
0.0092813319711463	0.0023697395723723
0.0092813337781619	-0.0000802602743643
0.0093000120667865	0.0001621575278500
0.0093035374213190	0.2933299664543262
0.0093083367369152	0.6948015050317630
0.0093135869614749	1.1361287751732576
0.0093318772459200	2.6790299748870736
0.0093384730539164	3.2281387334696756
0.0093445036468145	3.7239615766307503
0.0093500016317417	4.1722632248946532
0.0093500016317417	4.1688874649662138
0.0093558748980055	3.2252883847050846
0.0093627646240135	2.1092327967688225
0.0093757476285159	0.0028932253496723
0.0093757694743442	0.0003675709586767
0.0093757694743442	-0.0000827709516683
0.0093813305925059	0.0013689814913502
0.0093813319711310	0.0023697395723527
0.0093813337781466	-0.0000802602743656
0.0094000120667880	0.0001621575278766
0.0094035374213221	0.2933299665939149
0.0094083367369139	0.6948015048144621
0.0094135869614823	1.1361287756925558
0.0094318772459098	2.6790299739562173
0.0094384730539129	3.2281387331259173
0.0094445036468184	3.7239615768983345
0.0094500016317417	4.1722632248530491
0.0094500016317417	4.1688874649239684
0.0094558748980058	3.2252883846429858
0.0094627646240135	2.1092327967527909
0.0094757476285160	0.0028932253487760
0.0094757694743443	0.0003675709586914
0.0094757694743443	-0.0000827709516641
0.0094813305925018	0.0013689814913600
0.0094813319711269	0.0023697395723568
0.0094813337781426	-0.0000802602743628
0.0095000120667917	0.0001621575278348
0.0095035374213242	0.2933299664708222
0.0095083367369277	0.6948015056775342
0.0095135869614806	1.1361287752712457
0.0095318772459201	2.6790299745881092
0.0095384730539212	3.2281387335961242
0.0095445036468248	3.7239615772233181
0.0095500016317417	4.1722632246665405
0.0095500016317417	4.1688874647368976
0.0095558748980055	3.2252883845141924
0.0095627646240087	2.1092327973794216
0.0095757476285153	0.0028932253574161
0.0095757694743437	0.0003675709586992
0.0095757694743437	-0.0000827709516576
0.0095813305924974	0.0013689814913660
0.0095813319711225	0.0023697395723621
0.0095813337781382	-0.0000802602743576
0.0096000120667782	0.0001621575276973
0.0096035374213108	0.2933299664747221
0.0096083367369061	0.6948015050104569
0.0096135869614813	1.1361287764819736
0.0096318772459217	2.6790299758965608
0.0096384730539169	3.2281387344066159
0.0096445036468142	3.7239615775154276
0.0096500016317417	4.1722632258207479
0.0096500016317417	4.1688874658917392
0.0096558748980040	3.2252883858976573
0.0096627646240074	2.1092327987048414
0.0096757476285220	0.0028932253288461
0.0096757694743502	0.0003675709582801
0.0096757694743502	-0.0000827709516658
0.0096813305925050	0.0013689814909474
0.0096813319711301	0.0023697395709690
0.0096813337781458	-0.0000802602743655
0.0097000120667939	0.0001621575272275
0.0097035374213281	0.2933299665970441
0.0097083367369192	0.6948015047675852
0.0097135869614870	1.1361287756036651
0.0097318772459166	2.6790299740630830
0.0097384730539198	3.2281387332366380
0.0097445036468287	3.7239615772952455
0.0097500016317418	4.1722632244096793
0.0097500016317418	4.1688874644792939
0.0097558748980050	3.2252883843395721
0.0097627646240137	2.1092327963276030
0.0097757476285138	0.0028932253522122
0.0097757694743421	0.0003675709583300
0.0097757694743421	-0.0000827709516581
0.0097813305924964	0.0013689814910001
0.0097813319711215	0.0023697395709915
0.0097813337781372	-0.0000802602743578
0.0098000120667827	0.0001621575270372
0.0098035374213153	0.2933299664768881
0.0098083367369167	0.6948015055213626
0.0098135869614764	1.1361287757002119
0.0098318772458966	2.6790299734235914
0.0098384730538983	3.2281387324990343
0.0098445036468057	3.7239615764654599
0.0098500016317416	4.1722632254798899
0.0098500016317416	4.1688874655524835
0.0098558748980098	3.2252883846261380
0.0098627646240172	2.1092327968073410
0.0098757476285201	0.0028932253471225
0.0098757694743484	0.0003675709586810
0.0098757694743484	-0.0000827709516613
0.0098813305925001	0.0013689814913439
0.0098813319711252	0.0023697395723515
0.0098813337781409	-0.0000802602743621
0.0099000120667887	0.0001621575277718
0.0099035374213212	0.2933299664713047
0.0099083367369175	0.6948015050794381
0.0099135869614905	1.1361287763605887
0.0099318772458948	2.6790299727251861
0.0099384730539020	3.2281387322548709
0.0099445036468137	3.7239615765684970
0.0099500016317417	4.1722632249161329
0.0099500016317417	4.1688874649877841
0.0099558748980058	3.2252883847173992
0.0099627646240148	2.1092327966431377
0.0099757476285168	0.0028932253441445
0.0099757694743451	0.0003675709582865
0.0099757694743451	-0.0000827709516596
0.0099813305924995	0.0013689814909542
0.0099813319711246	0.0023697395709754
0.0099813337781402	-0.0000802602743594
