0.0000000000000000	0.0000000000000000
0.0001007994971467	0.0020000000000000
0.0001017135659097	0.0027458339775834
0.0001026268002950	0.0074900751622709
0.0001035412874875	0.0142412820124653
0.0001044561931104	0.0229969503902800
0.0001053715175467	0.0337579999146028
0.0001062872611803	0.0465253514678301
0.0001071984923693	0.0612257738574964
0.0001081160044232	0.0780242377064356
0.0001090339376811	0.0968317902634291
0.0001099522925300	0.1176493584432178
0.0001108723584986	0.1405084981552409
0.0001117931529314	0.1653849801670387
0.0001127143715884	0.1922743050901766
0.0001136360148606	0.2211774066214539
0.0001145580831398	0.2520952197472980
0.0001154879178294	0.2852828005418158
0.0001164133319940	0.3203173290629110
0.0001173391746516	0.3573694684387297
0.0001182654461994	0.3964401614728319
0.0001191947236507	0.4376418197750019
0.0001201252713465	0.4808866960984521
0.0001210562523042	0.5261531037643559
0.0001219876669273	0.5734419944618179
0.0001229195156204	0.6227543212180725
0.0001238622319560	0.6746543558950345
0.0001247993648899	0.7282427343655054
0.0001257369372417	0.7838576466813829
0.0001266749494237	0.8415000559733994
0.0001276134018488	0.9011709267257236
0.0001285758760663	0.9643957668147132
0.0001295206727177	1.0284474979540221
0.0001304797265882	1.0954741401569028
0.0001314699966820	1.1668407877297602
0.0001325039949202	1.2436705118998537
0.0001335675133522	1.3251199487909189
0.0001346659061664	1.4118510057950997
0.0001358003158367	1.5042077587791187
0.0001369860970941	1.6037283374189992
0.0001382063384945	1.7092685980105775
0.0001394668834247	1.8216625005265830
0.0001407690568216	1.9413574490717369
0.0001421562452077	2.0727510872051651
0.0001435601008312	2.2098382210026064
0.0001450106875086	2.3558428750761431
0.0001465506222742	2.5155453811403272
0.0001481170388411	2.6829611053917755
0.0001497360478833	2.8612843383078430
0.0001550143841825	3.4554606689097724
0.0001589211036098	3.8829484529379092
0.0001626726669199	4.2862702655347080
0.0001665618318812	4.6964383347930934
0.0001705474461677	5.1077600790546684
0.0001746040984293	5.5163990306578237
0.0001787149803395	5.9195473820865807
0.0001828683524221	6.3150173966283498
0.0001870556063723	6.7010194433469508
0.0001912669171700	7.0757433224459119
0.0001953735968316	7.4275224644490399
0.0001995352282505	7.7697630850660442
0.0002034979787297	8.0803191330204704
0.0002067887179294	8.3689643727511633
0.0002101622423965	8.6814618998452033
0.0002136365727817	9.0203733200364660
0.0002172929378095	9.3952278719594489
0.0002210541866786	9.7997763517936871
0.0002249421051039	10.2374481270386237
0.0002289808800290	10.7122988236359920
0.0002331969781567	11.2290307064662294
0.0002376198228983	11.7931022898794620
0.0002422836064245	12.4109959872346547
0.0002472306862493	13.0907390924910096
0.0002567160442413	14.4324101723027312
0.0002609738945134	14.9814558807439351
0.0002652723604744	15.5058162296059017
0.0002695917424374	16.0015919295126565
0.0002739288490975	16.4672008093407989
0.0002782732818077	16.9004504482111315
0.0002825745051086	17.2961203245147850
0.0002869061724745	17.6605360527329474
0.0002912639678385	17.9921216108292832
0.0002956445261438	18.2895470271077478
0.0003000450442297	18.5146122153308390
0.0003087107483793	19.0124671778172321
0.0003182389596204	19.5979402662727225
0.0003287532092497	20.2835249282400838
0.0003408520558208	21.1137029673010872
0.0003558517349943	22.1892660603294125
0.0003602587004435	22.4255340088956316
0.0003646897123339	22.6180524424092368
0.0003691127966670	22.7651258750031751
0.0003735614816657	22.8674893632262126
0.0003780259332307	22.9242250866404333
0.0003824854720047	22.9350307607092816
0.0003824854720047	22.9350307607092816
0.0003869578558544	22.8999738363967431
0.0003914490550743	22.7732458508787907
0.0004142171908332	22.2764247273308094
0.0004291651674424	21.9997964936006518
0.0004432670840022	21.7832043920169021
0.0004560736589561	21.5857671069600379
0.0004997998014639	20.6634066104988001
0.0005107709940696	20.4578225052537839
0.0005212562765423	20.3030287312782356
0.0005315660901501	20.1918183972816614
0.0005417735561310	20.1224653576817794
0.0005575928285158	20.0668760242619193
0.0005646097644613	19.8891879120885164
0.0006033216886820	19.1375163297641500
0.0006120441416938	19.0040331761801653
0.0006206698302135	18.9103650271418537
0.0006292434730891	18.8554135188181569
0.0006378088544159	18.8385127047403707
0.0006378088544159	18.8385127047403707
0.0006463457742015	18.8593781966001508
0.0006559402937301	18.9041456151662040
0.0006559402937301	18.9229496607813701
0.0006604113220121	18.8829197059433298
0.0006652578989506	18.7626604140747304
0.0007032370910308	18.0673491946677842
0.0007109361113577	17.9611963607539913
0.0007185954773359	17.8917678724157767
0.0007262331300178	17.8585631008739298
0.0007338745969836	17.8612619164813644
0.0007338745969836	17.8612619164813644
0.0007415188906938	17.8996916090077036
0.0007492188783935	17.9742923737623954
0.0007547242248925	18.0585050380519263
0.0007591736283440	18.0578127316993822
0.0007591736283440	18.0578127316993822
0.0007636475842949	18.0210270358644102
0.0007683956058018	17.9089491450338230
0.0008037913728396	17.2916417450069702
0.0008109093411198	17.2040875171517200
0.0008179888772825	17.1516219194312249
0.0008250655326210	17.1337130100101120
0.0008321599477291	17.1502099601598097
0.0008321599477291	17.1502099601598097
0.0008392514247356	17.2009920144430311
0.0008464433357646	17.2872038760747486
0.0008564464201215	17.4485743864690797
0.0008608775649609	17.4552191368504950
0.0008608775649609	17.4552191368504950
0.0008653510901568	17.4271665631586714
0.0008698531784109	17.3292478516866701
0.0009039132088786	16.7551210002829016
0.0009106659177734	16.6779908797913912
0.0009173922457102	16.6347256050781667
0.0009241142949743	16.6249232128922024
0.0009241142949743	16.6249232128922024
0.0009308398110362	16.6483614305080252
0.0009376131293976	16.7053576856750219
0.0009444571289460	16.7967341605481302
0.0009583843686591	17.0338310512023234
0.0009628421565666	17.0405192715188036
0.0009628421565666	17.0405192715188036
0.0009673129643666	17.0131044745922821
0.0009718124501403	16.9174820625644919
0.0010041299481892	16.3865393249012499
0.0010106509693767	16.3166677218201315
0.0010171513848397	16.2798505288492663
0.0010236548638953	16.2757537129046632
0.0010236548638953	16.2757537129046632
0.0010301562336625	16.3042217569261965
0.0010366939331429	16.3655198051659312
0.0010433220105412	16.4605875828127033
0.0010500401034192	16.6232277649740254
0.0010544561547790	16.7022385777086839
0.0010589159159341	16.7485736788228650
0.0010633898289923	16.7614779825468467
0.0010633898289923	16.7614779825468467
0.0010678589883211	16.7406906978825738
0.0010723442710281	16.6862657799337128
0.0011004141626352	16.1915110999345622
0.0011067212209135	16.1074177351457060
0.0011130833800801	16.0548119452088365
0.0011194376078424	16.0345690372500052
0.0011258053453294	16.0465324399155449
0.0011258053453294	16.0465324399155449
0.0011321754068629	16.0905874966399054
0.0011385845512908	16.1671484207695819
0.0011451069329575	16.2775597824635518
0.0011581164820456	16.5470048703198351
0.0011625667100240	16.5730330289180721
0.0011670423349000	16.5659272462739189
0.0011670423349000	16.5659272462739189
0.0011715170315711	16.5256876788629086
0.0011770286575817	16.4063473190393267
0.0012046923569945	15.9679562809615891
0.0012109669451477	15.9074382840328070
0.0012172265139552	15.8790613331387487
0.0012234953361139	15.8825660879077795
0.0012234953361139	15.8825660879077795
0.0012297622093738	15.9178457008766649
0.0012360642942122	15.9852131897342851
0.0012424662113046	16.0857682384276259
0.0012489557730850	16.2200694632995166
0.0012549760040679	16.3761523612485327
0.0012593951805471	16.4295195049108820
0.0012638641926966	16.4506665020124743
0.0012683413613247	16.4387242816485077
0.0012683413613247	16.4387242816485077
0.0012728168121354	16.3939038071249037
0.0012798167953259	16.2491003303482344
0.0013049506002527	15.8561036927385608
0.0013111620352617	15.7985547532214810
0.0013173596229274	15.7729020173462189
0.0013235680510030	15.7789043350315410
0.0013235680510030	15.7789043350315410
0.0013297761894892	15.8164714060426395
0.0013360196060150	15.8859369938146600
0.0013423648224410	15.9884533098380981
0.0013487976133084	16.1245701060796094
0.0013550835097284	16.2897145540672135
0.0013595002783376	16.3452069917374310
0.0013639671032906	16.3686942924573060
0.0013684439130761	16.3592833747557371
0.0013684439130761	16.3592833747557371
0.0013729194644144	16.3171519784850432
0.0013789942890221	16.1890328757601942
0.0014048375015892	15.7859817184726463
0.0014110092735543	15.7289111414721958
0.0014171684864768	15.7035910598589794
0.0014233395124791	15.7097971130203202
0.0014233395124791	15.7097971130203202
0.0014295072364062	15.7474291836219891
0.0014357104471893	15.8168253903627711
0.0014420154996094	15.9191371162561399
0.0014484069457437	16.0549039328741046
0.0014553539616220	16.2362693150447726
0.0014597677424812	16.2916998399152391
0.0014642328527660	16.3152772911472432
0.0014687099720932	16.3060876777203383
0.0014687099720932	16.3060876777203383
0.0014731858592509	16.2642839708398519
0.0014792061251104	16.1375520358715256
0.0015048405429966	15.7391592096530690
0.0015109862185709	15.6827916955850579
0.0015171200088686	15.6580755402471077
0.0015232660373118	15.6647960294639574
0.0015232660373118	15.6647960294639574
0.0015294081425435	15.7028490544403141
0.0015355858779857	15.7725813403389878
0.0015418655154318	15.8751499519686234
0.0015482310564738	16.0110885934766678
0.0015554873885422	16.2006224262589953
0.0015598993304318	16.2563355780005345
0.0015643632952138	16.2802959523848081
0.0015688405064826	16.2715752373800981
0.0015688405064826	16.2715752373800981
0.0015733165478737	16.2303094373811412
0.0015792162436166	16.1059971171886112
0.0016048293348579	15.7087277239840635
0.0016109581161549	15.6527482098605848
0.0016170754623085	15.6283560824175183
0.0016232051331310	15.6353431474435656
0.0016232051331310	15.6353431474435656
0.0016293304688139	15.6735996161794322
0.0016354915586198	15.7434795989235461
0.0016417544174948	15.8461406581830175
0.0016481027934518	15.9821123618369239
0.0016555882958329	16.1775867322907878
0.0016599988801057	16.2333858194368474
0.0016644620532237	16.2574993415769811
0.0016689393615679	16.2489885981342468
0.0016689393615679	16.2489885981342468
0.0016734155274785	16.2079779406039712
0.0016792651476048	16.0847392468584154
0.0017048263395187	15.6888308353631274
0.0017109441240090	15.6331253353592512
0.0017170507564238	15.6089653268980300
0.0017231696896244	15.6161468560515200
0.0017231696896244	15.6161468560515200
0.0017292899725316	15.6545588641716407
0.0017354450933306	15.7245491172304916
0.0017416874155159	15.8271639949315226
0.0017480141589062	15.9629291287417470
0.0017556714379119	16.1627139946845944
0.0017600807993480	16.2184441880347556
0.0017645433240894	16.2425372616019530
0.0017690207573625	16.2340452692637847
0.0017690207573625	16.2340452692637847
0.0017734970496784	16.1930832510532277
0.0017793437114018	16.0700119401530017
0.0018048290462913	15.6756876217549426
0.0018109395937075	15.6201860083678277
0.0018170391677612	15.5962021065489189
0.0018231509237531	15.6035348307078685
0.0018231509237531	15.6035348307078685
0.0018292640590779	15.6420728045825950
0.0018354118419721	15.7121632452709541
0.0018416473627624	15.8148579192259842
0.0018479671829838	15.9506818238075958
0.0018557104804333	16.1527844313364497
0.0018601192653308	16.2085831679713444
0.0018645814478449	16.2327737797275731
0.0018690589112121	16.2244037153242715
0.0018690589112121	16.2244037153242715
0.0018735352498685	16.1835829075415631
0.0018793528806716	16.0611066923198891
0.0019048265652726	15.6671884530837744
0.0019109324311309	15.6117972717924420
0.0019170274443656	15.5879059597337744
0.0019231345077134	15.5953153718884483
0.0019231345077134	15.5953153718884483
0.0019292429653521	15.6339135929826032
0.0019353859369304	15.7040472467595258
0.0019416170244421	15.8067715705470633
0.0019479323176969	15.9426111165241888
0.0019557395147575	16.1463890615577483
0.0019601478876551	16.2022059614050455
0.0019646098378518	16.2264339626119352
0.0019690873305243	16.2181172829298923
0.0019690873305243	16.2181172829298923
0.0019735637054530	16.1773624329845340
0.0019793690136161	16.0551556798775970
0.0020048259768430	15.6616524484155200
0.0020109287985415	15.6063382415002874
0.0020170208445282	15.5825122580656608
0.0020231248685375	15.5899765828135823
0.0020231248685375	15.5899765828135823
0.0020292302975630	15.6286190378010907
0.0020353701616939	15.6987859636376417
0.0020415983779868	15.8015348913556810
0.0020479107428466	15.9373900520424385
0.0020557576570446	16.1422209577827616
0.0020601657671818	16.1980550425271126
0.0020646275675065	16.2223126913900586
0.0020691050772253	16.2140360412446611
0.0020691050772253	16.2140360412446611
0.0020735814744744	16.1733293835336269
0.0020793775417100	16.0513200080639891
0.0021048253971319	15.6580573037560669
0.0021109262427929	15.6027920529943476
0.0021170163628143	15.5790074696475642
0.0021231184115868	15.5865064378681719
0.0021231184115868	15.5865064378681719
0.0021292218721368	15.6251765954516060
0.0021353597172677	15.6953640975274133
0.0021415860689882	15.7981279712849378
0.0021478965315098	15.9339922294330503
0.0021557696488617	16.1395161638595646
0.0021601775856602	16.1953599657327807
0.0021646392878748	16.2196354596252377
0.0021691168091964	16.2113834106023127
0.0021691168091964	16.2113834106023127
0.0021735932212806	16.1707066594686104
0.0021793836518578	16.0488189488592745
0.0022048250775216	15.6557209388779803
0.0022109246396848	15.6004877712340217
0.0022170135086150	15.5767303596716342
0.0022231142750754	15.5842521049214700
0.0022231142750754	15.5842521049214700
0.0022292164577590	15.6229405305259537
0.0022353529930540	15.6931416801322854
0.0022415781345705	15.7959155575335579
0.0022478873625829	15.9317860288846003
0.0022557774107902	16.1377585693367038
0.0022601852349401	16.1936089065755517
0.0022646468733799	16.2178962189684235
0.0022691244021547	16.2096603783230719
0.0022691244021547	16.2096603783230719
0.0022736008238239	16.1690032817740814
0.0022793875496003	16.0471953996392607
0.0023048248626042	15.6542032990478397
0.0023109235912556	15.5989909276461844
0.0023170116477093	15.5752511225200294
0.0023231115813407	15.5827876194428274
0.0023231115813407	15.5827876194428274
0.0023292129340738	15.6214878675479447
0.0023353486188836	15.6916978396905371
0.0023415729745890	15.7944781755534827
0.0023478814009914	15.9303526442745582
0.0023557824664029	16.1366171073031772
0.0023601902171219	16.1924715971491970
0.0023646518140576	16.2167664974313617
0.0023691293477066	16.2085410974058206
0.0023691293477066	16.2085410974058206
0.0023736057756229	16.1678966801396378
0.0023793901207024	16.0461401933587524
0.0024048247269118	15.6532174639048254
0.0024109229142319	15.5980186177861153
0.0024170104430030	15.5742902659039668
0.0024231098357911	15.5818363612915682
0.0024231098357911	15.5818363612915682
0.0024292106495544	15.6205443052222837
0.0024353457821803	15.6907600257201718
0.0024415696276375	15.7935445762468394
0.0024478775335489	15.9294216621229374
0.0024557857502203	16.1358756902433171
0.0024601934531889	16.1917328799878106
0.0024646550231474	16.2160327124675767
0.0024691325599610	16.2078140978992060
0.0024691325599610	16.2078140978992060
0.0024736089919342	16.1671779201580641
0.0024793917917402	16.0454547998810462
0.0025048246388611	15.6525771413117543
0.0025109224746149	15.5973870792690885
0.0025170096606805	15.5736661656710478
0.0025231087022204	15.5812184945432151
0.0025231087022204	15.5812184945432151
0.0025292091659516	15.6199314361488231
0.0025353439400094	15.6901508897768593
0.0025415674541172	15.7929381779221831
0.0025478750220296	15.9288169641417010
0.0025557878843798	16.1353941557650096
0.0025601955562986	16.1912530909126318
0.0025646571087239	16.2155561192177338
0.0025691346475958	16.2073419043560847
0.0025691346475958	16.2073419043560847
0.0025736110822058	16.1667110707544133
0.0025793928809786	16.0450095759595683
0.0026048245820479	15.6521612477744370
0.0026109221894753	15.5969768923977909
0.0026170091529669	15.5732608113766222
0.0026231079663912	15.5808171902496220
0.0026231079663912	15.5808171902496220
0.0026292082027971	15.6195333791999271
0.0026353427440059	15.6897552590338805
0.0026415660429330	15.7925443271123438
0.0026478733913479	15.9284242197199362
0.0026557892707611	16.1350814085019962
0.0026601969225013	16.1909414758755901
0.0026646584635350	16.2152465786345132
0.0026691360037441	16.2070352202004173
0.0026691360037441	16.2070352202004173
0.0026736124400670	16.1664078564254758
0.0026793935893055	16.0447203963576186
0.0027048245452335	15.6518911304273356
0.0027109220043731	15.5967104816439210
0.0027170088233128	15.5729975395098617
0.0027231074885873	15.5805565489815354
0.0027231074885873	15.5805565489815354
0.0027292075773568	15.6192748472174152
0.0027353419673501	15.6894983030904438
0.0027415651265329	15.7922885275875391
0.0027478723324011	15.9281691392284674
0.0027557901713588	16.1348782887945745
0.0027601978099876	16.1907390904805553
0.0027646593436210	16.2150455396008724
0.0027691368846990	16.2068360354308041
0.0027691368846990	16.2068360354308041
0.0027736133221346	16.1662109243092402
0.0027793940498840	16.0445325730383068
0.0028048245213837	15.6517156952121699
0.0028109218842170	15.5965374539344506
0.0028170086092760	15.5728265505978616
0.0028231071783342	15.5803872687365406
0.0028231071783342	15.5803872687365406
0.0028292071712207	15.6191069370582447
0.0028353414630104	15.6893314167202522
0.0028415645314384	15.7921223925296541
0.0028478716447316	15.9280034714361385
0.0028557907563244	16.1347463689083064
0.0028601983864356	16.1906076471880489
0.0028646599152617	16.2149149704431181
0.0028691374569040	16.2067066702910942
0.0028691374569040	16.2067066702910942
0.0028736138950623	16.1660830219309304
0.0028793943491950	16.0444105843387099
0.0029048245059122	15.6516017547868724
0.0029109218061985	15.5964250771693500
0.0029170084702858	15.5727154980266871
0.0029231069768556	15.5802773259455698
0.0029231069768556	15.5802773259455698
0.0029292069074704	15.6189978841493691
0.0029353411354827	15.6892230287972652
0.0029415641449699	15.7920144926434798
0.0029478711981406	15.9278958751220117
0.0029557911362696	16.1346606914753714
0.0029601987608478	16.1905222791219998
0.0029646602865517	16.2148301699519024
0.0029691378285606	16.2066226516259526
0.0029691378285606	16.2066226516259526
0.0029736142671884	16.1659999531381189
0.0029793945436770	16.0443313552255198
0.0030048244958660	15.6515277541575326
0.0030109217555306	15.5963520921092265
0.0030170083800191	15.5726433730126228
0.0030231068460055	15.5802059217197630
0.0030231068460055	15.5802059217197630
0.0030292067361774	15.6189270578957657
0.0030353409227695	15.6891526344583525
0.0030415638939777	15.7919444153078121
0.0030478709081020	15.9278259949924799
0.0030557913830471	16.1346050474184928
0.0030601990040312	16.1904668359062391
0.0030646605277071	16.2147750952819898
0.0030691380699542	16.2065680846539024
0.0030691380699542	16.2065680846539024
0.0030736145088869	16.1659460030024853
0.0030793946700298	16.0442798983365975
0.0031048244893446	15.6514796936272074
0.0031109217226272	15.5963046911714169
0.0031170083213981	15.5725965306592542
0.0031231067610274	15.5801595475092629
0.0031231067610274	15.5801595475092629
0.0031292066249336	15.6188810590737148
0.0031353407846256	15.6891069161680115
0.0031415637309732	15.7918989029198169
0.0031478707197387	15.9277806107057724
0.0031557915433243	16.1345689090187605
0.0031601991619744	16.1904308279219435
0.0031646606843329	16.2147393266286777
0.0031691382267347	16.2065326457064174
0.0031691382267347	16.2065326457064174
0.0031736146658653	16.1659109646431851
0.0031793947521063	16.0442464790601811
0.0032048244851112	15.6514484803586740
0.0032109217012598	15.5962739062795865
0.0032170082833285	15.5725661085435707
0.0032231067058401	15.5801294294315333
0.0032231067058401	15.5801294294315333
0.0032292065526879	15.6188511847950693
0.0032353406949094	15.6890772240819114
0.0032415636251117	15.7918693445672567
0.0032478705974078	15.9277511355503822
0.0032557916474189	16.1345454386779252
0.0032601992645528	16.1904074422652577
0.0032646607860559	16.2147160963972965
0.0032691383285582	16.2065096295938780
0.0032691383285582	16.2065096295938780
0.0032736147678174	16.1658882086837927
0.0032793948054175	16.0442247745433804
0.0033048244823673	15.6514282085581389
0.0033109216873883	15.5962539126912798
0.0033170082586093	15.5725463505638686
0.0033231066700036	15.5801098689121300
0.0033231066700036	15.5801098689121300
0.0033292065057727	15.6188317826121814
0.0033353406366480	15.6890579402264940
0.0033415635563645	15.7918501475651496
0.0033478705179646	15.9277319925854428
0.0033557917150210	16.1345301954048992
0.0033601993311704	16.1903922539998248
0.0033646608521179	16.2147010090801231
0.0033691383946854	16.2064946813454220
0.0033691383946854	16.2064946813454220
0.0033736148340282	16.1658734294019943
0.0033793948400369	16.0442106781524210
0.0034048244805804	15.6514150426724754
0.0034109216783744	15.5962409274964937
0.0034170082425502	15.5725335183911238
0.0034231066467244	15.5800971649830657
0.0034231066467244	15.5800971649830657
0.0034292064752983	15.6188191815181696
0.0034353405988049	15.6890454159848876
0.0034415635117110	15.7918376797304330
0.0034478704663643	15.9277195598455599
0.0034557917589311	16.1345202956185858
0.0034601993744407	16.1903823899195523
0.0034646608950274	16.2146912105476204
0.0034691384376373	16.2064849731186307
0.0034691384376373	16.2064849731186307
0.0034736148770344	16.1658638308980791
0.0034793948625294	16.0442015230920596
0.0035048244794199	15.6514064920806923
0.0035109216725200	15.5962324942673849
0.0035170082321206	15.5725251845519850
0.0035231066316056	15.5800889144446550
0.0035231066316056	15.5800889144446550
0.0035292064555066	15.6188109977783665
0.0035353405742272	15.6890372821665416
0.0035415634827107	15.7918295825621797
0.0035478704328526	15.9277114854853341
0.0035557917874482	16.1345138662948102
0.0035601994025427	16.1903759837971393
0.0035646609228949	16.2146848470024061
0.0035691384655323	16.2064786682300763
0.0035691384655323	16.2064786682300763
0.0035736149049645	16.1658575972769754
0.0035793948771353	16.0441955774962892
0.0036048244786715	15.6514009389322180
0.0036109216687235	15.5962270173219668
0.0036170082253523	15.5725197721401365
0.0036231066217919	15.5800835561148574
0.0036231066217919	15.5800835561148574
0.0036292064426581	15.6188056828135000
0.0036353405582707	15.6890319996063869
0.0036415634638815	15.7918243237804230
0.0036478704110932	15.9277062414922472
0.0036557918059654	16.1345096904554666
0.0036601994207897	16.1903718230164451
0.0036646609409898	16.2146807138746958
0.0036691384836451	16.2064745731965445
0.0036691384836451	16.2064745731965445
0.0036736149231003	16.1658535485277604
0.0036793948866177	16.0441917158037377
0.0037048244781815	15.6513973321339748
0.0037109216662536	15.5962234600230971
0.0037170082209525	15.5725162567593838
0.0037231066154142	15.5800800758653502
0.0037231066154142	15.5800800758653502
0.0037292064343091	15.6188022307342997
0.0037353405479031	15.6890285685815787
0.0037415634516484	15.7918209082096528
0.0037478703969572	15.9277028355378878
0.0037557918179948	16.1345069784126842
0.0037601994326443	16.1903691207589517
0.0037646609527456	16.2146780295694199
0.0037691384954124	16.2064719136265722
0.0037691384954124	16.2064719136265722
0.0037736149348824	16.1658509190131348
0.0037793948927813	16.0441892077496924
0.0038048244778621	15.6513949897290701
0.0038109216646484	15.5962211497669188
0.0038170082180939	15.5725139737299507
0.0038231066112708	15.5800778156544499
0.0038231066112708	15.5800778156544499
0.0038292064288856	15.6187999888203155
0.0038353405411686	15.6890263403426751
0.0038415634437022	15.7918186900066502
0.0038478703877751	15.9277006235825276
0.0038557918258083	16.1345052171817400
0.0038601994403437	16.1903673658750726
0.0038646609603809	16.2146762863459131
0.0038691385030552	16.2064701864674561
0.0038691385030552	16.2064701864674561
0.0038736149425349	16.1658492113728833
0.0038793948967846	16.0441875789956647
0.0039048244776650	15.6513934683871181
0.0039109216636162	15.5962196493015561
0.0039170082162477	15.5725124909433053
0.0039231066085903	15.5800763476841961
0.0039231066085903	15.5800763476841961
0.0039292064253737	15.6187985327308567
0.0039353405368051	15.6890248931291705
0.0039415634385517	15.7918172493074831
0.0039478703818219	15.9276991869347437
0.0039557918308749	16.1345040728192330
0.0039601994453368	16.1903662256628387
0.0039646609653322	16.2146751537262794
0.0039691385080115	16.2064690643021798
0.0039691385080115	16.2064690643021798
0.0039736149474975	16.1658481019059579
0.0039793948993724	16.0441865208514152
0.0040048244775304	15.6513924799238371
0.0040109216629390	15.5962186743976812
0.0040170082150416	15.5725115275212875
0.0040231066068422	15.5800753938843854
0.0040231066068422	15.5800753938843854
0.0040292064230853	15.6187975866460533
0.0040353405339632	15.6890239528066644
0.0040415634351988	15.7918163132186251
0.0040478703779477	15.9276982534801039
0.0040557918345297	16.1345033381614229
0.0040601994489415	16.1903654931838403
0.0040646609689090	16.2146744256805277
0.0040691385115918	16.2064683425440954
0.0040691385115918	16.2064683425440954
0.0040736149510820	16.1658473878795554
0.0040793949015330	16.0441858379683389
0.0041048244778519	15.6513918433328634
0.0041109216629111	15.5962180465912450
0.0041170082146730	15.5725109071621404
0.0041231066061245	15.5800747797730512
0.0041231066061245	15.5800747797730512
0.0041292064220199	15.6187969775535151
0.0041353405325419	15.6890233474795728
0.0041415634334482	15.7918157106669490
0.0041478703758612	15.9276976526713590
0.0041557918363293	16.1345028422488674
0.0041601994507140	16.1903650000437800
0.0041646609706657	16.2146739367335684
0.0041691385133499	16.2064678589952145
0.0041691385133499	16.2064678589952145
0.0041736149528423	16.1658469106957519
0.0041793949020580	16.0441853867245712
0.0042048244777273	15.6513914135806687
0.0042109216625505	15.5962176224314959
0.0042170082140825	15.5725104876928597
0.0042231066052975	15.5800743641896027
0.0042231066052975	15.5800743641896027
0.0042292064209571	15.6187965650251481
0.0042353405312374	15.6890229371525489
0.0042415634319208	15.7918153018654674
0.0042478703741059	15.9276972446899041
0.0042557918378194	16.1345025196475227
0.0042601994521825	16.1903646782304946
0.0042646609721223	16.2146736166900673
0.0042691385148080	16.2064675415321489
0.0042691385148080	16.2064675415321489
0.0042736149543022	16.1658465964476683
0.0042793949029359	16.0441850853747425
0.0043048244777061	15.6513911340660012
0.0043109216623759	15.5962173468285279
0.0043170082137583	15.5725102154135406
0.0043231066048203	15.5800740947073848
0.0043231066048203	15.5800740947073848
0.0043292064203274	15.6187962978015449
0.0043353405304514	15.6890226716366108
0.0043415634309904	15.7918150376259447
0.0043478703730286	15.9276969812818798
0.0043557918387372	16.1345023093234126
0.0043601994530869	16.1903644687580126
0.0043646609730190	16.2146734087016355
0.0043691385157056	16.2064673355530857
0.0043691385157056	16.2064673355530857
0.0043736149552010	16.1658463928897476
0.0043793949033774	16.0441848916253313
0.0044048244776759	15.6513909526424140
0.0044109216622461	15.5962171678741033
0.0044170082135314	15.5725100385474136
0.0044231066044938	15.5800739195881750
0.0044231066044938	15.5800739195881750
0.0044292064199016	15.6187961240780684
0.0044353405299242	15.6890224989517133
0.0044415634303693	15.7918148656982229
0.0044478703723117	15.9276968098180181
0.0044557918393468	16.1345021729901141
0.0044601994536877	16.1903643328910363
0.0044646609736149	16.2146732737114938
0.0044691385163020	16.2064672017808249
0.0044691385163020	16.2064672017808249
0.0044736149557981	16.1658462606035727
0.0044793949036981	16.0441847653350820
0.0045048244776597	15.6513908348645003
0.0045109216621654	15.5962170517220695
0.0045170082133876	15.5725099237749571
0.0045231066042855	15.5800738059724360
0.0045231066042855	15.5800738059724360
0.0045292064196290	15.6187960113921473
0.0045353405295857	15.6890223869627903
0.0045415634299697	15.7918147542201766
0.0045478703718499	15.9276966986601387
0.0045557918397400	16.1345020845166580
0.0045601994540752	16.1903642447408949
0.0045646609739991	16.2146731861514688
0.0045691385166866	16.2064671150321828
0.0045691385166866	16.2064671150321828
0.0045736149561833	16.1658461748397677
0.0045793949038987	16.0441846835570168
0.0046048244776517	15.6513907584389074
0.0046109216621153	15.5962169763429799
0.0046170082132967	15.5725098492806300
0.0046231066041527	15.5800737322192884
0.0046231066041527	15.5800737322192884
0.0046292064194546	15.6187959382335020
0.0046353405293683	15.6890223142441840
0.0046415634297130	15.7918146818293259
0.0046478703715527	15.9276966264675135
0.0046557918399932	16.1345020269229735
0.0046601994543247	16.1903641873574102
0.0046646609742465	16.2146731291504160
0.0046691385169342	16.2064670585580295
0.0046691385169342	16.2064670585580295
0.0046736149564312	16.1658461190056393
0.0046793949040270	16.0441846303068303
0.0047048244776513	15.6513907085652448
0.0047109216620876	15.5962169271480544
0.0047170082132422	15.5725098006597751
0.0047231066040707	15.5800736840792080
0.0047231066040707	15.5800736840792080
0.0047292064193452	15.6187958904767541
0.0047353405292311	15.6890222667756110
0.0047415634295500	15.7918146345678743
0.0047478703713637	15.9276965793396137
0.0047557918401543	16.1345019891062691
0.0047601994544835	16.1903641496901578
0.0047646609744040	16.2146730917449133
0.0047691385170919	16.2064670215077982
0.0047691385170919	16.2064670215077982
0.0047736149565891	16.1658460823847179
0.0047793949041041	16.0441845954245643
0.0048048244776467	15.6513906758501840
0.0048109216620650	15.5962168948846056
0.0048170082132022	15.5725097687792058
0.0048231066040128	15.5800736525200634
0.0048231066040128	15.5800736525200634
0.0048292064192695	15.6187958591767053
0.0048353405291370	15.6890222356685722
0.0048415634294389	15.7918146036052178
0.0048478703712352	15.9276965484642261
0.0048557918402633	16.1345019645314736
0.0048601994545912	16.1903641252096051
0.0048646609745108	16.2146730674289827
0.0048691385171988	16.2064669974175750
0.0048691385171988	16.2064669974175750
0.0048736149566960	16.1658460585686257
0.0048793949041599	16.0441845727129007
0.0049048244776394	15.6513906547084378
0.0049109216620461	15.5962168740257070
0.0049170082131720	15.5725097481589696
0.0049231066039710	15.5800736320985642
0.0049231066039710	15.5800736320985642
0.0049292064192160	15.6187958389128170
0.0049353405290718	15.6890222155214119
0.0049415634293628	15.7918145835416528
0.0049478703711479	15.9276965284494629
0.0049557918403379	16.1345019487788086
0.0049601994546644	16.1903641094937356
0.0049646609745834	16.2146730518019773
0.0049691385172715	16.2064669819194371
0.0049691385172715	16.2064669819194371
0.0049736149567688	16.1658460432300082
0.0049793949042035	16.0441845580186246
0.0050048244776376	15.6513906411026458
0.0050109216620368	15.5962168606146658
0.0050170082131554	15.5725097349137407
0.0050231066039470	15.5800736189935751
0.0050231066039470	15.5800736189935751
0.0050292064191846	15.6187958259218451
0.0050353405290328	15.6890222026190074
0.0050415634293166	15.7918145707032060
0.0050478703710949	15.9276965156617312
0.0050557918403826	16.1345019385978823
0.0050601994547086	16.1903640993592752
0.0050646609746273	16.2146730417430120
0.0050691385173154	16.2064669719609782
0.0050691385173154	16.2064669719609782
0.0050736149568128	16.1658460333921035
0.0050793949042247	16.0441845486662480
0.0051048244776361	15.6513906323457785
0.0051109216620304	15.5962168519762781
0.0051170082131443	15.5725097263752019
0.0051231066039311	15.5800736105377204
0.0051231066039311	15.5800736105377204
0.0051292064191639	15.6187958175313426
0.0051353405290073	15.6890221942768555
0.0051415634292866	15.7918145623957180
0.0051478703710598	15.9276965073669299
0.0051557918404127	16.1345019320205871
0.0051601994547380	16.1903640927963686
0.0051646609746563	16.2146730352186168
0.0051691385173446	16.2064669654923605
0.0051691385173446	16.2064669654923605
0.0051736149568420	16.1658460269915736
0.0051793949042412	16.0441845425438920
0.0052048244776371	15.6513906266216694
0.0052109216620284	15.5962168463287778
0.0052170082131392	15.5725097207923362
0.0052231066039228	15.5800736050096660
0.0052231066039228	15.5800736050096660
0.0052292064191524	15.6187958120467272
0.0052353405289924	15.6890221888232304
0.0052415634292690	15.7918145569684150
0.0052478703710394	15.9276965019574845
0.0052557918404299	16.1345019276188957
0.0052601994547552	16.1903640884194182
0.0052646609746734	16.2146730308741525
0.0052691385173616	16.2064669611912855
0.0052691385173616	16.2064669611912855
0.0052736149568592	16.1658460227428087
0.0052793949042482	16.0441845385095050
0.0053048244776267	15.6513906229662307
0.0053109216620160	15.5962168427224519
0.0053170082131248	15.5725097172273870
0.0053231066039065	15.5800736014784817
0.0053231066039065	15.5800736014784817
0.0053292064191343	15.6187958085432612
0.0053353405289722	15.6890221853394145
0.0053415634292467	15.7918145534962697
0.0053478703710151	15.9276964984917697
0.0053557918404502	16.1345019252903903
0.0053601994547750	16.1903640860708755
0.0053646609746930	16.2146730285192895
0.0053691385173812	16.2064669588370265
0.0053691385173812	16.2064669588370265
0.0053736149568788	16.1658460203940422
0.0053793949042679	16.0441845361771165
0.0054048244776312	15.6513906209353717
0.0054109216620193	15.5962168407281698
0.0054170082131271	15.5725097152655678
0.0054231066039076	15.5800735995451092
0.0054231066039076	15.5800735995451092
0.0054292064191343	15.6187958066342389
0.0054353405289711	15.6890221834508274
0.0054415634292447	15.7918145516271586
0.0054478703710119	15.9276964966346419
0.0054557918404531	16.1345019236246259
0.0054601994547778	16.1903640844283423
0.0054646609746959	16.2146730269045669
0.0054691385173841	16.2064669572529816
0.0054691385173841	16.2064669572529816
0.0054736149568816	16.1658460188440856
0.0054793949042639	16.0441845347629268
0.0055048244776324	15.6513906194734549
0.0055109216620197	15.5962168392863152
0.0055170082131267	15.5725097138399544
0.0055231066039065	15.5800735981340281
0.0055231066039065	15.5800735981340281
0.0055292064191323	15.6187958052348055
0.0055353405289684	15.6890221820607199
0.0055415634292412	15.7918145502426821
0.0055478703710077	15.9276964952565265
0.0055557918404567	16.1345019224620536
0.0055601994547814	16.1903640832749112
0.0055646609746994	16.2146730257627070
0.0055691385173876	16.2064669561259684
0.0055691385173876	16.2064669561259684
0.0055736149568851	16.1658460177340295
0.0055793949042639	16.0441845337246960
0.0056048244776313	15.6513906184782883
0.0056109216620181	15.5962168382997941
0.0056170082131245	15.5725097128603664
0.0056231066039036	15.5800735971585649
0.0056231066039036	15.5800735971585649
0.0056292064191289	15.6187958042609800
0.0056353405289644	15.6890221810863935
0.0056415634292366	15.7918145492646129
0.0056478703710025	15.9276964942722596
0.0056557918404610	16.1345019217165380
0.0056601994547856	16.1903640825245319
0.0056646609747036	16.2146730250098159
0.0056691385173918	16.2064669553726475
0.0056691385173918	16.2064669553726475
0.0056736149568893	16.1658460169819520
0.0056793949042683	16.0441845329743167
0.0057048244776281	15.6513906178682127
0.0057109216620146	15.5962168377012187
0.0057170082131207	15.5725097122723479
0.0057231066038995	15.5800735965808386
0.0057231066038995	15.5800735965808386
0.0057292064191244	15.6187958036922332
0.0057353405289595	15.6890221805246419
0.0057415634292315	15.7918145487106774
0.0057478703709971	15.9276964937241949
0.0057557918404652	16.1345019214163230
0.0057601994547902	16.1903640822275996
0.0057646609747082	16.2146730247099278
0.0057691385173964	16.2064669550707556
0.0057691385173964	16.2064669550707556
0.0057736149568939	16.1658460166785893
0.0057793949042734	16.0441845326658346
0.0058048244776312	15.6513906175986328
0.0058109216620174	15.5962168374324470
0.0058170082131234	15.5725097120033329
0.0058231066039021	15.5800735963106654
0.0058231066039021	15.5800735963106654
0.0058292064191268	15.6187958034206780
0.0058353405289618	15.6890221802529570
0.0058415634292337	15.7918145484383015
0.0058478703709994	15.9276964934538601
0.0058557918404637	16.1345019210554241
0.0058601994547882	16.1903640818676458
0.0058646609747062	16.2146730243594455
0.0058691385173944	16.2064669547304625
0.0058691385173944	16.2064669547304625
0.0058736149568919	16.1658460163489828
0.0058793949042690	16.0441845323812622
0.0059048244776261	15.6513906173345312
0.0059109216620122	15.5962168371762697
0.0059170082131181	15.5725097117546856
0.0059231066038967	15.5800735960696013
0.0059231066038967	15.5800735960696013
0.0059292064191214	15.6187958031870693
0.0059353405289561	15.6890221800240379
0.0059415634292279	15.7918145482156156
0.0059478703709934	15.9276964932353184
0.0059557918404686	16.1345019211109282
0.0059601994547930	16.1903640819127190
0.0059646609747110	16.2146730243965962
0.0059691385173993	16.2064669547593780
0.0059691385173993	16.2064669547593780
0.0059736149568968	16.1658460163697058
0.0059793949042759	16.0441845323661276
0.0060048244776334	15.6513906173143322
0.0060109216620196	15.5962168371593837
0.0060170082131254	15.5725097117414304
0.0060231066039039	15.5800735960592327
0.0060231066039039	15.5800735960592327
0.0060292064191285	15.6187958031789673
0.0060353405289634	15.6890221800190766
0.0060415634292350	15.7918145482111356
0.0060478703710004	15.9276964932316432
0.0060557918404632	16.1345019208092602
0.0060601994547877	16.1903640816309213
0.0060646609747056	16.2146730241324697
0.0060691385173938	16.2064669545143261
0.0060691385173938	16.2064669545143261
0.0060736149568913	16.1658460161441901
0.0060793949042658	16.0441845322254615
0.0061048244776299	15.6513906170666228
0.0061109216620159	15.5962168369053291
0.0061170082131217	15.5725097114804267
0.0061231066039001	15.5800735957911503
0.0061231066039001	15.5800735957911503
0.0061292064191246	15.6187958029040850
0.0061353405289591	15.6890221797351614
0.0061415634292306	15.7918145479190617
0.0061478703709959	15.9276964929311227
0.0061557918404666	16.1345019206921521
0.0061601994547911	16.1903640814998759
0.0061646609747092	16.2146730239894197
0.0061691385173974	16.2064669543578859
0.0061691385173974	16.2064669543578859
0.0061736149568949	16.1658460159744628
0.0061793949042727	16.0441845319983827
0.0062048244776379	15.6513906168266548
0.0062109216620238	15.5962168366711413
0.0062170082131294	15.5725097112522590
0.0062231066039077	15.5800735955685905
0.0062231066039077	15.5800735955685905
0.0062292064191320	15.6187958026861367
0.0062353405289665	15.6890221795235814
0.0062415634292379	15.7918145477112954
0.0062478703710033	15.9276964927315241
0.0062557918404608	16.1345019201835811
0.0062601994547854	16.1903640810159324
0.0062646609747034	16.2146730235290555
0.0062691385173916	16.2064669539222663
0.0062691385173916	16.2064669539222663
0.0062736149568891	16.1658460155646821
0.0062793949042611	16.0441845316957590
0.0063048244776363	15.6513906163735896
0.0063109216620219	15.5962168362167475
0.0063170082131273	15.5725097107948365
0.0063231066039053	15.5800735951074092
0.0063231066039053	15.5800735951074092
0.0063292064191294	15.6187958022203457
0.0063353405289636	15.6890221790503936
0.0063415634292348	15.7918145472326135
0.0063478703709995	15.9276964922383897
0.0063557918404640	16.1345019198539568
0.0063601994547886	16.1903640806761793
0.0063646609747065	16.2146730231790954
0.0063691385173948	16.2064669535639787
0.0063691385173948	16.2064669535639787
0.0063736149568923	16.1658460151986709
0.0063793949042662	16.0441845312964659
0.0064048244776303	15.6513906161620842
0.0064109216620157	15.5962168360122622
0.0064170082131209	15.5725097105961812
0.0064231066038988	15.5800735949137259
0.0064231066038988	15.5800735949137259
0.0064292064191229	15.6187958020317694
0.0064353405289569	15.6890221788666171
0.0064415634292279	15.7918145470507003
0.0064478703709928	15.9276964920653317
0.0064557918404694	16.1345019199819824
0.0064601994547941	16.1903640807939908
0.0064646609747120	16.2146730232856093
0.0064691385174002	16.2064669536591097
0.0064691385174002	16.2064669536591097
0.0064736149568977	16.1658460152823942
0.0064793949042745	16.0441845313292326
0.0065048244776319	15.6513906163032157
0.0065109216620175	15.5962168361631512
0.0065170082131229	15.5725097107572541
0.0065231066039009	15.5800735950856861
0.0065231066039009	15.5800735950856861
0.0065292064191250	15.6187958022148923
0.0065353405289592	15.6890221790609967
0.0065415634292303	15.7918145472597562
0.0065478703709952	15.9276964922860014
0.0065557918404673	16.1345019201067856
0.0065601994547918	16.1903640809314133
0.0065646609747097	16.2146730234369443
0.0065691385173980	16.2064669538241439
0.0065691385173980	16.2064669538241439
0.0065736149568955	16.1658460154605450
0.0065793949042689	16.0441845315665006
0.0066048244776304	15.6513906164689249
0.0066109216620160	15.5962168363186144
0.0066170082131214	15.5725097109033506
0.0066231066038995	15.5800735952221281
0.0066231066038995	15.5800735952221281
0.0066292064191236	15.6187958023415483
0.0066353405289580	15.6890221791797213
0.0066415634292292	15.7918145473685563
0.0066478703709941	15.9276964923831876
0.0066557918404681	16.1345019202368256
0.0066601994547927	16.1903640810511362
0.0066646609747106	16.2146730235454264
0.0066691385173989	16.2064669539210513
0.0066691385173989	16.2064669539210513
0.0066736149568963	16.1658460155458457
0.0066793949042726	16.0441845315989156
0.0067048244776282	15.6513906165951795
0.0067109216620139	15.5962168364509051
0.0067170082131195	15.5725097110410768
0.0067231066038976	15.5800735953664127
0.0067231066038976	15.5800735953664127
0.0067292064191219	15.6187958024927198
0.0067353405289563	15.6890221793381901
0.0067415634292275	15.7918145475344094
0.0067478703709925	15.9276964925568851
0.0067557918404695	16.1345019204905427
0.0067601994547938	16.1903640813018725
0.0067646609747117	16.2146730237968200
0.0067691385173999	16.2064669541727220
0.0067691385173999	16.2064669541727220
0.0067736149568974	16.1658460157974950
0.0067793949042735	16.0441845318533716
0.0068048244776307	15.6513906168185777
0.0068109216620165	15.5962168366641727
0.0068170082131221	15.5725097112459441
0.0068231066039003	15.5800735955625047
0.0068231066039003	15.5800735955625047
0.0068292064191247	15.6187958026808609
0.0068353405289591	15.6890221795172007
0.0068415634292306	15.7918145477063785
0.0068478703709957	15.9276964927220117
0.0068557918404666	16.1345019204966569
0.0068601994547914	16.1903640813140086
0.0068646609747094	16.2146730238076699
0.0068691385173976	16.2064669541816606
0.0068691385173976	16.2064669541816606
0.0068736149568951	16.1658460158041279
0.0068793949042717	16.0441845318497798
0.0069048244776354	15.6513906167060277
0.0069109216620211	15.5962168365431690
0.0069170082131267	15.5725097111161048
0.0069231066039049	15.5800735954239542
0.0069231066039049	15.5800735954239542
0.0069292064191292	15.6187958025329632
0.0069353405289636	15.6890221793607143
0.0069415634292349	15.7918145475402039
0.0069478703710001	15.9276964925482787
0.0069557918404637	16.1345019201362909
0.0069601994547883	16.1903640809550069
0.0069646609747062	16.2146730234532157
0.0069691385173945	16.2064669538328161
0.0069691385173945	16.2064669538328161
0.0069736149568920	16.1658460154613408
0.0069793949042673	16.0441845315338938
0.0070048244776269	15.6513906164661396
0.0070109216620125	15.5962168363207159
0.0070170082131179	15.5725097109102020
0.0070231066038959	15.5800735952341398
0.0070231066038959	15.5800735952341398
0.0070292064191200	15.6187958023578304
0.0070353405289546	15.6890221792028104
0.0070415634292257	15.7918145473955107
0.0070478703709908	15.9276964924204094
0.0070557918404708	16.1345019204269562
0.0070601994547953	16.1903640812351206
0.0070646609747133	16.2146730237253678
0.0070691385174015	16.2064669540967579
0.0070691385174015	16.2064669540967579
0.0070736149568990	16.1658460157171824
0.0070793949042760	16.0441845317550573
0.0071048244776299	15.6513906167747940
0.0071109216620157	15.5962168366247216
0.0071170082131213	15.5725097112105306
0.0071231066038996	15.5800735955315162
0.0071231066038996	15.5800735955315162
0.0071292064191240	15.6187958026536631
0.0071353405289585	15.6890221794947387
0.0071415634292298	15.7918145476869842
0.0071478703709950	15.9276964927082805
0.0071557918404677	16.1345019205312816
0.0071601994547923	16.1903640813460079
0.0071646609747102	16.2146730238394277
0.0071691385173985	16.2064669542134254
0.0071691385173985	16.2064669542134254
0.0071736149568960	16.1658460158359745
0.0071793949042724	16.0441845318850369
0.0072048244776341	15.6513906167709553
0.0072109216620199	15.5962168366164544
0.0072170082131255	15.5725097111974211
0.0072231066039037	15.5800735955139924
0.0072231066039037	15.5800735955139924
0.0072292064191281	15.6187958026313769
0.0072353405289625	15.6890221794677540
0.0072415634292340	15.7918145476574789
0.0072478703709991	15.9276964926722258
0.0072557918404643	16.1345019203093685
0.0072601994547888	16.1903640811289478
0.0072646609747067	16.2146730236314447
0.0072691385173949	16.2064669540146475
0.0072691385173949	16.2064669540146475
0.0072736149568924	16.1658460156469168
0.0072793949042669	16.0441845317331975
0.0073048244776275	15.6513906166436421
0.0073109216620133	15.5962168364875531
0.0073170082131188	15.5725097110669317
0.0073231066038970	15.5800735953814229
0.0073231066038970	15.5800735953814229
0.0073292064191213	15.6187958024973170
0.0073353405289556	15.6890221793306672
0.0073415634292270	15.7918145475176424
0.0073478703709919	15.9276964925282449
0.0073557918404700	16.1345019204724203
0.0073601994547945	16.1903640812760763
0.0073646609747126	16.2146730237605610
0.0073691385174009	16.2064669541248634
0.0073691385174009	16.2064669541248634
0.0073736149568984	16.1658460157375323
0.0073793949042773	16.0441845317422604
0.0074048244776270	15.6513906168294454
0.0074109216620129	15.5962168366834479
0.0074170082131185	15.5725097112729394
0.0074231066038968	15.5800735955977139
0.0074231066038968	15.5800735955977139
0.0074292064191213	15.6187958027242004
0.0074353405289558	15.6890221795696228
0.0074415634292271	15.7918145477661120
0.0074478703709924	15.9276964927932330
0.0074557918404694	16.1345019207267484
0.0074601994547940	16.1903640815390233
0.0074646609747120	16.2146730240305104
0.0074691385174002	16.2064669544018294
0.0074691385174002	16.2064669544018294
0.0074736149568977	16.1658460160215718
0.0074793949042748	16.0441845320564092
0.0075048244776339	15.6513906169850543
0.0075109216620198	15.5962168368303775
0.0075170082131254	15.5725097114109143
0.0075231066039039	15.5800735957268905
0.0075231066039039	15.5800735957268905
0.0075292064191284	15.6187958028451312
0.0075353405289629	15.6890221796815563
0.0075415634292343	15.7918145478692118
0.0075478703709997	15.9276964928896536
0.0075557918404637	16.1345019204954170
0.0075601994547883	16.1903640813177212
0.0075646609747062	16.2146730238192127
0.0075691385173945	16.2064669542012041
0.0075691385173945	16.2064669542012041
0.0075736149568920	16.1658460158319848
0.0075793949042666	16.0441845319141940
0.0076048244776290	15.6513906167919785
0.0076109216620148	15.5962168366413163
0.0076170082131204	15.5725097112262247
0.0076231066038987	15.5800735955462191
0.0076231066038987	15.5800735955462191
0.0076292064191230	15.6187958026671314
0.0076353405289577	15.6890221795091307
0.0076415634292290	15.7918145477010423
0.0076478703709940	15.9276964927191980
0.0076557918404683	16.1345019205798614
0.0076601994547929	16.1903640813917278
0.0076646609747108	16.2146730238837193
0.0076691385173991	16.2064669542557773
0.0076691385173991	16.2064669542557773
0.0076736149568966	16.1658460158762054
0.0076793949042734	16.0441845319166667
0.0077048244776332	15.6513906168350818
0.0077109216620191	15.5962168366743690
0.0077170082131247	15.5725097112501700
0.0077231066039028	15.5800735955606484
0.0077231066039028	15.5800735955606484
0.0077292064191272	15.6187958026720448
0.0077353405289617	15.6890221795020768
0.0077415634292331	15.7918145476843055
0.0077478703709983	15.9276964926962119
0.0077557918404649	16.1345019203576747
0.0077601994547894	16.1903640811728771
0.0077646609747073	16.2146730236688050
0.0077691385173955	16.2064669540456165
0.0077691385173955	16.2064669540456165
0.0077736149568930	16.1658460156716082
0.0077793949042689	16.0441845317317693
0.0078048244776331	15.6513906165844539
0.0078109216620189	15.5962168364347544
0.0078170082131243	15.5725097110204729
0.0078231066039025	15.5800735953405685
0.0078231066039025	15.5800735953405685
0.0078292064191268	15.6187958024617011
0.0078353405289612	15.6890221793019595
0.0078415634292323	15.7918145474913114
0.0078478703709973	15.9276964925094635
0.0078557918404660	16.1345019202338236
0.0078601994547904	16.1903640810517686
0.0078646609747084	16.2146730235526917
0.0078691385173966	16.2064669539348571
0.0078691385173966	16.2064669539348571
0.0078736149568941	16.1658460155658048
0.0078793949042686	16.0441845316508598
0.0079048244776317	15.6513906165218053
0.0079109216620174	15.5962168363696705
0.0079170082131228	15.5725097109528541
0.0079231066039010	15.5800735952709832
0.0079231066039010	15.5800735952709832
0.0079292064191252	15.6187958023900748
0.0079353405289595	15.6890221792271323
0.0079415634292309	15.7918145474177862
0.0079478703709959	15.9276964924337694
0.0079557918404669	16.1345019202132569
0.0079601994547916	16.1903640810307721
0.0079646609747095	16.2146730235269132
0.0079691385173977	16.2064669539043820
0.0079691385173977	16.2064669539043820
0.0079736149568952	16.1658460155311587
0.0079793949042708	16.0441845315961338
0.0080048244776354	15.6513906164450383
0.0080109216620211	15.5962168362823768
0.0080170082131265	15.5725097108555453
0.0080231066039046	15.5800735951632561
0.0080231066039046	15.5800735951632561
0.0080292064191288	15.6187958022719950
0.0080353405289629	15.6890221790977709
0.0080415634292342	15.7918145472765268
0.0080478703709992	15.9276964922831432
0.0080557918404644	16.1345019199115960
0.0080601994547890	16.1903640807290117
0.0080646609747069	16.2146730232275793
0.0080691385173952	16.2064669536080181
0.0080691385173952	16.2064669536080181
0.0080736149568927	16.1658460152380528
0.0080793949042677	16.0441845313160378
0.0081048244776368	15.6513906161011782
0.0081109216620223	15.5962168359511608
0.0081170082131275	15.5725097105350798
0.0081231066039053	15.5800735948534044
0.0081231066039053	15.5800735948534044
0.0081292064191292	15.6187958019709541
0.0081353405289634	15.6890221788080044
0.0081415634292345	15.7918145469950701
0.0081478703709993	15.9276964920071755
0.0081557918404643	16.1345019196454587
0.0081601994547891	16.1903640804741045
0.0081646609747071	16.2146730229819482
0.0081691385173954	16.2064669533712049
0.0081691385173954	16.2064669533712049
0.0081736149568929	16.1658460150104482
0.0081793949042658	16.0441845311279891
0.0082048244776349	15.6513906159162026
0.0082109216620202	15.5962168357711430
0.0082170082131253	15.5725097103591175
0.0082231066039031	15.5800735946808988
0.0082231066039031	15.5800735946808988
0.0082292064191270	15.6187958018023245
0.0082353405289609	15.6890221786408475
0.0082415634292320	15.7918145468326028
0.0082478703709968	15.9276964918512203
0.0082557918404661	16.1345019195997921
0.0082601994547908	16.1903640804273259
0.0082646609747087	16.2146730229345906
0.0082691385173970	16.2064669533248278
0.0082691385173970	16.2064669533248278
0.0082736149568945	16.1658460149649024
0.0082793949042673	16.0441845310866782
0.0083048244776354	15.6513906158929323
0.0083109216620207	15.5962168357464321
0.0083170082131258	15.5725097103336196
0.0083231066039037	15.5800735946545164
0.0083231066039037	15.5800735946545164
0.0083292064191275	15.6187958017749260
0.0083353405289615	15.6890221786130226
0.0083415634292324	15.7918145468008628
0.0083478703709970	15.9276964918128208
0.0083557918404664	16.1345019195574721
0.0083601994547908	16.1903640803787532
0.0083646609747087	16.2146730228846323
0.0083691385173970	16.2064669532728303
0.0083691385173970	16.2064669532728303
0.0083736149568945	16.1658460149113488
0.0083793949042677	16.0441845310251701
0.0084048244776331	15.6513906158792544
0.0084109216620185	15.5962168357358593
0.0084170082131236	15.5725097103267576
0.0084231066039013	15.5800735946514308
0.0084231066039013	15.5800735946514308
0.0084292064191251	15.6187958017750130
0.0084353405289591	15.6890221786164776
0.0084415634292300	15.7918145468077888
0.0084478703709946	15.9276964918258805
0.0084557918404678	16.1345019196698303
0.0084601994547927	16.1903640804957121
0.0084646609747105	16.2146730229982907
0.0084691385173988	16.2064669533838916
0.0084691385173988	16.2064669533838916
0.0084736149568963	16.1658460150194578
0.0084793949042702	16.0441845311201803
0.0085048244776268	15.6513906161139449
0.0085109216620122	15.5962168359728590
0.0085170082131175	15.5725097105659263
0.0085231066038953	15.5800735948929052
0.0085231066038953	15.5800735948929052
0.0085292064191193	15.6187958020194060
0.0085353405289535	15.6890221788633770
0.0085415634292244	15.7918145470582889
0.0085478703709893	15.9276964920833439
0.0085557918404720	16.1345019201602433
0.0085601994547965	16.1903640809690934
0.0085646609747144	16.2146730234614012
0.0085691385174027	16.2064669538346635
0.0085691385174027	16.2064669538346635
0.0085736149569002	16.1658460154573085
0.0085793949042769	16.0441845315040865
0.0086048244776272	15.6513906165867311
0.0086109216620129	15.5962168364412435
0.0086170082131184	15.5725097110306567
0.0086231066038965	15.5800735953548362
0.0086231066038965	15.5800735953548362
0.0086292064191208	15.6187958024795588
0.0086353405289552	15.6890221793227447
0.0086415634292265	15.7918145475186122
0.0086478703709916	15.9276964925432036
0.0086557918404703	16.1345019205166338
0.0086601994547948	16.1903640813258356
0.0086646609747126	16.2146730238164665
0.0086691385174009	16.2064669541881585
0.0086691385174009	16.2064669541881585
0.0086736149568984	16.1658460158085262
0.0086793949042754	16.0441845318463869
0.0087048244776272	15.6513906168971140
0.0087109216620131	15.5962168367466880
0.0087170082131187	15.5725097113323763
0.0087231066038971	15.5800735956532836
0.0087231066038971	15.5800735956532836
0.0087292064191215	15.6187958027755975
0.0087353405289562	15.6890221796182168
0.0087415634292275	15.7918145478116028
0.0087478703709928	15.9276964928358780
0.0087557918404692	16.1345019207476881
0.0087601994547939	16.1903640815569787
0.0087646609747119	16.2146730240456876
0.0087691385174001	16.2064669544138944
0.0087691385174001	16.2064669544138944
0.0087736149568976	16.1658460160304607
0.0087793949042754	16.0441845320527250
0.0088048244776305	15.6513906170443242
0.0088109216620165	15.5962168368905623
0.0088170082131222	15.5725097114721365
0.0088231066039006	15.5800735957894663
0.0088231066039006	15.5800735957894663
0.0088292064191252	15.6187958029087728
0.0088353405289598	15.6890221797472673
0.0088415634292313	15.7918145479393495
0.0088478703709964	15.9276964929541460
0.0088557918404662	16.1345019207013429
0.0088601994547909	16.1903640815167655
0.0088646609747089	16.2146730240108923
0.0088691385173972	16.2064669543836253
0.0088691385173972	16.2064669543836253
0.0088736149568947	16.1658460160044761
0.0088793949042715	16.0441845320442837
0.0089048244776334	15.6513906169278219
0.0089109216620193	15.5962168367669847
0.0089170082131250	15.5725097113425779
0.0089231066039033	15.5800735956534027
0.0089231066039033	15.5800735956534027
0.0089292064191277	15.6187958027656943
0.0089353405289623	15.6890221795974121
0.0089415634292337	15.7918145477803691
0.0089478703709989	15.9276964927919149
0.0089557918404643	16.1345019204252651
0.0089601994547891	16.1903640812442724
0.0089646609747070	16.2146730237399375
0.0089691385173953	16.2064669541162552
0.0089691385173953	16.2064669541162552
0.0089736149568927	16.1658460157413728
0.0089793949042689	16.0441845317958673
0.0090048244776377	15.6513906165732344
0.0090109216620235	15.5962168364130047
0.0090170082131289	15.5725097109883599
0.0090231066039070	15.5800735952979927
0.0090231066039070	15.5800735952979927
0.0090292064191313	15.6187958024089362
0.0090353405289655	15.6890221792370124
0.0090415634292366	15.7918145474154414
0.0090478703710018	15.9276964924254081
0.0090557918404623	16.1345019199418864
0.0090601994547869	16.1903640807662157
0.0090646609747048	16.2146730232722405
0.0090691385173931	16.2064669536592163
0.0090691385173931	16.2064669536592163
0.0090736149568906	16.1658460152955428
0.0090793949042642	16.0441845313994591
0.0091048244776292	15.6513906162491150
0.0091109216620147	15.5962168361033751
0.0091170082131200	15.5725097106923016
0.0091231066038980	15.5800735950152589
0.0091231066038980	15.5800735950152589
0.0091292064191221	15.6187958021384503
0.0091353405289563	15.6890221789797977
0.0091415634292275	15.7918145471737450
0.0091478703709922	15.9276964921899449
0.0091557918404698	16.1345019201372466
0.0091601994547942	16.1903640809488003
0.0091646609747121	16.2146730234436767
0.0091691385174004	16.2064669538202750
0.0091691385174004	16.2064669538202750
0.0091736149568979	16.1658460154459647
0.0091793949042738	16.0441845315062181
0.0092048244776208	15.6513906166421997
0.0092109216620065	15.5962168364945750
0.0092170082131120	15.5725097110807766
0.0092231066038902	15.5800735954022826
0.0092231066038902	15.5800735954022826
0.0092292064191145	15.6187958025242875
0.0092353405289489	15.6890221793654998
0.0092415634292203	15.7918145475598894
0.0092478703709855	15.9276964925836015
0.0092557918404750	16.1345019208141807
0.0092601994547997	16.1903640816083865
0.0092646609747176	16.2146730240815238
0.0092691385174058	16.2064669544347382
0.0092691385174058	16.2064669544347382
0.0092736149569033	16.1658460160364754
0.0092793949042848	16.0441845319917924
0.0093048244776339	15.6513906170836030
0.0093109216620199	15.5962168369380638
0.0093170082131256	15.5725097115290438
0.0093231066039040	15.5800735958551382
0.0093231066039040	15.5800735958551382
0.0093292064191285	15.6187958029832075
0.0093353405289632	15.6890221798312748
0.0093415634292347	15.7918145480313985
0.0093478703710002	15.9276964930626672
0.0093557918404631	16.1345019206577014
0.0093601994547880	16.1903640814899674
0.0093646609747060	16.2146730239988841
0.0093691385173942	16.2064669543871211
0.0093691385173942	16.2064669543871211
0.0093736149568917	16.1658460160236324
0.0093793949042647	16.0441845321317622
0.0094048244776322	15.6513906169229298
0.0094109216620181	15.5962168367638832
0.0094170082131237	15.5725097113410236
0.0094231066039020	15.5800735956529355
0.0094231066039020	15.5800735956529355
0.0094292064191264	15.6187958027664759
0.0094353405289609	15.6890221795986786
0.0094415634292324	15.7918145477835381
0.0094478703709976	15.9276964927968994
0.0094557918404654	16.1345019204887734
0.0094601994547902	16.1903640813038550
0.0094646609747082	16.2146730237972356
0.0094691385173964	16.2064669541702386
0.0094691385173964	16.2064669541702386
0.0094736149568939	16.1658460157921731
0.0094793949042706	16.0441845318346488
0.0095048244776349	15.6513906166832353
0.0095109216620207	15.5962168365219895
0.0095170082131262	15.5725097110972523
0.0095231066039043	15.5800735954069598
0.0095231066039043	15.5800735954069598
0.0095292064191287	15.6187958025173721
0.0095353405289630	15.6890221793461251
0.0095415634292344	15.7918145475277818
0.0095478703709993	15.9276964925331104
0.0095557918404641	16.1345019201514077
0.0095601994547888	16.1903640809701344
0.0095646609747066	16.2146730234682792
0.0095691385173949	16.2064669538480750
0.0095691385173949	16.2064669538480750
0.0095736149568923	16.1658460154770864
0.0095793949042675	16.0441845315506200
0.0096048244776243	15.6513906165288130
0.0096109216620100	15.5962168363844871
0.0096170082131155	15.5725097109751651
0.0096231066038937	15.5800735953006395
0.0096231066038937	15.5800735953006395
0.0096292064191179	15.6187958024274085
0.0096353405289523	15.6890221792721949
0.0096415634292234	15.7918145474680234
0.0096478703709884	15.9276964924903321
0.0096557918404728	16.1345019206043681
0.0096601994547972	16.1903640814054803
0.0096646609747151	16.2146730238899437
0.0096691385174033	16.2064669542553830
0.0096691385174033	16.2064669542553830
0.0096736149569008	16.1658460158696009
0.0096793949042793	16.0441845318808269
0.0097048244776389	15.6513906168057471
0.0097109216620246	15.5962168366523759
0.0097170082131302	15.5725097112340194
0.0097231066039085	15.5800735955505818
0.0097231066039085	15.5800735955505818
0.0097292064191329	15.6187958026688936
0.0097353405289673	15.6890221795051996
0.0097415634292388	15.7918145476954503
0.0097478703710040	15.9276964927119966
0.0097557918404603	16.1345019201360635
0.0097601994547851	16.1903640809711362
0.0097646609747031	16.2146730234846501
0.0097691385173913	16.2064669538784827
0.0097691385173913	16.2064669538784827
0.0097736149568888	16.1658460155217014
0.0097793949042606	16.0441845316554996
0.0098048244776262	15.6513906164897580
0.0098109216620119	15.5962168363327311
0.0098170082131173	15.5725097109112731
0.0098231066038954	15.5800735952244302
0.0098231066038954	15.5800735952244302
0.0098292064191196	15.6187958023383207
0.0098353405289540	15.6890221791711379
0.0098415634292251	15.7918145473526206
0.0098478703709900	15.9276964923611573
0.0098557918404716	16.1345019203898872
0.0098601994547960	16.1903640811872052
0.0098646609747139	16.2146730236675047
0.0098691385174022	16.2064669540284036
0.0098691385174022	16.2064669540284036
0.0098736149568997	16.1658460156382198
0.0098793949042793	16.0441845316303464
0.0099048244776334	15.6513906166492802
0.0099109216620191	15.5962168364968452
0.0099170082131245	15.5725097110792650
0.0099231066039027	15.5800735953960512
0.0099231066039027	15.5800735953960512
0.0099292064191270	15.6187958025142155
0.0099353405289613	15.6890221793503741
0.0099415634292326	15.7918145475378715
0.0099478703709978	15.9276964925566649
0.0099557918404653	16.1345019202491819
0.0099601994547898	16.1903640810682781
0.0099646609747079	16.2146730235692225
0.0099691385173961	16.2064669539502439
0.0099691385173961	16.2064669539502439
0.0099736149568936	16.1658460155805486
0.0099793949042684	16.0441845316601963
