0.0000000000000000	0.0000000000000000
0.0000009087422981	0.0020000000000000
0.0000118713469585	0.1672333052832713
0.0000210518111290	0.5249213163325844
0.0000288216095217	0.9789548950870044
0.0000370678641263	1.6076000070543599
0.0000470017087376	2.5584035888258878
0.0000512412663555	3.0240024599506836
0.0000634820063845	4.3546638594732956
0.0000787886609621	5.9032468701887550
0.0000945990834731	7.3364261868742862
0.0001025638862368	7.9910636103437458
0.0001182970998760	9.4919995435045319
0.0001353334203732	11.4872010926568713
0.0001513842711596	13.6626955167139226
0.0001714537331344	16.1563483257819520
0.0001947480155433	18.1845805291074534
0.0002038516677784	18.7213933848310390
0.0002277685579636	20.2169441731208579
0.0002520136825094	21.9056256670350464
0.0002972264226588	22.7032034697274341
0.0003174665618674	22.2705449163595688
0.0003552215811818	21.6079226491622158
0.0004060484220381	20.5856134963965935
0.0004547076088365	20.0622369273828340
0.0004635310628153	19.9453847192681586
0.0005091661243241	19.0749361457807041
0.0005537938180541	18.8773295819889100
0.0005676128635737	18.7410462655892083
0.0006080123199604	18.0171626198196044
0.0006529647160196	17.9919379693439119
0.0006709098581526	17.8782965088160211
0.0007073500166622	17.2558790744914070
0.0007522209548053	17.3492591548216524
0.0007734504514734	17.2753323727831400
0.0008069430984151	16.7230998729826155
0.0008515683908001	16.8941247490484940
0.0008749649503444	16.8685752287479573
0.0009066880608410	16.3582536227614526
0.0009509881238804	16.5776350388997891
0.0009763363176472	16.5896234477639268
0.0010065232298053	16.1124640413801465
0.0010504374977883	16.3594333370575598
0.0010773343037918	16.4030203036564863
0.0011064142650548	15.9488665580616260
0.0011497739613791	16.2061707260938910
0.0011536911494028	16.2883880429238452
0.0011780804058136	16.2783979964703072
0.0012063500177733	15.8405215415072025
0.0012492326659863	16.1014734166059057
0.0012536816241836	16.1989781034625189
0.0012785001768887	16.1975799732447570
0.0013063056175676	15.7691930674333864
0.0013488823057229	16.0325493121659051
0.0013536750663727	16.1402025086241068
0.0013787805259965	16.1446603673402542
0.0014062768182516	15.7225314203482931
0.0014486568965448	15.9874605896762549
0.0014536706428067	16.1017531702497934
0.0014789651484736	16.1101179082280055
0.0015062581294622	15.6920812319711942
0.0015485113686195	15.9580365339166903
0.0015536676979277	16.0766623053780862
0.0015790861618751	16.0876091469299887
0.0016062459990410	15.6722424534811129
0.0016484172109394	15.9388660762067396
0.0016536657542450	16.0603152149414541
0.0016791652331663	16.0729582039315417
0.0017062381233439	15.6593308595758209
0.0017483562054268	15.9263893262926963
0.0017536644785421	16.0496760990038183
0.0017792167928659	16.0634288735866768
0.0018062330090305	15.6509334796764854
0.0018483166441570	15.9182747025645526
0.0018536636443041	16.0427566841071503
0.0018792503678305	16.0572337322195366
0.0019062296865198	15.6454745256969598
0.0019482909735911	15.9129995370593811
0.0019536631000550	16.0382585545849068
0.0019792722124012	16.0532075032995287
0.0020062275286007	15.6419268749302081
0.0020482743111939	15.9095713151830225
0.0020536627455430	16.0353353242056862
0.0020792864162452	16.0505913976003178
0.0021062261285909	15.6396217598255429
0.0021482634947818	15.9073437951485808
0.0021536625148489	16.0334358880657391
0.0021792956478396	16.0488916930058885
0.0022062252172275	15.6381241460808251
0.0022482564690450	15.9058965922168625
0.0022536623648263	16.0322018982558490
0.0022793016477382	16.0477875650802382
0.0023062246284074	15.6371512769610312
0.0023482519096634	15.9049564697210908
0.0023536622673045	16.0314001944183708
0.0023793055445953	16.0470702267125667
0.0024062242433129	15.6365192295832802
0.0024482489456031	15.9043456965822489
0.0024536622039253	16.0308794224672333
0.0024793080776274	16.0466043024677241
0.0025062239938089	15.6361087211386636
0.0025482470213473	15.9039490054106114
0.0025536621627501	16.0305411692826141
0.0025793097226541	16.0463016729086263
0.0026062238314736	15.6358420847922552
0.0026482457713208	15.9036913436547351
0.0026536621360021	16.0303214727730747
0.0026793107913081	16.0461051200058442
0.0027062237269805	15.6356688973262532
0.0027482449603860	15.9035239854390138
0.0027536621186261	16.0301787472200665
0.0027793114850448	16.0459774193839699
0.0028062236578487	15.6355563875577879
0.0028482444323410	15.9034152625631506
0.0028536621073394	16.0300860623185599
0.0028793119362659	16.0458945070692636
0.0029062236139417	15.6354833353063132
0.0029482440904702	15.9033446691094458
0.0029536621000101	16.0300258544352623
0.0029793122288290	16.0458406358195980
0.0030062235841634	15.6354358804467424
0.0030482438671416	15.9032988115102736
0.0030536620952511	16.0299867790066273
0.0030793124194157	16.0458056881317397
0.0031062235664451	15.6354050826163906
0.0031482437238068	15.9032690502682303
0.0031536620921611	16.0299613737344018
0.0031793125424225	16.0457829472304461
0.0032062235528537	15.6353850585068521
0.0032482436285499	15.9032497001505444
0.0032536620901555	16.0299449145801596
0.0032793126232815	16.0457682391489982
0.0033062235454197	15.6353721067064235
0.0033482435682936	15.9032371842732676
0.0033536620888571	16.0299342300042724
0.0033793126750044	16.0457586748975700
0.0034062235403686	15.6353636745048004
0.0034482435288495	15.9032290358950519
0.0034536620880128	16.0299272800131618
0.0034793127087705	16.0457524562375085
0.0035062235374965	15.6353581875859717
0.0035482435035946	15.9032237336392921
0.0035536620874635	16.0299227458540194
0.0035793127305674	16.0457483942229757
0.0036062235344217	15.6353546182279199
0.0036482434859656	15.9032202844251831
0.0036536620871085	16.0299198305007913
0.0036793127452605	16.0457457969145203
0.0037062235333862	15.6353523332014657
0.0037482434756124	15.9032180763172342
0.0037536620868807	16.0299179376301737
0.0037793127542701	16.0457440992072691
0.0038062235333027	15.6353508210487906
0.0038482434693556	15.9032166150679632
0.0038536620867299	16.0299166680767868
0.0038793127599788	16.0457429534033338
0.0039062235319147	15.6353498154791968
0.0039482434638664	15.9032156433253924
0.0039536620866320	16.0299158616527890
0.0039793127643428	16.0457422413203048
0.0040062235314956	15.6353491963701838
0.0040482434609268	15.9032150450726544
0.0040536620865719	16.0299153526911091
0.0040793127668439	16.0457417864878380
0.0041062235321848	15.6353487814943666
0.0041482434599174	15.9032146441370994
0.0041536620865310	16.0299149842456465
0.0041793127681098	16.0457414455769154
0.0042062235307116	15.6353484921146499
0.0042482434572686	15.9032143645095108
0.0042536620865057	16.0299147826804180
0.0042793127698243	16.0457412808794899
0.0043062235319239	15.6353483394807391
0.0043482434578560	15.9032142170117545
0.0043536620864907	16.0299146198765818
0.0043793127698832	16.0457411195314670
0.0044062235305800	15.6353482041855987
0.0044482434559623	15.9032140862662281
0.0044536620864808	16.0299145443133177
0.0044793127709655	16.0457410671509706
0.0045062235304418	15.6353481722217822
0.0045482434556997	15.9032140553831489
0.0045536620864797	16.0299145212587710
0.0045793127711455	16.0457410479316707
0.0046062235313401	15.6353481422679028
0.0046482434564708	15.9032140264394837
0.0046536620864775	16.0299144706776637
0.0046793127708791	16.0457409916935880
0.0047062235313281	15.6353480834949217
0.0047482434562145	15.9032139696435539
0.0047536620864736	16.0299144217564269
0.0047793127711087	16.0457409477040578
0.0048062235312764	15.6353480450232798
0.0048482434560073	15.9032139324749906
0.0048536620864718	16.0299143908900561
0.0048793127712775	16.0457409204453363
0.0049062235312541	15.6353480214499534
0.0049482434558883	15.9032139096858316
0.0049536620864714	16.0299143717533212
0.0049793127713782	16.0457409034475482
0.0050062235326413	15.6353479847793722
0.0050482434571168	15.9032138742283546
0.0050536620864679	16.0299143016905781
0.0050793127709295	16.0457408238631203
0.0051062235302246	15.6353479379907494
0.0051482434545190	15.9032138290455656
0.0051536620864683	16.0299143309617236
0.0051793127721357	16.0457408788056100
0.0052062235313807	15.6353479923119245
0.0052482434558989	15.9032138815265505
0.0052536620864743	16.0299143437283931
0.0052793127714412	16.0457408766818510
0.0053062235322591	15.6353479656602499
0.0053482434566580	15.9032138557663458
0.0053536620864725	16.0299142966366794
0.0053793127711724	16.0457408238761019
0.0054062235299071	15.6353479467630230
0.0054482434542410	15.9032138375305419
0.0054536620864756	16.0299143474577406
0.0054793127722458	16.0457408974980638
0.0055062235303973	15.6353480276161729
0.0055482434550673	15.9032139156468784
0.0055536620864851	16.0299144013920660
0.0055793127717346	16.0457409403937028
0.0056062235311864	15.6353480490918137
0.0056482434559380	15.9032139364108236
0.0056536620864883	16.0299143972251876
0.0056793127713223	16.0457409273883940
0.0057062235313346	15.6353480276580434
0.0057482434559939	15.9032139156797303
0.0057536620864880	16.0299143751401552
0.0057793127713434	16.0457409057454150
0.0058062235317195	15.6353480008839494
0.0058482434562664	15.9032138898054551
0.0058536620864867	16.0299143418003638
0.0058793127712834	16.0457408711318656
0.0059062235312564	15.6353479734564829
0.0059482434556925	15.9032138633015769
0.0059536620864866	16.0299143319393984
0.0059793127715862	16.0457408677090676
0.0060062235300391	15.6353479938818065
0.0060482434545673	15.9032138830356811
0.0060536620864922	16.0299143835932973
0.0060793127720291	16.0457409286963077
0.0061062235322564	15.6353480255736503
0.0061482434569060	15.9032139136728148
0.0061536620864945	16.0299143474119958
0.0061793127709700	16.0457408699157078
0.0062062235326109	15.6353479461980953
0.0062482434569262	15.9032138369517408
0.0062536620864881	16.0299142708667510
0.0062793127711221	16.0457407966871344
0.0063062235321333	15.6353478846883291
0.0063482434561982	15.9032137775198983
0.0063536620864845	16.0299142327674176
0.0063793127715591	16.0457407679341948
0.0064062235303077	15.6353478920341527
0.0064482434544156	15.9032137846215385
0.0064536620864896	16.0299142906317833
0.0064793127723091	16.0457408416854044
0.0065062235331408	15.6353479313411796
0.0065482434573992	15.9032138225949105
0.0065536620864919	16.0299142433500208
0.0065793127709594	16.0457407656096045
0.0066062235313084	15.6353478647546851
0.0066482434552948	15.9032137582528854
0.0066536620864896	16.0299142395742003
0.0066793127719932	16.0457407838731285
0.0067062235312760	15.6353478992195551
0.0067482434554098	15.9032137915607503
0.0067536620864951	16.0299142693674881
0.0067793127718789	16.0457408111347561
0.0068062235311417	15.6353479260937807
0.0068482434553875	15.9032138175506432
0.0068536620865000	16.0299142958140841
0.0068793127718379	16.0457408366210394
0.0069062235317446	15.6353479408640670
0.0069482434560479	15.9032138318270349
0.0069536620865027	16.0299142912094190
0.0069793127715290	16.0457408253903075
0.0070062235308146	15.6353479396284065
0.0070482434551153	15.9032138306137192
0.0070536620865057	16.0299143166168783
0.0070793127719320	16.0457408593257647
0.0071062235322726	15.6353479562063598
0.0071482434566355	15.9032138466207353
0.0071536620865075	16.0299142892422282
0.0071793127712525	16.0457408174375864
0.0072062235322081	15.6353479057776799
0.0072482434563600	15.9032137978952530
0.0072536620865045	16.0299142488622515
0.0072793127714735	16.0457407817935973
0.0073062235318128	15.6353478806762904
0.0073482434558650	15.9032137736342118
0.0073536620865045	16.0299142389792415
0.0073793127717382	16.0457407775338261
0.0074062235312201	15.6353478899282745
0.0074482434553152	15.9032137825900968
0.0074536620865082	16.0299142635704577
0.0074793127719577	16.0457408067358678
0.0075062235322461	15.6353479057775058
0.0075482434564012	15.9032137978775499
0.0075536620865105	16.0299142478446157
0.0075793127714647	16.0457407804626797
0.0076062235312346	15.6353478882789432
0.0076482434553214	15.9032137809825453
0.0076536620865120	16.0299142619103741
0.0076793127719637	16.0457408051200723
0.0077062235300333	15.6353479388813827
0.0077482434543380	15.9032138298844536
0.0077536620865207	16.0299143384306326
0.0077793127722859	16.0457408883610313
0.0078062235317445	15.6353479982862567
0.0078482434562864	15.9032138873162481
0.0078536620865265	16.0299143399142601
0.0078793127713383	16.0457408695630228
0.0079062235307588	15.6353479805627984
0.0079482434552281	15.9032138701918129
0.0079536620865280	16.0299143531355242
0.0079793127718279	16.0457408931794134
0.0080062235319474	15.6353479926495851
0.0080482434564617	15.9032138818385338
0.0080536620865297	16.0299143295998725
0.0080793127712795	16.0457408579262477
0.0081062235318744	15.6353479508649258
0.0081482434562142	15.9032138414613016
0.0081536620865275	16.0299142966916719
0.0081793127714712	16.0457408291184009
0.0082062235327363	15.6353479123231534
0.0082482434569134	15.9032138042201456
0.0082536620865245	16.0299142399400267
0.0082793127712527	16.0457407677418864
0.0083062235317932	15.6353478638431724
0.0083482434557747	15.9032137573895991
0.0083536620865229	16.0299142260241716
0.0083793127718391	16.0457407663219129
0.0084062235322343	15.6353478647270432
0.0084482434562206	15.9032137582333366
0.0084536620865243	16.0299142142213569
0.0084793127716500	16.0457407504605065
0.0085062235308703	15.6353478676329800
0.0085482434548754	15.9032137610381525
0.0085536620865284	16.0299142553637921
0.0085793127722215	16.0457408037005074
0.0086062235308587	15.6353479286288017
0.0086482434551181	15.9032138199928141
0.0086536620865366	16.0299143069305678
0.0086793127719992	16.0457408504035151
0.0087062235313703	15.6353479626653407
0.0087482434557653	15.9032138528713531
0.0087536620865414	16.0299143211285688
0.0087793127716571	16.0457408572320794
0.0088062235323058	15.6353479493487733
0.0088482434566392	15.9032138399962051
0.0088536620865408	16.0299142835383321
0.0088793127713130	16.0457408123073826
0.0089062235313458	15.6353479152012813
0.0089482434555415	15.9032138070057716
0.0089536620865406	16.0299142821653362
0.0089793127718528	16.0457408224188285
0.0090062235321916	15.6353479202713839
0.0090482434564075	15.9032138119200788
0.0090536620865420	16.0299142624362609
0.0090793127714763	16.0457407946395669
0.0091062235317662	15.6353478939687616
0.0091482434558730	15.9032137864866900
0.0091536620865419	16.0299142525103129
0.0091793127717595	16.0457407907317879
0.0092062235304918	15.6353479145053029
0.0092482434546923	15.9032138063430697
0.0092536620865477	16.0299143058693829
0.0092793127722260	16.0457408539306279
0.0093062235299338	15.6353479920999803
0.0093482434544602	15.9032138813313573
0.0093536620865582	16.0299143868432843
0.0093793127721733	16.0457409336160239
0.0094062235310046	15.6353480521872186
0.0094482434557718	15.9032139393893122
0.0094536620865649	16.0299144070701587
0.0094793127714955	16.0457409392964578
0.0095062235323826	15.6353480255890780
0.0095482434570282	15.9032139136732198
0.0095536620865624	16.0299143458605116
0.0095793127710141	16.0457408678549136
0.0096062235318000	15.6353479575556804
0.0096482434561670	15.9032138479469420
0.0096536620865583	16.0299143053193163
0.0096793127715210	16.0457408381527280
0.0097062235300338	15.6353479641432482
0.0097482434544401	15.9032138543232087
0.0097536620865633	16.0299143608775729
0.0097793127722488	16.0457409091244223
0.0098062235313139	15.6353480246661132
0.0098482434559675	15.9032139128131718
0.0098536620865697	16.0299143753959186
0.0098793127714788	16.0457409071412833
0.0099062235331814	15.6353479815116501
0.0099482434576410	15.9032138710807125
0.0099536620865649	16.0299142864351225
0.0099793127708520	16.0457408048852166
