0.0000000000000000	0.0000000000000000
0.6788382601627692	0.0020000000000000
0.6791661672734098	0.0003204076384893
0.6800959852673849	0.0007995844053464
0.6809826859467574	0.0024073658752762
0.6819734756735266	0.0070419066149580
0.6828213706561189	0.0141647611279491
0.6834184528420311	0.0230020396373248
0.6838667737306324	0.0329956903354416
0.6842098485241255	0.0433238867022271
0.6845266560766488	0.0555797504112438
0.6847904555249955	0.0682373389325057
0.6850435918528581	0.0829373890352396
0.6852700996015907	0.0985283100362219
0.6854665967609197	0.1142298653169462
0.6856685981759663	0.1327230087178297
0.6858581766350865	0.1524564607932009
0.6860353391188970	0.1731688373618975
0.6862043495951653	0.1951164361437579
0.6863665038344349	0.2183147232019051
0.6865282955861369	0.2436190213421990
0.6866956642867048	0.2720620872552864
0.6868627436339924	0.3028309733275367
0.6870262928678380	0.3350763115868657
0.6871939290556331	0.3702006426351147
0.6873653918892547	0.4081984818120292
0.6875385336762324	0.4486239916290454
0.6878031707643847	0.5128156579961392
0.6883387865740996	0.6456336397336204
0.6885209077449109	0.6876411769713777
0.6887003493649932	0.7268998954599064
0.6888598623662079	0.7595952558624809
0.6890109535141088	0.7883860651598882
0.6891587636470253	0.8143370376155119
0.6893080896347626	0.8382645185057435
0.6894584946930713	0.8599945476098234
0.6895949256530729	0.8776500699025706
0.6897453197725735	0.8950166878112632
0.6899070588417233	0.9113361362842813
0.6900626184676987	0.9248877497667840
0.6902434970432851	0.9383668404232558
0.6904365491311656	0.9502256392326420
0.6906457820305537	0.9607167895677631
0.6908858816347586	0.9701180133381587
0.6911454566268257	0.9778429490356186
0.6914724992742245	0.9847641404586451
0.6918618573328663	0.9902653188178162
0.6924340305604746	0.9947940427006812
0.6934720955505138	0.9986809223378852
0.6943248174605388	1.0000046038653043
0.7081176368739019	0.9997860729183572
0.7116049872409143	0.9999982046021547
0.7944766137969007	0.9999961044944519
0.9372721930950808	1.0000087408336626
0.9534536916901033	1.0000093639175351
0.9751986982338275	1.0000049311509269
