0.0000000000000000	0.2500000000000000
0.0331821803441506	0.2505002500000000
1.0048225336171626	0.2599171905557439
1.8321426421967695	0.2683490749680686
2.6642804492577112	0.2757663718755486
3.5333437469822182	0.2829588814487884
4.4073315227743288	0.2896248663743183
5.2604486681392961	0.2955708244108029
6.1178693650028642	0.3009523301888288
6.8904049567801353	0.3052017565815753
7.6183045331889589	0.3085965156244717
8.2800522153293272	0.3110782500177172
8.8828549026571721	0.3127265899846647
9.4184935158390140	0.3135682048550161
9.8855771422724779	0.3136892873647878
9.8855771422724779	0.3136892873647878
10.2953555946041924	0.3131869181256710
10.6537563434915423	0.3121373411707646
10.9633512300204519	0.3106198115582893
11.2424782522445739	0.3080137788856283
11.4777769163489083	0.3063517377400558
11.6784971630367345	0.3038035081353759
11.8541244680342093	0.3009787779377855
12.0069347637673118	0.2979270299591914
12.1407317707531526	0.2946704748913385
12.2584339402911517	0.2912199116085634
12.3616576442243655	0.2876196070418651
12.4531782213347029	0.2838594484641803
12.5345337150399825	0.2799495559471185
12.6076093671453098	0.2758783964740295
12.6727368562998155	0.2716954828934305
12.7310946060712880	0.2674040764842336
12.7844520164276254	0.2629439936326156
12.8318611570360375	0.2584611856443197
12.8750591676166746	0.2538715506217596
12.9149239047402755	0.2491375513670915
12.9513209935294640	0.2443305013330115
12.9853633397964483	0.2393488818714786
13.0168119832938878	0.2342687601514034
13.0468045765193246	0.2289472440315393
13.0744210606365208	0.2235788594105746
13.1001102551256920	0.2181355569542366
13.1244692642343210	0.2125322592151438
13.1474994292059240	0.2068081671872728
13.1695112313429785	0.2009178337652176
13.1901585618789969	0.1949899197499733
13.2103354018220340	0.1887984348376263
13.2297914815232609	0.1824397868130069
13.2485859600158484	0.1759328119457740
13.2667677377536908	0.1692858312016056
13.2851274003149431	0.1622218993706931
13.3034730687221980	0.1548211362792212
13.3220144793758415	0.1470117584245443
13.3415664388969795	0.1384574673928882
13.3614486767419791	0.1294827931061932
13.3885164064439817	0.1169534223924480
13.4399477737995472	0.0928350077678691
13.4549622262940201	0.0861056244048574
13.4688450807349671	0.0800461418101895
13.4811328044457674	0.0748447083048100
13.4927009485605538	0.0701072183500643
13.5033971802830237	0.0658813825719133
13.5123236086141034	0.0626076701508292
13.5221644651985571	0.0588656680337426
13.5306682595356609	0.0558670204811592
13.5390816743426541	0.0530124434373482
13.5474430492242117	0.0502875897495834
13.5552365852902330	0.0478508349899840
13.5630728414193769	0.0454987288944029
13.5707341322974422	0.0432977046016602
13.5782742964563958	0.0412221225566400
13.5856403451130721	0.0392837475555661
13.5929429954746208	0.0374444423859817
13.6000801790415764	0.0357280071269052
13.6071805997563917	0.0340954057524942
13.6139392649433724	0.0326111381867344
13.6208823844905424	0.0311543527483348
13.6276652317496829	0.0297957928216917
13.6344795562926659	0.0284943438999966
13.6412863783346161	0.0272540474070868
13.6478004668857622	0.0261229217569475
13.6545289515785804	0.0250086919291426
13.6612257131158419	0.0239519999725373
13.6678986197296464	0.0229505326996420
13.6745913518521611	0.0219942212091760
13.6812433418119515	0.0210896787551619
13.6879107603429766	0.0202281817291156
13.6946118032751656	0.0194047887236473
13.7013166474827397	0.0186216163548886
13.7080163660593772	0.0178790548458013
13.7147584399372082	0.0171692962717268
13.7215664136097075	0.0164887482781871
13.7285779802803596	0.0158230488463320
13.7354067224536269	0.0152084622165309
13.7422741375147250	0.0146224113694570
13.7491672952472346	0.0140648863167112
13.7560864039147486	0.0135354800351440
13.7630746804447064	0.0130291876135224
13.7701642776711530	0.0125430471793029
13.7772857511912363	0.0120811758759861
13.7844354736672514	0.0116434798202407
13.7916693129983035	0.0112250641544585
13.7990298901554240	0.0108230258096988
13.8067392214862181	0.0104252886365936
13.8140287099902430	0.0100718248738366
13.8215639679389906	0.0097275034437775
13.8292218261929314	0.0093980421824174
13.8369831459361716	0.0090840593272379
13.8449211692773826	0.0087821309531309
13.8528754257980822	0.0084980994955099
13.8609673007813310	0.0082273548035571
13.8692223296030726	0.0079684964506221
13.8776557845684874	0.0077209477133549
13.8862434067356908	0.0074852947904117
13.8949926299750857	0.0072611338586413
13.9039226524204782	0.0070478056355918
13.9126937650124951	0.0068528437576292
13.9218318749168191	0.0066640908519408
13.9312782518344207	0.0064830783399963
13.9409443244668498	0.0063116785738256
13.9507040802641704	0.0061518132768733
13.9608226565883413	0.0059991041593319
13.9711970396569072	0.0058553371321602
13.9825555975691724	0.0057108821184438
13.9934540695581546	0.0055848033147693
14.0047223181019405	0.0054663322274019
14.0163105145591036	0.0053561768509815
14.0282366702736461	0.0052542578993949
14.0405220465813372	0.0051605034857437
14.0531893390710163	0.0050748710594644
14.0662626313872536	0.0049973493388004
14.0795537748369952	0.0049291363175878
14.0941707976532022	0.0048648884071515
14.1087510943617556	0.0048108185682979
14.1238677355235023	0.0047648578039963
14.1397175451673860	0.0047267228008716
14.1560631186837647	0.0046974675538235
14.1732283543190949	0.0046767131019034
14.1911125936441316	0.0046650842969433
14.2097331897374897	0.0046623210497087
14.2097331897374897	0.0046623210497087
14.2284756569272712	0.0046688444510175
14.2489652344010445	0.0046857417135601
14.2703042853611208	0.0047127949226003
14.2925679771247864	0.0047509406372249
14.3186396580443418	0.0048062869984997
14.3399721637467348	0.0048607978041278
14.3736856887313351	0.0049600595474011
14.4011617890664692	0.0050521129369151
14.4317889993403004	0.0051656335192783
14.4624853494861192	0.0052904241603654
14.4951487864837389	0.0054329317544409
14.5239685009903834	0.0055691082454376
14.5592236736211600	0.0057448835723734
14.5962924327822758	0.0059412637102813
14.6351053914178202	0.0061592060741350
14.6783709548566819	0.0064151689960815
14.7161063242992451	0.0066504143949590
14.7667345659635743	0.0069812368321158
14.8129323806712438	0.0072978861393990
14.8609365329292107	0.0076416383825418
14.9133519557950383	0.0080320088118224
14.9657745311801893	0.0084395632605806
15.0207968439665382	0.0088840405420170
15.0786338091277372	0.0093688768040433
15.1342770752584936	0.0098531666689555
15.1968497079339393	0.0104163147025836
15.2624520098437682	0.0110277461541395
15.3296318998414076	0.0116992437689994
15.4041625589476148	0.0124168895646651
15.4788266985607166	0.0131842977633056
15.5630640354335466	0.0140765130861002
15.6475029591702857	0.0149999720825940
15.7399747710642526	0.0160396945245905
15.8408756203588084	0.0172063551011504
15.9405607686836213	0.0183902869352603
16.0577163924875741	0.0198161574436844
16.1895110219566547	0.0214600819991581
16.3280631250796340	0.0232285310068188
16.4933255258708797	0.0253838509482365
16.6910345464718617	0.0280143638737014
16.9279157046960336	0.0312238662116880
17.2382561138074237	0.0354929102534265
17.7126514925125242	0.0420938194470271
19.0330151239644820	0.0606050729271798
19.7755109549460002	0.0708364705848896
20.5422560312029354	0.0812665924511377
21.3711968403803603	0.0923820722505816
22.2257890177872817	0.1036604860696017
22.9475501911892472	0.1130421143548820
23.8860233944446634	0.1250385228077140
24.8423843235569706	0.1370245383695264
25.8700225598527105	0.1496348535900923
26.9296876865492152	0.1623385519936081
28.0068315947029305	0.1749299549978567
29.1291392760121504	0.1876955661275389
30.2639444372041808	0.2002294868331580
31.3921640474265509	0.2122906991156678
32.5537425560996994	0.2238383918970625
33.7256669332363330	0.2359367883667822
34.8472578652935780	0.2466130279898791
35.9374863530376984	0.2560014850274941
37.0696270750477126	0.2662818140741841
38.1061287780621001	0.2746917868540579
39.1196964656436847	0.2823745259153704
40.0764014601821899	0.2890708988257802
40.9745144367380902	0.2948117210693275
41.8305694165059805	0.2997093972753768
42.6217011616106447	0.3036246929507049
43.3428359723554095	0.3065896923861029
43.9998246211250361	0.3086757063768390
44.5810361048611128	0.3099160887798164
45.0951823462296630	0.3104007731590586
45.5591705790617851	0.3102131925424929
45.5591705790617851	0.3102131925424929
45.9535429502661827	0.3094379758753810
46.2969547614426702	0.3081495317611346
46.6018724590830544	0.3057716218017098
46.8648975547176150	0.3042582152551572
47.0841246290681710	0.3018891074539291
47.2764206849677180	0.2992276760773298
47.4442644855862099	0.2963200318031273
47.5919309380930997	0.2931825135475586
47.7214529793422386	0.2898487979201846
47.8353900829749676	0.2863442448626412
47.9352791814354902	0.2827083440583819
48.0249417537522945	0.2788813618878216
48.1033925219613181	0.2749888179202958
48.1745490648973700	0.2709129883219653
48.2385650413306308	0.2667060495787995
48.2953693037014276	0.2624540486175577
48.3478093082007661	0.2580059595952389
48.3955896299478354	0.2534333185528707
48.4391768867016523	0.2487567085555560
48.4793760877579274	0.2439382404709606
48.5161507227464668	0.2390372001391208
48.5507495846400374	0.2339376866225417
48.5824368605612449	0.2287905605828495
48.6116399901778138	0.2235910224557250
48.6392409110369499	0.2182263750541598
48.6657898021080371	0.2126148998184076
48.6902795620663369	0.2070071335258838
48.7137308922733254	0.2012099447470643
48.7358647049161959	0.1953294139534059
48.7568656523759785	0.1893591756454128
48.7775065613492700	0.1831086089517755
48.7973454579879800	0.1767254169445445
48.8166424326733264	0.1701553646323124
48.8353096623436471	0.1634573840870991
48.8546535784984428	0.1561723607984761
48.8738657770885396	0.1486085159417969
48.8936694517850938	0.1404948702087705
48.9160616923165037	0.1310139366499189
48.9401771331528082	0.1205062203673278
48.9748180808461697	0.1050923698577759
48.9910807296148221	0.0977006978210746
49.0125840566465030	0.0884085718700412
49.0279374230370522	0.0819657898976465
49.0413704522671523	0.0764935257786774
49.0536548482297121	0.0716480180389195
49.0651884027318275	0.0672537441313984
49.0758516094646282	0.0633399947559845
49.0853777877216899	0.0599708400239620
49.0949810707138710	0.0566994087649536
49.1041278102826340	0.0537075020823801
49.1127484633111635	0.0509980321456737
49.1213142082167096	0.0484140775023380
49.1289862840203995	0.0461959013232190
49.1371018461456330	0.0439446526225304
49.1447937827051575	0.0419012962641816
49.1525884540310045	0.0399183895493083
49.1600187502181853	0.0381103373547273
49.1676483407100378	0.0363340869125259
49.1748412855006691	0.0347342563825746
49.1822042091675158	0.0331696449606937
49.1893980040467866	0.0317097802490899
49.1966037890549401	0.0303151158861550
49.2037953260768859	0.0289867313493866
49.2106325625796188	0.0277829661961329
49.2177293344910112	0.0265907726428562
49.2247269045734015	0.0254705736405876
49.2317534156234373	0.0244000777935608
49.2388000473941574	0.0233777117883545
49.2456834167784336	0.0224274539030080
49.2526930951292101	0.0215070508130787
49.2597408223717395	0.0206268503621705
49.2666046970071037	0.0198122556234925
49.2736308976686743	0.0190199283813916
49.2807282036443084	0.0182595852431217
49.2877309262592647	0.0175474761475930
49.2948327364989254	0.0168625443210672
49.3020044927447785	0.0162063491765789
49.3092665928010092	0.0155761431274384
49.3164366780752061	0.0149854095778976
49.3236699001417023	0.0144207385425489
49.3310196671027299	0.0138773502245363
49.3383586018252842	0.0133639351393060
49.3457618221720011	0.0128746401175505
49.3532580064405408	0.0124062652365110
49.3608695141832570	0.0119569008712157
49.3685279003464430	0.0115300189572275
49.3762216348617216	0.0111261183336107
49.3840182598226463	0.0107401568452092
49.3919697376976998	0.0103692300891443
49.4000340437752925	0.0100150371146346
49.4081029922126476	0.0096817392049524
49.4163006106755773	0.0093638421300469
49.4246554420994428	0.0090595851044645
49.4331790408846388	0.0087683921093130
49.4418407512851275	0.0084911091185619
49.4505801820601079	0.0082294087871585
49.4592312711794406	0.0079872850065031
49.4682247236352737	0.0077522888250103
49.4774986143698428	0.0075263623514252
49.4869651085998399	0.0073117700253979
49.4968035582087467	0.0071035995809302
49.5066284949616744	0.0069105182149017
49.5166717258951081	0.0067276303814628
49.5269464149298315	0.0065546287404843
49.5374664325825265	0.0063912365502716
49.5475912470912476	0.0062469552843873
49.5584029801955808	0.0061063051679409
49.5697170719466129	0.0059720177127358
49.5814379227747040	0.0058455949268192
49.5934908646039929	0.0057280772807929
49.6058935377107133	0.0056193908976146
49.6186675743097254	0.0055194620508427
49.6321273942644439	0.0054261078794762
49.6456849334943868	0.0053432763194251
49.6596473348677634	0.0052691962660154
49.6742344549714261	0.0052030019462819
49.6893301433052983	0.0051456244444692
49.7068842082226681	0.0050906246996418
49.7233253795387498	0.0050501273290399
49.7384225912356683	0.0050228907966805
49.7560131120345233	0.0050004328477139
49.7744295492818765	0.0049869079791327
49.7937061307156981	0.0049832834803532
49.7937061307156981	0.0049832834803532
49.8131286896309931	0.0049896362188184
49.8341302810653204	0.0050063309724964
49.8563768002616499	0.0050346232610508
49.8789063804247306	0.0050832589397970
49.9139549480985210	0.0051502753458900
49.9396582737763097	0.0052200279152341
49.9666913559576216	0.0053040806699104
49.9966141937031594	0.0054085469033159
50.0256164874430169	0.0055210327960632
50.0685577680592004	0.0057037408543928
50.1029828761129465	0.0058640412310961
50.1383454486271845	0.0060408472250145
50.1766255333597258	0.0062446045900166
50.2153633922662266	0.0064633084830615
50.2689147686428157	0.0067858337071362
50.3124562881656772	0.0070635927130933
50.3576722430112156	0.0073664560010232
50.4091342566754932	0.0077267729531104
50.4590977384230825	0.0080937133930469
50.5108453535992936	0.0084901356807563
50.5647732944055193	0.0089204027212682
50.6245573908337221	0.0094348329418213
50.7086837561000365	0.0101458805441510
50.7696030670386946	0.0106983936994875
50.8343810284528175	0.0113069013087570
50.9238769399176832	0.0121790488103140
50.9985742093275931	0.0129345401737780
51.0806775217130777	0.0137912683628683
51.1567178162694063	0.0146104271714879
51.2457347139667618	0.0155958375095762
51.3439567634878529	0.0167149484512051
51.4443256691538906	0.0178902120706102
51.5575226761215930	0.0192516423691555
51.6860469211564038	0.0208371056158495
51.8142654838888390	0.0224575051609050
51.9709046043840530	0.0244805377199912
52.1502124407112646	0.0268460960562981
52.3645391167097287	0.0297265053682364
52.6345544424758671	0.0334160336287369
53.0156479371128455	0.0386922112328515
53.6846766163868594	0.0481256482183428
54.5498560289087493	0.0601832903979245
55.3116874722957377	0.0706847991694317
56.0776375530172402	0.0811058460707707
56.8904572473083618	0.0920056239078224
57.7437919192435771	0.1032735828099232
58.6581967723583233	0.1151416023375761
59.5954146465708234	0.1270798009618238
60.6030106156706623	0.1396598311353312
61.6303950580172994	0.1522078200756010
62.6842900147531097	0.1647805879446766
63.7730781857287141	0.1774386841856977
64.8860041837589421	0.1900320873872161
66.0116676946340419	0.2019916404332149
67.1959726296564668	0.2149918875282509
68.2979467226434025	0.2262877605451283
69.4404363440512213	0.2370812447374080
70.6042349609927413	0.2485604819006719
71.6882093610174422	0.2583201966868870
72.7845676112319779	0.2676750070677098
73.8464336263009642	0.2761996351182042
74.8413381801484547	0.2836363616849574
75.8015330776474201	0.2902615874708664
76.6944454318808937	0.2958523592088533
77.5581732975169444	0.3006498457003495
78.3241474372293709	0.3043109276138326
79.0427530844459341	0.3071349407626956
79.6807431838828393	0.3090266189468901
80.2446511448160464	0.3100909740230078
80.7455559571940853	0.3104275231144806
81.1886015628585369	0.3101178505022089
81.1886015628585369	0.3101178505022089
81.5715998316303086	0.3092408863670270
81.9046916361075290	0.3078671283639366
82.2093492186955075	0.3059821251166817
82.4548671918945502	0.3038524240939023
82.6733447253813551	0.3013537885519702
82.8621366567868449	0.2985965402544886
83.0264622077991987	0.2956015130320792
83.1675707244526592	0.2924587293546540
83.2925110820594909	0.2891045693608417
83.4039869855637761	0.2855361174984365
83.5020034016004900	0.2818277788482232
83.5883518499244786	0.2780021633414372
83.6665246057359013	0.2739796753534823
83.7361178705399851	0.2698454493902194
83.7974731216841207	0.2656695787236374
83.8543395606358075	0.2612659794141038
83.9051571134574061	0.2568085014991261
83.9514246249094072	0.2522391216718182
83.9939942615834951	0.2475298755469156
84.0329425877663709	0.2427300380858386
84.0691743111955958	0.2377733896884158
84.1025398031471667	0.2327277073863130
84.1341340603826495	0.2274725594803964
84.1626718330504957	0.2222740022536745
84.1899777791708317	0.2168512362346648
84.2156251688663531	0.2113139378860435
84.2400162609355618	0.2056186179412520
84.2631508397250428	0.1997959751519155
84.2850090212812546	0.1938892843627578
84.3056111608873664	0.1879376155883524
84.3259942853773765	0.1816655136311823
84.3457739973973304	0.1752130492716369
84.3649754509427510	0.1685922265003030
84.3836339568243972	0.1618201344308007
84.4022227686146636	0.1547497609899888
84.4209864141379853	0.1472998691207486
84.4404668772702252	0.1392615518297906
84.4611640182076542	0.1304479973370125
84.4857561264756640	0.1196950029329529
84.5198982747106839	0.1044729083006049
84.5346470046549854	0.0979091927365296
84.5501394663734800	0.0910183851550894
84.5656329728435310	0.0844460378880786
84.5798329213997420	0.0785869624723272
84.5926669165319396	0.0734556945330396
84.6045336509719874	0.0688704976058254
84.6154890707735916	0.0647897791009760
84.6251112159790608	0.0613347120058567
84.6348331534127141	0.0579699502967948
84.6441427279675196	0.0548740414926116
84.6527841282887863	0.0521120577206172
84.6615105391973231	0.0494331909205522
84.6694590531177340	0.0470925978530515
84.6773520689983457	0.0448634485956744
84.6850106392852098	0.0427904484856460
84.6928797237803508	0.0407488061808254
84.7002530596989089	0.0389189716239101
84.7078577864938325	0.0371119298448020
84.7150813136784819	0.0354716086317804
84.7224580328666974	0.0338699409388246
84.7296875316062028	0.0323705060924517
84.7368573402544172	0.0309513677626867
84.7440008602185912	0.0296018130604982
84.7511231394591675	0.0283196861368825
84.7582442716029476	0.0270971423045634
84.7651167514767252	0.0259730482424831
84.7721598690685312	0.0248753073520104
84.7792075518115666	0.0238289910444997
84.7862006656998943	0.0228421417878655
84.7932222429191285	0.0218991744449134
84.8002202207699867	0.0210051187309232
84.8072137679582454	0.0201567039743960
84.8142700358162216	0.0193430600531364
84.8213448966669858	0.0185679639746205
84.8283912390404424	0.0178359951508797
84.8354943695970576	0.0171355337262149
84.8426365333469619	0.0164671412210345
84.8500205871265081	0.0158111811764057
84.8572189375869641	0.0152052898870450
84.8644648686330783	0.0146273848485221
84.8717683073238902	0.0140756797360647
84.8790791955539703	0.0135537293699472
84.8864663915468327	0.0130547521999198
84.8939731005856686	0.0125752526600869
84.9015399908705888	0.0121184857290162
84.9090903641527319	0.0116888175438749
84.9167593907423992	0.0112768980603956
84.9245771681208623	0.0108808082162106
84.9324999727006968	0.0105024673063589
84.9403713204631146	0.0101486245021760
84.9484314861752097	0.0098078933743270
84.9566030208146259	0.0094830945780634
84.9649479979340754	0.0091714785839055
84.9734285790532056	0.0088742813894489
84.9819998212005459	0.0085927069736915
84.9906538772528393	0.0083269594557657
84.9994997350436705	0.0080728446641236
85.0083929969246554	0.0078342941593042
85.0175834515816433	0.0076042795955941
85.0269831856953999	0.0073851928268517
85.0369368919839417	0.0071692354803192
85.0466940083143044	0.0069720834873825
85.0562241883452259	0.0067937940469432
85.0664090211322019	0.0066173486760211
85.0768796693574956	0.0064500156118037
85.0874532380589841	0.0062948576978773
85.0984289723309502	0.0061471352649713
85.1096935038941211	0.0060086460066516
85.1212605265437645	0.0058792691675959
85.1331484957057114	0.0057588616558338
85.1453772332965997	0.0056473081272581
85.1579919142158275	0.0055443163405024
85.1709383202491921	0.0054504519369495
85.1841003878724621	0.0053665609915614
85.1979166125568952	0.0052899583600521
85.2122967161797220	0.0052206628047148
85.2271798080957979	0.0051598906729647
85.2427510780784985	0.0051071835350672
85.2589149894998855	0.0050627983697000
85.2756935438881243	0.0050273437756493
85.2919464526036961	0.0050131852269135
85.3162734078645428	0.0049817904157013
85.3343206882827303	0.0049775239855579
85.3343206882827303	0.0049775239855579
85.3535041025947265	0.0049826271636306
85.3756523989162019	0.0049992485101945
85.3974745524595846	0.0050263537711235
85.4214311003845808	0.0050669928954972
85.4434463668251425	0.0051140649806367
85.4759748268515267	0.0051972198461908
85.5028224847092559	0.0052778021276821
85.5315901193000485	0.0053753303839314
85.5613057003503457	0.0054870998364040
85.5944085159365642	0.0056225645002608
85.6246767096217098	0.0057576692478744
85.6591906647748829	0.0059227654569203
85.6955812739082745	0.0061091859837622
85.7332146209080292	0.0063144354961432
85.7768190101031820	0.0065656225492639
85.8136276242875198	0.0067902669224155
85.8575689345553030	0.0070710893486091
85.9028974781961807	0.0073752527409959
85.9506527354764813	0.0077107285833487
85.9970691611272571	0.0080515678785589
86.0486015826128465	0.0084444919617977
86.1022761843211413	0.0088707693069745
86.1618581088669089	0.0093624175501215
86.2172716161845756	0.0098377116845167
86.2790563313056964	0.0103870152467748
86.3442371468621275	0.0109877038432325
86.4147023360197579	0.0116596806547322
86.4867155200380040	0.0123705892811310
86.5634418910332499	0.0131532551477516
86.6455126898316479	0.0140172908655768
86.7212738720706966	0.0148400349461538
86.8122744687247945	0.0158546077146639
86.9102365240325980	0.0169784566745976
87.0091459180462579	0.0181440656659258
87.1235703744909671	0.0195270068832496
87.2507934732088728	0.0211037099235305
87.3868403952905339	0.0228292436253882
87.5461545740548104	0.0248954357147276
87.7300389982940203	0.0273301976270738
87.9521207170282224	0.0303243648672874
88.2345535756195858	0.0342624097616072
89.0863442948036806	0.0460462060855154
90.0640685583535259	0.0597764844814757
90.8138773836197544	0.0701177570340813
91.5904513402798841	0.0806922008885346
92.3946747951284948	0.0914864739461778
93.2590927986514089	0.1029085601988776
94.1662151272960415	0.1146912828347797
95.1053329499277851	0.1266621437641213
96.1045875418172386	0.1391480762448072
97.1410194959396591	0.1518174607421789
98.1903510019895407	0.1643445245116038
99.2960468670054723	0.1772126896369557
