0.0000000000000000	0.0000000000000000
0.0000666666666667	0.0000020000000000
0.0008855237904723	0.0000132828568571
0.0019870965172603	0.0000264464069227
0.0031902750063239	0.0000385505558256
0.0045184744318412	0.0000496096885174
0.0060014584858241	0.0000596190701355
0.0076812940270018	0.0000685728748619
0.0096203313525182	0.0000764636801871
0.0119170299165918	0.0000832816861541
0.0147412918980639	0.0000890133117495
0.0184282967140115	0.0000936383731698
0.0238092325551503	0.0000971233636406
0.0336971163427092	0.0001002094879375
0.0336971163437092	0.0000994084251589
0.0420386011610715	0.0001002127499965
0.2261689131000083	0.0000997632687836
0.2385520596276112	0.0000998189112596
0.2504962741328076	0.0001011476628828
0.2504962741328076	0.0000998334820168
0.2624825602179592	0.0001022062280700
0.2694371658469027	0.0001013262627543
0.2809687470340022	0.0000993411292142
0.2882472519034883	0.0001005328633058
0.4652223123795123	0.0001010837674295
0.4818287992863362	0.0001008690559269
0.8467815298790561	0.0001019254446868
0.8575795056290781	0.0001023966267306
0.8575795056290781	0.0001008740918756
0.8697952736059525	0.0001035688465114
0.8738085240143517	0.0001024156191786
0.8882865592733630	0.0001024800497476
0.9003227760978816	0.0001025029050282
0.9123120151888977	0.0001025257906656
0.9242919918166584	0.0001012289111369
0.9242919918166584	0.0001025491185720
0.9362795472783668	0.0001012522546261
0.9362795472783668	0.0001025721499845
0.9482553591576162	0.0001012758756542
0.9482553591576162	0.0001025963505719
0.9602288157606639	0.0001012997094912
0.9602288157606639	0.0001026207626611
0.9721999199191325	0.0001013237506911
0.9721999199191325	0.0001015699088921
0.9857441957389553	0.0001011432555410
0.9974306500450647	0.0001011334273045
1.0094139609132515	0.0001011523839355
1.0214024104234678	0.0001011714884194
1.0333943654237119	0.0001011909229634
1.0453864312062278	0.0001012103320624
1.0573785393867812	0.0001012297123631
1.0693706521091579	0.0001012490599374
1.0813627683612306	0.0001025971376868
1.0813627683612306	0.0001012659223112
1.0933454305588133	0.0001035554662525
1.1006045341543522	0.0001027633793286
1.1118321710096419	0.0001007563884729
1.1191308877092494	0.0001019746135712
1.2970237666169182	0.0001024704040734
1.3142426505275495	0.0001022652014546
2.2567936126737638	0.0001036723383477
2.5964256611830456	0.0001044505879007
2.6122129919839945	0.0001043443392851
2.7356394750836905	0.0001045927658732
3.3992240929152095	0.0001056211627817
3.3992240929152095	0.0001054958797989
3.8685411203628379	0.0001048025278744
3.8685411203628379	0.0001048025278744
3.8771803348574290	0.0001054526651648
3.8771803348574290	0.0001061564147549
4.4299186662421279	0.0001052084352685
4.4299186662421279	0.0001052084352685
4.4361060584162200	0.0001066018418713
4.5826665363756600	0.0001046848916821
4.5896839155749518	0.0001067522977131
5.0335643776774734	0.0001071659299784
5.0575435198287337	0.0001079836575791
5.0575435198287337	0.0001066542437691
5.0692235834813486	0.0001091602213727
5.0764721600608320	0.0001082661997820
5.0877025591528566	0.0001061963386667
5.0953752060951416	0.0001073852303852
5.2839378208040202	0.0001078164019442
5.3017908382534156	0.0001075956933508
6.4535146848865841	0.0001091996932579
6.4693157538376731	0.0001096083517337
6.4693157538376731	0.0001083832248773
6.4765431087043472	0.0001091100014853
7.3676347799120467	0.0001099248636640
8.0784571610402995	0.0001103978620261
9.3010126432200053	0.0001113506534426
10.1489079182161923	0.0001116557467931
11.0458526521491205	0.0001119557390121
11.0458526521491205	0.0001109794181792
11.0590380821338723	0.0001110538118707
11.0590380821338723	0.0001110538118707
11.0736117799227678	0.0001110495776240
11.0736117799227678	0.0001110495776240
11.0901529701759056	0.0001110403372589
11.0901529701759056	0.0001110403372589
11.1047983404755417	0.0001110279909140
11.1047983404755417	0.0001110279909140
11.1182117613804650	0.0001110189885063
11.1182117613804650	0.0001110189885063
11.1326216868360834	0.0001110056075632
11.1326216868360834	0.0001110056075632
11.1480948550666348	0.0001109904010674
11.1480948550666348	0.0001109904010674
11.1616366066516637	0.0001109779231979
11.1616366066516637	0.0001109779231979
11.1765237387971510	0.0001109607565807
11.1765237387971510	0.0001109607565807
11.1907008839101412	0.0001109444691511
11.1907008839101412	0.0001109444691511
11.2050714430862399	0.0001109265573121
11.2050714430862399	0.0001109265573121
11.2202364230648097	0.0001109064441125
11.2202364230648097	0.0001109064441125
11.2354849533888235	0.0001108850063032
11.2354849533888235	0.0001108850063032
11.2510773964417581	0.0001108618382576
11.2510773964417581	0.0001108618382576
11.2648639523052783	0.0001108408485516
11.2648639523052783	0.0001108408485516
11.2807060918486783	0.0001108152078836
11.2807060918486783	0.0001108152078836
11.2953652293198274	0.0001107891689669
11.2953652293198274	0.0001107891689669
11.3117165356454272	0.0001107606145102
11.3117165356454272	0.0001107606145102
11.3252857406943583	0.0001107359683829
11.3252857406943583	0.0001107359683829
11.3334566052191423	0.0001112753342996
11.3334566052201424	0.0001110256663262
11.3632180632890982	0.0001112619890436
12.0331424432266676	0.0001107078923680
12.0503145089777988	0.0001107757848946
12.3485672108328153	0.0001098791874466
12.3611876369549574	0.0001101587158470
12.5966509738348353	0.0001090625985190
12.6074571663158022	0.0001094349910065
12.7892919122614828	0.0001082096509010
12.7990243598063582	0.0001086396931506
12.9427285219429233	0.0001073090152297
12.9517272545725675	0.0001077754861261
13.0668530847671747	0.0001063573916942
13.0752992361740201	0.0001068424364278
13.1733446082290300	0.0001053055630583
13.1813544540498508	0.0001057954034799
13.2681033643105728	0.0001041093661435
13.2757534685456395	0.0001045843340889
13.3774257875441798	0.0001023331503991
13.3847974328077566	0.0001028164019528
13.4526906508340094	0.0001008245049112
13.4598253575509794	0.0001012965155602
13.5517125970836325	0.0000985719581382
13.5587128349072721	0.0000990675410377
13.8014302834051907	0.0000926438008321
13.8067104331664563	0.0000933405776035
13.8259247518634520	0.0000932278742798
13.9750834898010332	0.0000904188938492
14.1351693595392334	0.0000877665306607
14.1351693595392334	0.0000880779016484
14.3296814840627711	0.0000868629831759
14.3296814840627711	0.0000868629831759
14.3353922611394839	0.0000856604470601
14.3353922611404840	0.0000862323191727
14.3453656250773847	0.0000855584414436
14.4956194312962641	0.0000839159226774
14.4956194312962641	0.0000841764033793
14.5083495777637950	0.0000840711309854
14.5083495777647951	0.0000844830754004
14.5219421237950037	0.0000839597758859
14.6890777782936066	0.0000824888193466
14.6890777782936066	0.0000827391880172
14.7020493381899922	0.0000826547870232
14.7020493381909922	0.0000829168524386
14.7230595434138998	0.0000825197911893
14.9019645354920964	0.0000812700226683
14.9019645354920964	0.0000815103720817
15.0804352494760856	0.0000817424055950
15.0804352494760856	0.0000817424055950
15.0879073198919880	0.0000812724351329
15.0879073198919880	0.0000806759023864
15.3048632480615385	0.0000813914211731
15.3048632480615385	0.0000813914211731
15.3101903428043826	0.0000799073263810
15.3101903428053827	0.0000806413725393
15.3174451159066933	0.0000798857235266
15.5592034155574694	0.0000790606887480
15.5592034155574694	0.0000792815601956
15.5718140328600700	0.0000792554615641
15.5718140328610701	0.0000798688147444
15.5804266530142410	0.0000792379072552
15.8607755034106983	0.0000785640769201
15.8607755034106983	0.0000787784603344
15.8729109795344954	0.0000787630438577
15.8791919940296395	0.0000787552337867
15.8791919940306396	0.0000792543399406
15.8897097639380096	0.0000787421404741
16.2025022349152579	0.0000782515365289
16.2025022349152579	0.0000784601092584
16.5821891707001363	0.0000796203491359
16.5821891707001363	0.0000796203491359
16.5886993677355363	0.0000790155104958
16.5886993677355363	0.0000783329140325
17.1723228700943409	0.0000799684867807
17.1723228700943409	0.0000799684867807
17.1783462735280388	0.0000792355056206
17.1783462735280388	0.0000784640284557
17.5922166703812586	0.0000787295618836
17.5922166703822569	0.0000793768787852
17.6003256412750630	0.0000787352068494
18.2381817037407714	0.0000798289740336
18.2459322685121883	0.0000792355386403
18.7759506101766789	0.0000803978320840
18.7836580615880706	0.0000797664170535
19.0381698215622173	0.0000800360761127
19.4916761835369634	0.0000805353651305
20.7992646786797906	0.0000829769541181
20.8049239216896389	0.0000820020577185
20.9932380758685078	0.0000832047153201
20.9986984636514826	0.0000822530682275
21.6923548003392597	0.0000840568536860
21.6979738374197382	0.0000837216506914
21.7090325897752443	0.0000838075396237
21.7212773415304277	0.0000838000675877
21.7332471955507067	0.0000838149619346
21.7451299039855606	0.0000838375871850
21.7571055099756450	0.0000838520275027
21.7690747977252705	0.0000838668803292
21.7810429230812233	0.0000838818369812
21.7930111273241423	0.0000838967917343
21.8049793455382996	0.0000839117486955
21.8169475635984291	0.0000839267090778
21.8289157822601076	0.0000839416728284
21.8408840016079147	0.0000839566399566
21.8528522216110801	0.0000839716104579
21.8648204422410757	0.0000839865843298
21.8767886634480497	0.0000840015615810
21.8887568853001930	0.0000840165422057
21.9007251077455329	0.0000840315262147
21.9126933308136813	0.0000840465135994
21.9246615716276203	0.0000840615014412
21.9366297959376055	0.0000840764974423
21.9485980438815709	0.0000840914908549
21.9605662700292896	0.0000841064891298
21.9725344960384987	0.0000841214906161
21.9845027229046615	0.0000841364952037
21.9964709503968727	0.0000841515029300
22.0084391785619928	0.0000841665137781
22.0204074073459743	0.0000841815277662
22.0323756368003600	0.0000841965448766
22.0443438668423575	0.0000842115651278
22.0563120975167628	0.0000842265885009
22.0682803288093012	0.0000842416150122
22.0802485607099506	0.0000842566446506
22.0922167932368971	0.0000842716774300
22.1041850264006428	0.0000842867133392
22.1161532601890691	0.0000843017523815
22.1281215072078759	0.0000843167911455
22.1399847002938834	0.0000843442148145
22.1519679481167806	0.0000843619348210
22.1639507211436033	0.0000843795842917
22.1759299407364239	0.0000843975332442
22.1879070014693163	0.0000844156707899
22.1998819320543497	0.0000844339934444
22.2118545250375448	0.0000844525195625
22.2238251523624513	0.0000844712168500
22.2357936512378451	0.0000844900996292
22.2477600039649985	0.0000845091697703
22.2597242134966891	0.0000845284273052
22.2716860890714692	0.0000845478892928
22.2836460029024224	0.0000845675233372
22.2956037920317449	0.0000845873438209
22.3075594387483385	0.0000846073526357
22.3195129459605930	0.0000846275498146
22.3314641231010960	0.0000846479524713
22.3434133422206642	0.0000846685281497
22.3553604403360389	0.0000846892912758
22.3673053999035822	0.0000847102437492
22.3794388490104801	0.0000841786880151
22.8062986511005406	0.0000845708318770
23.1725650969464567	0.0000856068651208
23.1847792727239010	0.0000856258354069
23.1963184621655216	0.0000856806017656
23.2082995831667347	0.0000856990747332
23.2202857079000360	0.0000857167176489
23.2322649313183867	0.0000857349358733
23.2442419664598141	0.0000857533508270
23.2562166124884619	0.0000857719760651
23.2681894000680032	0.0000857907653470
23.2801600606437660	0.0000858097419658
23.2921282756424581	0.0000858289342802
23.3040946344752768	0.0000858482912123
23.3160588695581659	0.0000858678359606
23.3280206615717987	0.0000858875969860
23.3399805999276708	0.0000859075231525
23.3519384169945958	0.0000859276376946
23.3638937942074740	0.0000859479685010
23.3758474060845387	0.0000859684514921
23.3877988940321764	0.0000859891235072
23.3997479433290252	0.0000860100129135
23.4116951450812216	0.0000860310682892
23.4236402316227199	0.0000860523129605
23.4355893060566274	0.0000855061320296
23.8964072238730765	0.0000860566900385
24.5571377632662724	0.0000868580051849
24.9602739456935261	0.0000876779731857
24.9765895214869396	0.0000873845886955
25.5287374320228935	0.0000884279400454
25.5438904712026016	0.0000880975953441
26.0991348974935207	0.0000891843809815
26.1135119838715219	0.0000888238409661
26.5291641050719242	0.0000897657374489
26.5425129643727225	0.0000893851869280
28.4302487705015245	0.0000922951616839
28.4460895817641308	0.0000918718813626
28.5258260056521742	0.0000924286814561
28.5372988552037086	0.0000920680167204
29.0925872468893267	0.0000928381510232
32.1805733436758956	0.0000969215102212
32.9267274936675136	0.0000989023817971
32.9333238776049910	0.0000979324197660
33.4552140315874382	0.0000996341235563
33.4618232301371492	0.0000986649980272
34.0781951342261422	0.0000994193743454
35.5314773180281378	0.0001013200874824
35.7029902541283093	0.0001015528290157
35.8730989247004644	0.0001018717919093
35.9067128008185676	0.0001018659162011
36.2220116545023600	0.0001021860925627
36.3325753573150436	0.0001024270853288
36.3325753573150436	0.0001022021697329
38.6031887039955706	0.0001051240395563
39.7656275193288238	0.0001065328342383
40.1188375524239262	0.0001054079045520
40.1233390901555893	0.0001068687148201
40.8943803668400818	0.0001075454372925
42.6655484224460011	0.0001094029154685
43.7286337018497520	0.0001101266632625
44.6674064546754011	0.0001108845275900
44.6674064546754011	0.0001107730576776
44.7450946230431370	0.0001108322965502
45.1183372630137214	0.0001111949501532
45.1183372630137214	0.0001109877494653
45.1850886636703137	0.0001093672051300
45.1850886636703137	0.0001093672051300
45.1935431739793074	0.0001101189828038
45.1935431739793074	0.0001108994456742
46.4877906777004100	0.0001095525528650
46.4877906777004100	0.0001095525528650
46.4968736614384710	0.0001102794283208
46.4968736614384710	0.0001102794283208
46.5101956844912863	0.0001104836529701
46.5101956844912863	0.0001104836529701
46.5239058774910887	0.0001104773332339
46.5239058774910887	0.0001104773332339
46.5395828055815031	0.0001104565187649
46.5395828055815031	0.0001104565187649
46.5536564645994630	0.0001104362337553
46.5536564645994630	0.0001104362337553
46.5674808818582946	0.0001104157347504
46.5674808818582946	0.0001104157347504
46.5834646356087703	0.0001103912081085
46.5834646356087703	0.0001103912081085
46.5986766233296095	0.0001103659300803
46.5986766233296095	0.0001103659300803
46.6139267321254636	0.0001103398248505
46.6139267321254636	0.0001103398248505
46.6293166671526791	0.0001103120485685
46.6293166671526791	0.0001103120485685
46.6453321278735444	0.0001102830108674
46.6453321278735444	0.0001102830108674
46.6615246436407602	0.0001103147314498
46.6615246436407602	0.0001108184675528
47.4124236805575237	0.0001090936275566
47.4171690422692507	0.0001079923533736
47.4238200235568002	0.0001104353403648
47.7532194192577961	0.0001098106717512
47.7709918772122535	0.0001098690985093
48.0403220936688342	0.0001089132236101
48.0530129282458631	0.0001091711233073
48.2611557042227943	0.0001080360660946
48.2719220586840621	0.0001083920143887
48.4331080845113107	0.0001071367646315
48.4427589351154353	0.0001075517874136
48.5727313713535551	0.0001061845178393
48.5816265576773034	0.0001066355807551
48.6888450472535794	0.0001051619217031
48.6971753906742819	0.0001056301144181
48.7916282128473355	0.0001040042764519
48.7995162381500975	0.0001044751435047
48.8891284868845801	0.0001026127342601
48.8966903067537046	0.0001030931839120
48.9332846069656426	0.0001025560250025
48.9376365356040068	0.0001003045961900
48.9444118669199142	0.0001022579221987
49.0366867943394880	0.0001004678720031
49.1614823596100763	0.0000970232153299
49.1686070545056211	0.0000975532533071
49.3673779375184196	0.0000932401982703
49.4409060090237915	0.0000918863790405
49.5517972797662836	0.0000896315235247
49.5517972797662836	0.0000899814215041
49.7260856545257326	0.0000888618432336
49.7260856545257326	0.0000888618432336
49.7331024168504285	0.0000881125122322
49.7331024168504285	0.0000873940878141
49.8761371210901316	0.0000873159947804
49.8761371210901316	0.0000873159947804
49.8818525750866115	0.0000857081105131
50.0056659759061901	0.0000843449571407
50.0056659759061901	0.0000845311124169
50.0194721993343236	0.0000844110485487
50.0194721993353255	0.0000850386836647
50.0284299148111060	0.0000843341134776
50.1966429203732076	0.0000827839580634
50.1966429203732076	0.0000830374680776
50.2098548319353313	0.0000829467961669
50.2098548319363331	0.0000834213846966
50.2214973748806273	0.0000828677842549
50.4036355955112043	0.0000815291870359
50.4036355955112043	0.0000817724759820
50.6214852546238134	0.0000819474848677
50.6214852546238134	0.0000819474848677
50.6268682708706166	0.0000807293712336
50.8122934104016721	0.0000798890556484
50.8122934104016721	0.0000800631571515
50.8258245351437736	0.0000800206519229
50.8258245351447755	0.0000804338569883
50.8387301863766083	0.0000799806607269
51.0818135048981574	0.0000791262694715
51.0818135048981574	0.0000793476868991
51.0870269586251737	0.0000793364254618
51.0870269586261756	0.0000796282855994
51.1051420364513831	0.0000792971508819
51.3673402769004568	0.0000786280998791
51.3673402769004568	0.0000788430538908
51.6913166711532810	0.0000795738470836
51.6913166711532810	0.0000795738470836
51.6984802512254689	0.0000791075111360
51.6984802512254689	0.0000785012121158
52.0526418686925112	0.0000798497221497
52.0526418686925112	0.0000798497221497
52.0578649330970364	0.0000783473714060
52.0578649330980383	0.0000790980737295
52.0648224691013368	0.0000783461107458
52.6079423471630179	0.0000809974511788
52.6123396099148053	0.0000789443837247
52.6234741634020935	0.0000780638262876
52.6280073633905019	0.0000784209374097
52.8193375782729078	0.0000784773888467
53.0570449173992458	0.0000795222212301
53.0621792473320113	0.0000786486686399
53.1000945349664235	0.0000786735624370
53.7022782741256819	0.0000791523579419
54.6343429194175201	0.0000809087017523
54.6398461001482403	0.0000800943163995
56.6034931752755170	0.0000831592383213
56.6090191787289925	0.0000823861101934
57.6917885950465674	0.0000836994822060
57.9101235997275481	0.0000839738434721
58.1331575422792426	0.0000851709314785
58.1391467389296110	0.0000842836629753
59.4208377558419443	0.0000859115997322
59.5799127483788240	0.0000861226748668
59.7436777626003774	0.0000872584953252
59.7497659527282750	0.0000863791420884
61.2290862975760746	0.0000882914904955
63.1525649799711744	0.0000907773333461
63.2332324454768795	0.0000908862094859
63.3123281337090376	0.0000910702467096
64.0546019743807733	0.0000920646804338
64.9434014568763160	0.0000932446552075
65.2347963309048424	0.0000965661340091
65.2369218208158799	0.0000936600675956
65.8340903051485071	0.0000944818335094
66.2677749028902952	0.0000950106021764
66.5247893411310827	0.0000943617479067
66.5247893411310827	0.0000953285568964
66.5519962340733855	0.0000953642605259
68.7772487679919777	0.0000984131995838
68.7772487679919777	0.0000983037690178
69.0821548234365821	0.0000969161144188
69.0821548234365821	0.0000969161144188
69.0893702219152317	0.0000977471613004
69.0893702219152317	0.0000985847515897
70.0006552450179100	0.0000997815224024
70.3323590211249723	0.0001013653586798
70.3381349825747435	0.0001002502310328
71.7387252708194154	0.0001021829539263
72.0608790660678409	0.0001025064906108
72.1907173181660511	0.0001027176865538
72.8718400505904214	0.0001034276750703
74.8073006650646022	0.0001058776538263
75.3952362240056146	0.0001063820433690
75.4637721649539372	0.0001070087240909
75.4637721649539372	0.0001066371162021
76.1047608978802828	0.0001061876713118
76.1047608978802828	0.0001061876713118
76.1141220512206473	0.0001067273581643
76.1141220512206473	0.0001073674308667
77.0844285412842396	0.0001068098022259
77.0844285412842396	0.0001068098022259
77.0929414656829124	0.0001075136758692
77.0929414656829124	0.0001082555571062
78.2013464199565931	0.0001093569423371
78.3986370952434299	0.0001084066655344
78.4059127261337636	0.0001094040544978
79.7525316886835469	0.0001105409310619
80.6875606045677358	0.0001108812950230
81.9842939358265284	0.0001114436499425
81.9842939358265284	0.0001119137917313
81.9963653517017406	0.0001086131703727
82.0028729344150520	0.0001117831247937
82.0033246244438487	0.0001117979222337
82.0058062414526887	0.0001095221244831
82.0142382874026055	0.0001118002536509
82.0256388341824731	0.0001118602711979
82.0377621468905005	0.0001096524309869
82.0464019466658385	0.0001117773380284
82.0579262653150892	0.0001118220091501
82.0700677251769122	0.0001096566431350
82.0788388759238217	0.0001117219349337
82.0902408876880543	0.0001117795346483
82.1023871281679192	0.0001096494595174
82.1112627978800163	0.0001116672521903
82.1225744425983919	0.0001117342173180
82.1347255230544135	0.0001096321576752
82.1436850338277225	0.0001116120042108
82.1549260154755387	0.0001116861952754
82.1670826970833730	0.0001096068875547
82.1761111283188939	0.0001115555999958
82.1872961336494257	0.0001116354075685
82.1990512797317479	0.0001110438013321
82.4603571038758787	0.0001109639685751
82.6526056878951891	0.0001107696905733
83.0616349668560474	0.0001101069885483
83.0767994473232960	0.0001102900056099
83.3776263329469884	0.0001093939806697
83.3896284033571646	0.0001097104289787
83.6632155392565551	0.0001085314840711
83.6737007239031954	0.0001089303228640
83.8662733446587225	0.0001076786921904
83.8758058113287035	0.0001081285667941
84.0263585361232543	0.0001067813971573
84.0352188818752381	0.0001072635376504
84.1568943133314349	0.0001058234400381
84.1652392142627832	0.0001063220477619
84.2683676926137224	0.0001047659427832
84.2763013253611035	0.0001052685185431
84.3670922647744845	0.0001035673142628
84.3746849058999970	0.0001040556015303
84.4804882143711779	0.0001017892575041
84.4877935829395739	0.0001022691587038
84.5838191810137658	0.0000997557530392
84.5909115607463633	0.0001002384618199
84.7245435857494584	0.0000965759989240
84.7315453457425320	0.0000971247290991
84.9037334624357669	0.0000934178417797
85.0004929242012253	0.0000915227324920
85.0761482516896592	0.0000899679811255
85.0761482516896592	0.0000902716207248
85.2889601196712022	0.0000886894717907
85.2889601196712022	0.0000886894717907
85.2947732561746079	0.0000871656814608
85.4117823169606964	0.0000856603508072
85.4117823169606964	0.0000858488405643
85.4274621191173082	0.0000856870007680
85.4344371788513257	0.0000856161446364
85.4344371788523205	0.0000861872155247
85.4444198353598097	0.0000855146874518
85.5945758490919815	0.0000838832900121
85.5945758490919815	0.0000841434755833
85.7812114226315572	0.0000840194871980
85.7812114226315572	0.0000840194871980
85.7867270183645871	0.0000827238673338
85.9365432727973513	0.0000816458985229
85.9365432727973513	0.0000818294742040
85.9524497985835438	0.0000817441077781
85.9598426555186137	0.0000817050535267
85.9598426555196085	0.0000822358299090
85.9700980354913185	0.0000816508237820
86.1652010196241065	0.0000805156335018
86.1652010196241065	0.0000807503809061
86.4045557593585301	0.0000811818869347
86.4045557593585301	0.0000811818869347
86.4112440395844175	0.0000805691566169
86.4112440395844175	0.0000798936475282
86.6605473931032719	0.0000808269753565
86.6605473931032719	0.0000808269753565
86.6658314095393223	0.0000792616782825
86.6658314095403171	0.0000800388135292
86.6726293429186683	0.0000792476467096
86.9438805381031870	0.0000785834446783
86.9438805381031870	0.0000787981047602
86.9539890190531111	0.0000787849977586
86.9594943619795799	0.0000787779586911
86.9644219902406519	0.0000787716705411
86.9670044192812384	0.0000794309406296
86.9749287091878074	0.0000787582697933
87.2802724079370904	0.0000782661564017
87.2802724079370904	0.0000784751175349
87.6574120463180151	0.0000797889966455
87.6574120463180151	0.0000797889966455
87.6626345283360848	0.0000783387284725
87.6626345283370796	0.0000790635873027
87.6698394416942222	0.0000783379638401
88.2298068482478044	0.0000810028859433
88.2342021571789701	0.0000789459222631
88.2449291410570709	0.0000780945347931
88.2494732117304892	0.0000784526012930
88.4608148964789791	0.0000785269462575
88.6886259991033512	0.0000795852478045
88.6937470894186504	0.0000787077319700
88.7455125170675103	0.0000787439783210
89.3627391767505657	0.0000792591207082
90.3594200269268839	0.0000811048140330
90.3649349491569893	0.0000802928262953
91.1767562884707701	0.0000821193224619
91.1825562542942407	0.0000812265145693
92.1075773661638664	0.0000823085406686
92.3943842437710288	0.0000826543994742
92.6876558578465506	0.0000839261280921
92.6935746493206665	0.0000830315434015
93.6221543180329547	0.0000870986339668
93.6268314281009282	0.0000843718541474
94.1555282927531607	0.0000850152448923
94.7129978641370514	0.0000857059035704
95.1311720665930096	0.0000866510046153
95.1440223106681344	0.0000862559517825
95.7441723231852535	0.0000874610871995
95.7566515804241334	0.0000870403468060
96.2691279673483109	0.0000881627484501
96.2812079343482026	0.0000877249499908
96.7859694041786014	0.0000888657795876
96.7975665044415905	0.0000884099504370
98.1373676202882166	0.0000901439751094
98.2926766986195730	0.0000903534956932
98.4493367814762195	0.0000910659334833
98.4604004740102994	0.0000906149290743
99.3792007404553743	0.0000917786539688
99.5944853643436545	0.0000921626572026
99.5944853643436545	0.0000919669859470
