0.0000000000000000	3.0000000000000000
0.0001036946065368	2.9999400002999996
0.0002097159537338	2.9999090669471720
0.0003154376389068	2.9997580741543302
0.0004232662228943	2.9995438162845587
0.0005322460294033	2.9992667513404458
0.0006424687225013	2.9989259363759651
0.0007538913417741	2.9985208126460741
0.0008666289153533	2.9980499144508777
0.0009805079441491	2.9975136291071358
0.0010959024698153	2.9969095174185805
0.0012118520606866	2.9961824322578803
0.0013304297852065	2.9954998109762458
0.0014485449036629	2.9946997924478431
0.0015692649507649	2.9938218342350229
0.0016895142632008	2.9928281771166270
0.0018144946235800	2.9918574230981116
0.0019390831266073	2.9907691461359520
0.0020659273295810	2.9895408586818433
0.0021968670476416	2.9883329154923213
0.0023260833214046	2.9870209340479610
0.0024584835875929	2.9856160286224664
0.0025930396883901	2.9840681398325368
0.0027303259170139	2.9825480633995336
0.0028671183098245	2.9809135572494663
0.0030058364808415	2.9791371897364702
0.0031497490170232	2.9772957535519247
0.0032952392682282	2.9754315736944950
0.0034424998018464	2.9734230694418025
0.0035890302695710	2.9713062588646544
0.0037350922841349	2.9691990558102610
0.0038916666101338	2.9669395169360455
0.0040470490249780	2.9645774153546740
0.0042102136505560	2.9620350722860600
0.0043750314019309	2.9593457152236415
0.0045344716408849	2.9567450048056978
0.0047002583706898	2.9539831354825488
0.0048713739118610	2.9510737768568083
0.0050514639802065	2.9479503437946502
0.0052328077978518	2.9447427543045932
0.0054127860758514	2.9415008538043126
0.0056041827952901	2.9379927856570074
0.0057954099571493	2.9344279728807585
0.0059903708653160	2.9307344300697875
0.0061860956416606	2.9269706858496005
0.0063888763560037	2.9230146837056226
0.0066052968891091	2.9187332230078491
0.0068075981970881	2.9146779659558089
0.0070159419898946	2.9104510955323315
0.0072627296794052	2.9054410379901285
0.0074996360848511	2.9005158158048028
0.0077618654248175	2.8950013345466488
0.0080368058386899	2.8890976788307769
0.0083209504107363	2.8829936075327289
0.0086196832495610	2.8765703694734270
0.0089257061249846	2.8698133344870254
0.0092218103966301	2.8633381630218673
0.0095499229467352	2.8559896562732527
0.0099489939480793	2.8470591149911519
0.0103948162659670	2.8370728422216347
0.0107996882171455	2.8278439701789808
0.0114847266674120	2.8122545446613305
0.0122945206874830	2.7938163507703528
0.0134884226530759	2.7665034871383942
0.0140128162453589	2.7546368663318339
0.0145529191770998	2.7423476873167658
0.0151018167242747	2.7300365867743763
0.0155423944505005	2.7201067874319156
0.0160478543597535	2.7089003245496350
0.0164347854245304	2.7002786995618253
0.0167958572159330	2.6923284526436619
0.0171602744830555	2.6843488237470798
0.0175389296378870	2.6761088391001402
0.0178942967521516	2.6684260690105472
0.0183779689686533	2.6580462093648087
0.0187628094967195	2.6498549103768858
0.0192033053014440	2.6405547469143009
0.0195591239290247	2.6331004061936003
0.0198951435542275	2.6261108333999750
0.0202213186571388	2.6193729883848458
0.0205550819602938	2.6125266492504120
0.0208769871701602	2.6059711975540174
0.0212481022036141	2.5984731997043871
0.0215874973594429	2.5916717515881085
0.0219507736608973	2.5844469153034004
0.0222764624047768	2.5780223647629184
0.0226497814331269	2.5707190281170016
0.0230007729018215	2.5639138778521664
0.0234191210882834	2.5558739774017694
0.0237864870012573	2.5488828445792988
0.0240973230637258	2.5430175473746806
0.0244308440001141	2.5367742001050995
0.0247986943016976	2.5299489943274511
0.0251725052505258	2.5230783618369639
0.0255087066265338	2.5169554679698680
0.0258360038267341	2.5110442631756338
0.0261572957015707	2.5052895469062251
0.0264839247483370	2.4994883268951065
0.0268203591451321	2.4935660550591314
0.0271953655106621	2.4870264677317100
0.0275153348744426	2.4814981974141594
0.0278342834308288	2.4760329517636657
0.0281470688731783	2.4707195212782405
0.0284626351820645	2.4654032195722393
0.0287815732199473	2.4600758091692030
0.0291020116763680	2.4547694421534278
0.0294122146505977	2.4496781922869788
0.0297661845273732	2.4439192544211807
0.0301075994927347	2.4384160003793225
0.0304596220968655	2.4327950973715482
0.0308341798296149	2.4268728841062814
0.0311761589491663	2.4215183614112621
0.0315092396885835	2.4163522550307470
0.0318492931180245	2.4111268712125273
0.0321659456503603	2.4063054519679627
0.0325001317942379	2.4012620033121723
0.0328432766241646	2.3961316193289592
0.0331818855502504	2.3911175318949636
0.0335557328694152	2.3856357157603640
0.0338830605645417	2.3808828780332614
0.0342293872881347	2.3759020762232708
0.0346668815970747	2.3696762753542471
0.0350685112259028	2.3640276237488633
0.0354069631811723	2.3593159686948928
0.0357553342599576	2.3545122099280134
0.0361078334357185	2.3496998701025524
0.0364840256593511	2.3446145124339366
0.0368836780321041	2.3392693152408137
0.0372553243988885	2.3343522668137333
0.0375975700988263	2.3298702053617104
0.0379940534263462	2.3247309010992994
0.0384025854012918	2.3194943230224121
0.0387443821325091	2.3151588458917249
0.0391338299063178	2.3102690546801417
0.0394867107832766	2.3058831583759689
0.0398629007352604	2.3012545364922272
0.0402112282525367	2.2970116873072466
0.0405643791573801	2.2927514384851859
0.0409445409688248	2.2882124516195810
0.0413747816365074	2.2831324522903560
0.0417422670054263	2.2788424330252393
0.0420984079419523	2.2747261317520628
0.0424897992308921	2.2702483953927097
0.0428882100481014	2.2657397397569077
0.0432661759080806	2.2615078819675056
0.0436721055005123	2.2570124926119881
0.0441058617664206	2.2522633161826460
0.0445162897810160	2.2478220737908550
0.0449039663929998	2.2436728402159911
0.0452921494342308	2.2395620244309420
0.0456905772843200	2.2353891445588401
0.0461292028000346	2.2308464642194639
0.0465200135262925	2.2268446224336023
0.0469161101559794	2.2228320319993733
0.0473074244700764	2.2189106814575248
0.0477061124583430	2.2149581779800154
0.0481190596927548	2.2109086943225478
0.0485027468407781	2.2071882411395958
0.0489377794780714	2.2030149630658626
0.0493377401587697	2.1992224175655259
0.0497429970417301	2.1954215714781551
0.0501976402991022	2.1912052912655775
0.0506450406537094	2.1871061257704252
0.0510728815250408	2.1832326307167080
0.0515113648262191	2.1793094229541761
0.0519458416745612	2.1754667234633667
0.0523648396629672	2.1718029632295837
0.0527803228102327	2.1682111669407642
0.0532176606514757	2.1644733220348376
0.0536898425561351	2.1604861442029120
0.0541604115908778	2.1565618763692300
0.0546066608687092	2.1528856689281515
0.0550408132545340	2.1493518937104175
0.0554855465010625	2.1457729236614536
0.0559267067437284	2.1422642007140853
0.0563845645196228	2.1386659337533076
0.0568612608712748	2.1349654819365775
0.0573139248622461	2.1314945703333605
0.0577838721897016	2.1279346690005903
0.0582529178070646	2.1244244473857203
0.0587340432101479	2.1208683597726843
0.0591957324204366	2.1174983205475706
0.0596744981868060	2.1140462512328746
0.0601600105214470	2.1105896505182931
0.0606338618285136	2.1072581284538230
0.0611316400206374	2.1038020435605738
0.0616262631215679	2.1004123068596154
0.0621119034411972	2.0971258393357477
0.0626150041860339	2.0937644519617660
0.0631352022627794	2.0903348748522612
0.0636501136073409	2.0869851450089119
0.0641652915883694	2.0836776885467749
0.0646725197840101	2.0804644379936206
0.0651866115877478	2.0772500403734386
0.0656948887729871	2.0741138189754436
0.0662252182572410	2.0708841231033186
0.0667423075515217	2.0677773687361078
0.0672628604933747	2.0646909898700785
0.0677870727270990	2.0616242180106799
0.0683188698411692	2.0585551527244950
0.0688662530629034	2.0554389601768981
0.0694022497860769	2.0524292875734131
0.0699608025727839	2.0493362277394405
0.0705043717044464	2.0463680549525822
0.0710503448691923	2.0434275881293229
0.0716105363353124	2.0404522788337163
0.0721695427122006	2.0375250832241698
0.0727363650722187	2.0345987462100599
0.0733086545880226	2.0316861975110907
0.0738913594023557	2.0287628069799166
0.0744617681693280	2.0259423698019812
0.0750411277212786	2.0231188675390359
0.0756304484530159	2.0202885032257503
0.0762271816088139	2.0174646087125527
0.0768209821066474	2.0146960609201381
0.0774153065424853	2.0119661254536751
0.0780252203317703	2.0092064536426673
0.0786388618279732	2.0064715209719277
0.0792596703449487	2.0037467330896628
0.0798795629936433	2.0010679372611073
0.0804985126687666	1.9984341949229500
0.0811339758711520	1.9957710219719633
0.0817770701673635	1.9931185334421477
0.0823981691358127	1.9906365443656100
0.0830500343531413	1.9879906593839358
0.0836813306667413	1.9855068929926831
0.0843368665263719	1.9829686037086152
0.0849865553892727	1.9805327504718129
0.0856444075258442	1.9780255250893040
0.0862817392848546	1.9756737590768179
0.0869311923275723	1.9733545865540942
0.0876433660460622	1.9707697525770773
0.0882664277286699	1.9685814194227595
0.0889506563935565	1.9662558586176662
0.0896463387146691	1.9638504672603350
0.0903274145678129	1.9615743663406993
0.0910420931616662	1.9592264140884967
0.0917699651811230	1.9568772879468650
0.0925029807019500	1.9545529077864801
0.0932267041331464	1.9523371945438739
0.0939987133383919	1.9499347287022781
0.0947185816498760	1.9477720164979431
0.0954348233861179	1.9456970306632408
0.0962313342935463	1.9433478168720553
0.0969488984663046	1.9413071885543260
0.0976974156043947	1.9392545974489592
0.0984387136505825	1.9372194940280525
0.0991981948373224	1.9351720834916262
0.0999359179274592	1.9332199357487942
0.1006925228637608	1.9312534308137823
0.1014976337426904	1.9291613866190183
0.1022924108048451	1.9271749120121437
0.1030252823420494	1.9254157915387364
0.1038504642715188	1.9234275180289611
0.1046670854640351	1.9214619381759566
0.1054893658973623	1.9195607930436840
0.1063289368342593	1.9176969172521061
0.1072512370105966	1.9156111678721921
0.1080788698514497	1.9138155795268363
0.1088955161377684	1.9121173651840295
0.1098248811631482	1.9101422380898527
0.1106396382451876	1.9084821718669274
0.1114945988057856	1.9068132439009660
0.1124731937794071	1.9048628412620785
0.1133369703207665	1.9032152412917018
0.1142285241522081	1.9015891045239477
0.1151969767578372	1.8997816703290633
0.1160642799515344	1.8982341969083658
0.1169571644905991	1.8967128395912982
0.1179922272154929	1.8949079394133437
0.1188807951414946	1.8934278605531598
0.1199200192356427	1.8917372936921790
0.1209479604870819	1.8901090773488982
0.1220120349047874	1.8884667911483901
0.1230375731456982	1.8869241583212117
0.1240800877522881	1.8854322107224339
0.1251785279452482	1.8838253641795484
0.1261683260669343	1.8824492857382886
0.1271867279635270	1.8811063765007745
0.1282364024741291	1.8797179164945212
0.1293500642091738	1.8782464164896391
0.1302867326209552	1.8770736969638682
0.1313475603689182	1.8758161842944348
0.1325937583923613	1.8742975679607630
0.1335983460562351	1.8731396771866100
0.1347832062406286	1.8718494611056540
0.1359983664068725	1.8704891704005377
0.1369867626431571	1.8694470064881916
0.1382230240340860	1.8682156691447134
0.1395227366472192	1.8668842566344790
0.1407351666132440	1.8657183411127094
0.1419701984545936	1.8646057142442971
0.1432667965715802	1.8633989082350331
0.1444208644758952	1.8623914064975875
0.1457458576095913	1.8612718168089768
0.1471538893824643	1.8601254074094316
0.1484297073635029	1.8591589793601464
0.1500468199685240	1.8578932843995299
0.1513391879756987	1.8569527634270249
0.1526916549722444	1.8560397968417388
0.1542603706065475	1.8549414424870496
0.1556480211426468	1.8540417720216247
0.1572209580546649	1.8530616466309311
0.1587101552166175	1.8522085627180531
0.1603039427040159	1.8512908115296145
0.1619659376264440	1.8503412516258961
0.1633838215027171	1.8496003283582378
0.1652682302054781	1.8486568525267217
0.1669344607743048	1.8479009869473422
0.1687401850388913	1.8470442312723534
0.1702574967678578	1.8463910410568400
0.1720825883437307	1.8456423961818365
0.1739597037250286	1.8449491355736469
0.1760891708607313	1.8441274256276072
0.1777213420188785	1.8435651313345205
0.1797905009644021	1.8428875487195371
0.1818628537949048	1.8422488435834494
0.1839550018681425	1.8416471892591357
0.1860743024072945	1.8410765111156528
0.1883234568450248	1.8405120533797492
0.1904394897692860	1.8400170598751007
0.1926833872552815	1.8395314328169294
0.1952143404020608	1.8390224988270436
0.1975059287239297	1.8385991837451343
0.2000246049693725	1.8381743319901960
0.2027986384233373	1.8377481377188059
0.2056706771436314	1.8373506584300170
0.2086479097250270	1.8369820581739749
0.2113681444149134	1.8366824606543266
0.2145762024979306	1.8363715470566289
0.2181689843083422	1.8360676761547639
0.2213951590710786	1.8358365679062787
0.2249665451462763	1.8356234813148662
0.2283829266402636	1.8354577206461657
0.2322148513620809	1.8353086104376555
0.2366013330346987	1.8351788125527990
0.2405304778007434	1.8351035987047992
0.2455489513062776	1.8350371168032500
0.2510346702350307	1.8350155817598255
0.2510346702350307	1.8350155817598255
0.2557747912034776	1.8350366646970571
0.2620290984571114	1.8350950059589692
0.2674902084511236	1.8351859233828733
0.2763714778445676	1.8353822051930893
0.2862864014003512	1.8356396689749663
0.2993851717127379	1.8360417216954177
0.3170104216997730	1.8366602175152655
0.3367469149917302	1.8372947077721908
0.3496690588374701	1.8377563309073954
0.3616778855982440	1.8381168319971499
0.3798148340588000	1.8386776832885412
0.3861361616797427	1.8388500329432829
0.3949197731037070	1.8391070228367192
0.3957467832975854	1.8391299897036832
0.3957467832976354	1.8391299627175071
0.4106332094866035	1.8395240637476906
0.4423801892536617	1.8402767720907505
0.4714720487796245	1.8408779281533088
0.5035130397931454	1.8414450164378178
0.5291693744249322	1.8418810896719573
0.5484025467191865	1.8421736022051332
0.5595245442941068	1.8423054795614429
0.5899921938125935	1.8426553213381742
0.6047153340424565	1.8428618573701840
0.6231337819512015	1.8430352393283649
0.6467410510530589	1.8433336564119323
0.6596784926047145	1.8434629066501196
0.6834057834924768	1.8436438971538629
0.7087332657038004	1.8439231047976008
0.7214939157812105	1.8440163264099305
0.7373842055945783	1.8441389817723848
0.7450355964145826	1.8441927668042408
0.7602955563629656	1.8442635674383059
0.7698312101557955	1.8443603331767497
0.7937570133795632	1.8445307449824444
0.7951361631846995	1.8445404317518579
0.7951361631847494	1.8445386446353620
0.8509566499886637	1.8448032962364218
0.8708508034473694	1.8449241707095232
0.8921995384424989	1.8451104835087968
0.8995141930186376	1.8451431652306038
0.9243204670480415	1.8452207151875104
0.9445612980460131	1.8453020801095692
0.9529545331203662	1.8453496564786127
0.9534733505451597	1.8453530682744337
1.0147981186753163	1.8456269083040586
1.0203405403164170	1.8456495306263663
1.0835164303162965	1.8458871771859202
1.1174136479981636	1.8459970166542436
1.1605180165070514	1.8460924007648754
1.2794101107910250	1.8463615267125089
1.2860314183225086	1.8463942313472015
1.3314252123500532	1.8465054893851891
1.3314252123500532	1.8464742373189340
1.3388040293956711	1.8464874041573469
1.3388040293956711	1.8464874041573469
1.3580643898125717	1.8465388672416698
1.3870043081507908	1.8466287849653664
1.4488370639850565	1.8467159808652465
1.5183191181228071	1.8468458158757572
1.5952197044105767	1.8469195405599095
1.6220208670074070	1.8469527368637564
1.6329835311204437	1.8469200013938671
1.6391258063226664	1.8469385694135194
1.6491717326956483	1.8469742063093106
1.6662046890977893	1.8469994100627807
1.7139735747264642	1.8470430920677559
1.7274247116480521	1.8470767893905100
1.7616280340441284	1.8471394672623480
1.7616280340441284	1.8471393976914923
1.7876375592457814	1.8471262788092047
1.8095780544741122	1.8471847169387821
1.8162691551994998	1.8471901441055076
1.8162691551994998	1.8471901441055076
1.8632198056189295	1.8472174729679216
1.8745087398668654	1.8472241819971260
1.8745087398668654	1.8472241819971260
1.9026569354752088	1.8472650024267632
1.9180450164120095	1.8472680231340182
1.9633613885388461	1.8472780909273738
1.9633613885388461	1.8472780909273738
1.9858583740439022	1.8473147498500777
1.9953370025572628	1.8473181097670373
2.0006598503274118	1.8473188494903747
2.0186736497939268	1.8473452892251130
2.0312287071164574	1.8473361086547768
2.0312287071164574	1.8472953659254352
2.0532637211573110	1.8473466412377721
2.0532637211573110	1.8473301168108656
2.0602717087561042	1.8473377422164572
2.0602717087561042	1.8473377422164572
2.0893811686603736	1.8474120681001394
2.1014704117692169	1.8473963502258155
2.1014704117692169	1.8473594026682865
2.1412922679867341	1.8474213466537275
2.1447469671565487	1.8474176903894348
2.1659239950592104	1.8474302335505568
2.1659239950592104	1.8474246157556258
2.1922320128430068	1.8474573019512177
2.2052732184001362	1.8474498195990758
2.2052732184001362	1.8474905901391592
2.2118776689891808	1.8474892180277338
2.2118776689891808	1.8475010060817172
2.2365042441496774	1.8474825598698625
2.2365042441496774	1.8474910940128153
2.2557962667711089	1.8474815202260855
2.2803293622427292	1.8474480455641835
2.2803293622427292	1.8474301935806987
2.2959542993309272	1.8474999570778001
2.3384034321849967	1.8475320240843864
2.3774553882730465	1.8474946322825467
2.4016176769142179	1.8475757642127721
2.4116854768466611	1.8475784837790685
2.4264505725137466	1.8475893151571374
2.5000881838265023	1.8475343413369814
2.5070963384950478	1.8475740389197859
2.5923103494725761	1.8476120974819574
2.6358785598755170	1.8476456047547571
2.6499806021429073	1.8475911073937530
2.7207523787121883	1.8476800507070206
2.7417076756098959	1.8476586533388923
2.7722804301653108	1.8476912343773848
2.7722804301653108	1.8476902652731315
2.7858198374614025	1.8476863721354835
2.7982215684699256	1.8476996577013374
2.8242329666338861	1.8476887181375128
2.8242329666338861	1.8476856881995718
2.8394168349025208	1.8476787511469579
2.8550999361167881	1.8477001944041944
2.8550999361167881	1.8477179382372717
2.8687787468812953	1.8476839725968939
2.8703409094938084	1.8476459990052181
2.8767473724845622	1.8476515223485459
2.8767473724845622	1.8476515223485459
2.9219042216787461	1.8477015360010598
2.9473237760042750	1.8476843297849297
2.9473237760042750	1.8476861771083777
2.9590000393312694	1.8477093520245933
2.9590000393312694	1.8477403702979107
2.9704022033176876	1.8476794610537493
3.0070280172693100	1.8477560069820851
3.0528941207430504	1.8477005182644686
3.0528941207430504	1.8476821586172971
3.0814779505669030	1.8477236415440335
3.0885030379948315	1.8477417077761342
3.1027630784048834	1.8477764901690590
3.1027630784048834	1.8477931201552975
3.1142545860498756	1.8477332647676850
3.1194012742990860	1.8477412265047413
3.1194012742990860	1.8477412265047413
3.1378199176742885	1.8477978299888491
3.1525238893832794	1.8477798576785689
3.1525238893832794	1.8478001832553275
3.1608430672597234	1.8478115506295449
3.1892642542784895	1.8477407434581044
3.1973577001667279	1.8477527886827454
3.1973577001667279	1.8477527886827454
3.2140850991505094	1.8477677868385420
3.2336204131885369	1.8477556117185923
3.2336204131885369	1.8478120355839194
3.2733854793102375	1.8477359426082958
3.2869531312255589	1.8477880435617116
3.3007163087828695	1.8477652822130701
3.3007163087828695	1.8477486522961906
3.3227670851588322	1.8478102485854846
3.3474683400279419	1.8477929919476586
3.3474683400279419	1.8477746186330721
3.3661139107018498	1.8478395468950146
3.3853159378927549	1.8478283675016154
3.4086764898233897	1.8477737158516703
3.4113032917979127	1.8477714849759579
3.4312757764303647	1.8478087760675446
3.4459971502406317	1.8478291821470638
3.4556837190261720	1.8478069761030238
3.4819383599391784	1.8478344261581940
3.4968200417653539	1.8478312365809926
3.5219385564647214	1.8477950490133941
3.5361094660300187	1.8478316988716881
3.5640081310442873	1.8478163774312273
3.5640081310442873	1.8478160288388072
3.6046078370906116	1.8478349148625368
3.6046078370906116	1.8478145886973594
3.6385634355354060	1.8478606652420224
3.6713084651544734	1.8478153427137984
3.6713084651544734	1.8477987123840800
3.7034541127755958	1.8478925435225999
3.7236772751231690	1.8478614050380084
3.7424226474457845	1.8478891781764628
3.7657691090179481	1.8478676068272266
3.7833058598055369	1.8478528532044647
3.7833058598055369	1.8478824222529555
3.8067406644462407	1.8478578097395031
3.8238767871246591	1.8478351818523258
3.8499525685999449	1.8478577662822591
3.8629851611186488	1.8478684608680369
3.8629851611186488	1.8478469059453893
3.8703747070367354	1.8478425233829132
3.8703747070367354	1.8478425233829132
4.0064803688917259	1.8478879582421459
4.0252310920591787	1.8479060439677641
4.0418411192496375	1.8478677159249268
4.0495861251009124	1.8478727804081734
4.0495861251009124	1.8478727804081734
4.1039477602140053	1.8478981992014507
4.1039477602140053	1.8478778723466782
4.1446175329549213	1.8479368152883495
4.1496906303386822	1.8479238392923212
4.1633482161019009	1.8478723567587820
4.1812587195370741	1.8479209334158351
4.2038668014898652	1.8478739127988661
4.2218586673834118	1.8478959194418771
4.2470584836282486	1.8479436642092457
4.2953383619126280	1.8479040349484461
4.3071351753410569	1.8479249638026352
4.3301159724684757	1.8478736447835751
4.3711421349089905	1.8478993863167008
4.3839321963226219	1.8479519950583141
4.3953627030441620	1.8479154309682442
4.3953627030441620	1.8478999920861408
4.4268782099864614	1.8479362662786514
4.4268782099864614	1.8479159390159965
4.4359034473572914	1.8479150711376655
4.4359034473572914	1.8479150711376655
4.4779754928460287	1.8479163088857042
4.4794987188837094	1.8479324111357307
4.4978808612824661	1.8479651114499789
4.5077431240629435	1.8479184847278725
4.5195526684126683	1.8479381871162726
4.5195526684126683	1.8479548185330323
4.5359746508767547	1.8479149620230160
4.5359746508767547	1.8478977722182852
4.5523280652438078	1.8479227516006684
4.5581524625987324	1.8479576832434059
4.6470547943508720	1.8478990384374472
4.6470547943508720	1.8478810829978320
4.6707100492809372	1.8479504675201317
4.6981189481691779	1.8479534292266580
4.6981189481691779	1.8479515379338673
4.7227312887503379	1.8479160667056602
4.7408926410490926	1.8479618467688559
4.7408926410490926	1.8479618658636590
4.7814713888798570	1.8479387402539333
4.7972376741935436	1.8479674452667065
4.7999958940332457	1.8479691010623296
4.8059842266777117	1.8479621694861166
4.8334304399229406	1.8479695984914719
4.8334304399229406	1.8479163733535957
4.8852958266824258	1.8479225719555665
4.9026699011948791	1.8479530255549990
4.9483212562793977	1.8479400233779284
4.9650706352885061	1.8479459418725825
4.9878207761141979	1.8479084771569687
