0.0000000000000000	0.0100000000000000
0.0406963941279773	0.0120000000000000
3.1389311243668105	0.0878853687896822
6.0481378067563654	0.1570156221761423
9.0011854836214837	0.2251436855204539
11.9817994411595983	0.2918677274682813
14.9881070590996242	0.3571228145634274
17.9618945129294829	0.4196566518607711
20.7787280497569711	0.4769079055763325
23.1343271657379894	0.5228745073200819
24.7577374394315122	0.5526485920994152
25.7004729058896402	0.5681512984975778
26.3361269910311968	0.5766584036779765
26.7693944991018498	0.5804707569466285
27.1366953017675492	0.5815137517634132
27.1366953017675492	0.5815137517634132
27.4184788238170860	0.5803664062732209
27.6811540658698512	0.5774147166547937
27.9321865696833989	0.5724414572769188
28.1586022307680821	0.5660117426941786
28.3773578874810184	0.5577883726468046
28.5877197040571787	0.5478736198466754
28.7879402535094719	0.5364574325797652
28.9939886852787794	0.5226549518709640
29.1954814433448142	0.5071772045434210
29.3978887274123721	0.4896210985633032
29.6002735241010697	0.4700608097576474
29.8129388716399930	0.4474563304582382
30.0411904452061513	0.4211683767362277
30.2968472125977719	0.3896875767099341
30.6398372133344523	0.3452898576400912
31.1195301059089715	0.2813970084238516
31.3367771177353234	0.2555152440004987
31.5161050836325494	0.2361320484676548
31.6737196749718706	0.2210939228966020
31.8166746250565211	0.2094431718382947
31.9502761343509292	0.2005350085608080
32.0839553853727892	0.1936394953139459
32.2186904108112344	0.1887046093408306
32.3539794044738684	0.1857652032836181
32.4896137714897009	0.1848309851831970
32.4896137714897009	0.1848309851831970
32.6248183518665940	0.1858994047945994
32.7972733110941803	0.1915038159755851
35.5757724524274010	0.2546982659186168
38.5763507725562249	0.3209679422992831
41.5845759048053836	0.3853643607131379
44.5215754653600371	0.4462222055389294
47.2167992022804199	0.5000843471736857
49.2298524427969681	0.5384082644297974
50.5305808868315509	0.5612854929463982
51.2969928024048301	0.5728956113326865
51.8213186623949440	0.5788999646117698
52.1883590485017166	0.5812225603111953
52.5240720847844429	0.5813580478859569
52.5240720847844429	0.5813580478859569
52.8160550457848927	0.5792635423720305
53.0627809825188024	0.5755219496596576
53.2970106827411598	0.5699605522531915
53.5265024471949715	0.5624782750607310
53.7400814687504678	0.5535509666479097
53.9385055414721677	0.5433128543343848
54.1479536749145893	0.5305047039319111
54.3490152339282204	0.5162085632475735
54.5500994848057346	0.4998862493991857
54.7511703538487140	0.4815611835714314
54.9584422971911835	0.4606218194475954
55.1766607537356606	0.4365718042757019
55.4159307275990898	0.4081445651036587
55.6995741246055829	0.3723261790193690
56.5373589073836698	0.2630890214982415
56.7225983481070628	0.2422919231249460
56.8838200294440099	0.2261203817368346
57.0322656267018786	0.2131814678596864
57.1688994308793994	0.2032608236772589
57.3018392676438353	0.1956202157729134
57.4357204355867808	0.1899438606134115
57.5704492907566348	0.1862465103565450
57.7050699508177871	0.1845621114152901
57.8414480144001928	0.1848775830806179
57.8414480144001928	0.1848775830806179
57.9883261086073176	0.1872950772184370
64.3375629899176857	0.3314187857238560
67.3021059996793838	0.3945715011050235
70.2103634487277333	0.4545338173492981
72.8010617297410789	0.5059993536419306
74.7193363177501340	0.5422215821924776
75.9285149791298011	0.5631833693201471
76.6331836399663615	0.5735313365496085
77.1208987456009822	0.5789472999217581
77.4752928847251496	0.5810276993730499
77.8125662625837577	0.5810347386720056
77.8125662625837577	0.5810347386720056
78.1037003948386115	0.5788239356240921
78.3568442686377580	0.5749059793807215
78.5813638193880735	0.5694912947341537
78.8054632184172306	0.5621901281262600
79.0138085556442888	0.5534251052467833
79.2212513511065737	0.5426848646411092
79.4249334498896786	0.5301408135926118
79.6289154359635205	0.5155549258234681
79.8312475507373307	0.4991338439440282
80.0346081956095361	0.4806207485295048
80.2379787301296403	0.4600999802460853
80.4599383082611723	0.4356471449183129
80.6981508253330730	0.4073686683332216
80.9809481292877962	0.3717251563832741
81.8045235494570733	0.2646121542450345
81.9936472653630091	0.2433985841618101
82.1587089936951713	0.2268620052406346
82.3053995616875227	0.2141291116290139
82.4430878747557188	0.2041695172919227
82.5768462088964696	0.1965245035719387
82.7106181651856502	0.1909645159749293
82.8453861230204609	0.1873765258678258
82.9814054733065376	0.1857751813370698
83.1193487083803149	0.1861555826748663
83.1193487083803149	0.1861555826748663
83.2605211230797551	0.1885078631826933
84.6324240577633731	0.2219784290018419
87.4431851577691077	0.2850442769826107
90.4323664080213518	0.3501374579809849
93.4423260031991703	0.4136458594654256
96.3028386527724933	0.4719900391282649
98.6896055780860024	0.5187661943463366
100.3669666220489347	0.5497973586371713
101.3968512566622877	0.5670118458549133
102.0575169970204570	0.5760216065730429
102.4915820644750681	0.5801067345761280
102.8224756554660786	0.5813899217705205
103.1149217788172194	0.5807806558270729
103.1149217788172194	0.5807806558270729
103.3998975688539304	0.5781416612955073
103.6366846779155253	0.5739839049249426
103.8691129780734315	0.5680053564495644
104.0885423000933372	0.5603705454677886
104.2885386898258275	0.5514930662993279
104.4916876283294158	0.5405639117921929
104.6916339938366320	0.5278579953687664
104.8974616458566800	0.5127752437017103
105.0986172937997765	0.4960254551892938
105.2990800824761664	0.4773323684974364
105.5086406587758461	0.4557543773914486
105.7316303119510508	0.4307568696607658
105.9733543276689858	0.4016378093177908
106.2713306784387868	0.3636516307994432
106.9699006615420558	0.2718399411120767
107.1714940963575060	0.2485220355315494
107.3415446212385973	0.2308317830774807
107.4979435992920145	0.2166154660846593
107.6378763123130256	0.2059184986797294
107.7714868519030631	0.1977274343620217
107.9051425838297291	0.1915566727293558
108.0397511560898067	0.1873567874830411
108.1745956185298638	0.1851624533243951
108.3107014173097156	0.1849825570982295
108.3107014173097156	0.1849825570982295
108.4531293213036633	0.1868406359163681
108.7616582284167919	0.1958787448701127
111.5566754077043328	0.2593245904374845
114.5561106274986400	0.3254267839435680
117.5552395112364792	0.3894923167069140
120.4723120145842188	0.4498025718683945
123.1625733108921565	0.5034308312623549
125.1160296601144495	0.5405161596145722
126.3301967461577249	0.5617912398557575
127.0996640633068040	0.5733936212760351
127.6130422617340798	0.5792559554205616
127.9851217665121652	0.5815523274286529
128.3071651204573129	0.5816852055802523
128.3071651204573129	0.5816852055802523
128.5783487544148898	0.5798387010478467
128.8338894258831431	0.5761879114626217
129.0578048932029276	0.5710698609656645
129.2827899196741726	0.5640492243131066
129.4886959262311450	0.5556729982730573
129.7040374683494122	0.5449138341519331
129.9041793537576552	0.5329328274814376
130.0968284065174316	0.5194710671305153
130.2985690391718947	0.5033714642723035
130.5011928330951321	0.4851925464962550
130.7068961226674162	0.4647155239708793
130.9216737411257441	0.4413358321636535
131.1562019587828161	0.4137598613013096
131.4255910899266269	0.3800105177126452
131.8832800693001843	0.3181354767184438
132.2026978917645579	0.2773353649197173
132.4143037134696499	0.2522809926117682
132.5893798840925513	0.2335277698039100
132.7487550084857162	0.2185414226556943
132.8894495892070040	0.2072956774124148
133.0233985960213374	0.1986025026461021
133.1565080926222606	0.1919887389984908
133.2906611211167558	0.1873380402563057
133.4240434298633033	0.1847197538537186
133.5600849872481888	0.1840485837253497
133.5600849872481888	0.1840485837253497
133.6984521426887511	0.1853575459754218
133.8834314340151366	0.1913511558944376
136.6245386414548761	0.2537133263261186
139.6246752787360208	0.3200019743827967
142.6169165451027538	0.3840875684675802
145.5806838197819673	0.4455347584537422
148.2625514194790242	0.4991519123926360
150.2896350210332344	0.5377822214500768
151.5599091792463469	0.5602012891011859
152.3202854435003246	0.5718756953887610
152.8499945416010917	0.5782083572891157
153.2467252747596262	0.5810245195361075
153.5915644727301697	0.5812739378264956
153.5915644727301697	0.5812739378264956
153.8652487737334695	0.5795198992672894
154.1222999743930586	0.5759688084486063
154.3479903446431933	0.5709226917394171
154.5739520639003501	0.5639847586535746
154.7818724105425758	0.5556376825809727
154.9976663020653973	0.5449549790029321
155.1990924201236055	0.5329997795557085
155.3939072871460496	0.5194892711032451
155.5958133359126236	0.5034614101555793
155.7986277099586516	0.4853527775424337
156.0054499522059643	0.4648599067590622
156.2209600956636564	0.4415012350731125
156.4569446630410994	0.4138655102670525
156.7286656781328986	0.3799542231602698
157.1636737361166070	0.3213294967691364
157.4836352595985431	0.2805512366801160
157.7002932824275376	0.2548918243830366
157.8779641182070179	0.2358377128127268
158.0384534624428738	0.2207192621888611
158.1805019585748369	0.2093264213713461
158.3134905457168315	0.2006407362595126
158.4465824418866191	0.1939643049071513
158.5807253499148146	0.1892497582389538
158.7144541674921641	0.1865580198958064
158.8501579209718386	0.1858345398864089
158.8501579209718386	0.1858345398864089
158.9911332830717470	0.1871227236359056
159.1686672980647188	0.1909519903958996
164.8899934491910528	0.3212145048663799
167.8249671017009916	0.3840588357839916
170.7622199277329571	0.4449631504542736
173.4184821291137553	0.4981001217245281
175.4370751746523922	0.5366384616270785
176.7651515062383112	0.5601234141849371
177.5604074223305702	0.5723055506309604
178.1080476556124950	0.5785853599023641
178.5249305304113250	0.5810886589361977
178.8261516425603190	0.5809707692659623
178.8261516425603190	0.5809707692659623
179.0975217377917943	0.5790616211129894
179.3630739527511935	0.5751041318592801
179.6001332867871838	0.5695469840578588
179.8133641260426714	0.5626080422453559
180.0292687920095602	0.5536875171986040
180.2384901825674888	0.5430232687484521
180.4434727684879647	0.5305530750492385
180.6462020711304319	0.5161888322001325
180.8473119643096254	0.4999440060569375
181.0497548579359943	0.4814789605150095
181.2573420898595771	0.4605687806192337
181.4759840325789071	0.4365451113840322
181.7147792564491624	0.4082640011108042
181.9970777954751497	0.3727407650687727
182.8362774674528453	0.2637421140167657
183.0227771828393202	0.2429037461155407
183.1866177051701072	0.2265550677616145
183.3349567200318404	0.2137529037467228
183.4717677348107827	0.2039387106740131
183.6028159554861361	0.1965381585128537
183.7366553094460357	0.1910119677071655
183.8713699265190655	0.1874638625954132
184.0078056079062208	0.1858938793979632
184.1460980670751439	0.1863161876542504
184.1460980670751439	0.1863161876542504
184.2876037676539624	0.1887197615337237
190.2814129269009698	0.3250435499579960
193.1780565397550617	0.3869582005372625
196.1569950012277843	0.4486421266937834
198.7286460659387899	0.5000030841892719
200.7441393860607377	0.5383891156046077
202.0231342641362460	0.5609049836456389
202.8107192760224677	0.5728687211192270
203.3120538467333063	0.5786529618343482
203.7023971941501941	0.5812147776828992
204.0431441209884440	0.5812585972151766
204.0431441209884440	0.5812585972151766
204.3141190532137728	0.5793389254875422
204.5694504649537464	0.5756217496889924
204.7935856559499825	0.5704345818434896
205.0186951002905289	0.5633414455489634
205.2261051939517813	0.5548422161843622
205.4413115383711670	0.5440021363120993
205.6428119731892252	0.5318665087343004
205.8396394614715632	0.5180476501497572
206.0410858989763483	0.5018512368049082
206.2434832570067158	0.4835697565031853
206.4532297589042003	0.4625813362088400
206.6694683675893032	0.4389489762863975
206.9060683758340815	0.4110539126495321
207.1811497421781780	0.3765540444297800
208.0755260036138168	0.2605051354616306
208.2606037529048422	0.2400285214163851
208.4202320721356045	0.2243422522495587
208.5663699368792265	0.2119262490162371
208.7010962393047748	0.2024473990386767
208.8302145732749295	0.1953315596883042
208.9642121499960865	0.1899463972777517
209.0989499156560498	0.1865466165884227
209.2359035296411491	0.1851180309125239
209.3759408673397502	0.1856941058518441
209.3759408673397502	0.1856941058518441
209.5219474859385116	0.1883333956738836
212.7845489071486043	0.2644680823374443
215.6727541746207919	0.3280032743973059
218.6767725890194072	0.3920908514786496
221.5630101372929062	0.4516897984470468
224.2053879315128313	0.5042841739820830
226.1558600447698097	0.5412015302932013
227.3709895227804338	0.5623720508834856
228.1000005957842802	0.5732458593251992
228.6097072182929253	0.5789163190326920
228.9680580962251497	0.5810240511999635
229.2784357367194161	0.5810972953420169
229.2784357367194161	0.5810972953420169
229.5735517510706813	0.5790955287428774
229.8239214444034815	0.5754020432190861
230.0686326736710328	0.5696641295512059
230.2890118278434102	0.5625496548154890
230.5079853272763160	0.5533625730295356
230.7165309289395907	0.5426528390421363
230.9208202335424573	0.5301475275272581
231.1238119234658654	0.5156937635884902
231.3193185363736575	0.4998064660534407
231.5219089128306393	0.4813015995335863
231.7294553791963949	0.4603661872406627
231.9481038197397424	0.4363100618018823
232.1872813894836156	0.4079483290177294
232.4704572983501407	0.3722723578348388
233.3031247649696525	0.2639896870458238
233.4903467303571745	0.2430184437347022
233.6545495373457300	0.2265866796055687
233.8030533689536128	0.2137267822818788
233.9399943274529790	0.2038621596791432
234.0710440053508989	0.1964226304671643
234.2048714593409784	0.1908574872018165
234.3395795541481164	0.1872700171996667
234.4759783434095652	0.1856608003724904
234.6140628618903463	0.1860434849995729
234.6140628618903463	0.1860434849995729
234.7563743320698393	0.1884132025139091
237.2171264464844000	0.2465670999406535
240.0340178540560885	0.3090652264444499
243.0404044638835330	0.3737908990394658
246.0178404985493046	0.4358590875747994
248.7354829515122390	0.4905482035998799
250.8979733072560236	0.5321834634453337
252.3382406650864027	0.5579946016153504
253.2360428151881422	0.5719659274146432
253.7526873648886010	0.5781281281856240
254.1798287682392754	0.5809804588104029
254.5011252665418340	0.5811821159965926
254.5011252665418340	0.5811821159965926
254.7983314712476783	0.5792269294021455
255.0442675275957356	0.5756403230606181
255.2824300675634959	0.5702548160984925
255.4991059837407477	0.5633911419569443
255.7218536788560925	0.5543174716758524
255.9313434401722702	0.5437374518940040
256.1366214558450451	0.5313416484142636
256.3386299201590077	0.5171109172677043
256.5414789991107227	0.5008135829726665
256.7451142329138065	0.4824434854005284
256.9514141604947213	0.4618131792312230
257.1639792439525536	0.4385758986261228
257.4022276290286868	0.4104322589193292
257.6809638896579600	0.3754126083676967
258.5697847374364073	0.2601032085003914
258.7539191163857026	0.2397664971326959
258.9132299938149799	0.2241433354543886
259.0587773599807520	0.2118077046363743
259.1952385373382981	0.2022476083849162
259.3268877444846794	0.1950210608197163
259.4608719993721024	0.1896727864158451
259.5953275361290480	0.1863200454092129
259.7308726380116468	0.1849772305558292
259.8690729988981047	0.1856320552860518
259.8690729988981047	0.1856320552860518
260.0210843293973539	0.1884535903822243
263.5316244001735981	0.2701175460102941
266.4463494316050287	0.3340614012108813
269.4326987642315316	0.3975851475691476
272.3392337644881991	0.4574076107193364
274.9456223994359334	0.5090742815837870
276.8068286501844568	0.5440929769670191
277.9654164587182095	0.5640472170896643
278.6815613581086382	0.5744321874115460
279.1726271838096523	0.5796560722395173
279.5225749653458820	0.5814681904739438
279.8303852301782513	0.5812603521856019
279.8303852301782513	0.5812603521856019
280.1198786990521512	0.5789462381603964
280.3706547369219493	0.5749271238879654
280.6094319343254142	0.5689420177026711
280.8307190881977249	0.5614458291903318
281.0328381044517982	0.5526633616742069
281.2465107489906586	0.5414027134435760
281.4454847865053466	0.5289336295550727
281.6394608904782331	0.5148396443000309
281.8406180326251729	0.4981986045649512
282.0434770722011990	0.4794040000786887
282.2513300514086723	0.4581657691546666
282.4705114098573517	0.4337694254310366
282.7110629866102727	0.4049479579226656
282.9998884034321804	0.3682359028111840
283.7748456714570580	0.2665850462938443
283.9688198541748534	0.2444487540779393
284.1345045932599191	0.2275216437593953
284.2879193788274961	0.2138973984944011
284.4261633363779538	0.2036439043165484
284.5594036013052914	0.1957872983916912
284.6931146626394593	0.1899777536560017
284.8278495380500317	0.1861376106908849
284.9636852343336955	0.1842852757331779
285.1005093575017781	0.1844135697249245
285.1005093575017781	0.1844135697249245
285.2407449049803176	0.1864865605486716
285.8419821267889347	0.2023176831856305
288.6442930903530169	0.2657462306881598
291.6233468027095341	0.3312118824109919
294.6382259811109066	0.3954280526599290
297.5537418571286707	0.4555133566718719
300.1362579748004578	0.5067817646822096
302.0682426505559874	0.5432216942248871
303.2006899802021849	0.5628188662943646
303.9107296209771789	0.5733244980429812
304.4210270793877839	0.5790116862143156
304.7875690250810408	0.5811718135357075
305.1208228400231519	0.5810945279644698
305.1208228400231519	0.5810945279644698
305.4080247645820236	0.5788094968495141
305.6535498982539139	0.5749454314772126
305.8796905909914017	0.5694560563678208
306.1098607184872549	0.5618757623038891
306.3240543173690753	0.5527856419917760
306.5257206259711324	0.5422531858306324
306.7345554238833643	0.5293031698738695
306.9378802220244324	0.5146933447068868
307.1400846905541471	0.4981209477929802
307.3433312079595794	0.4794545305407992
307.5467288442298468	0.4587666903034910
307.7713005952174399	0.4338617616168647
308.0117736022954773	0.4051373200890883
308.3007995327494655	0.3685214635222100
309.0685223047057093	0.2681638052029370
309.2639092543802803	0.2459104599301553
309.4297259326888252	0.2289676585675046
309.5800477176670711	0.2155822567545645
309.7173198218784478	0.2053273072740226
309.8494182455052055	0.1974378236043048
309.9783975707830450	0.1916920173443507
310.1129588146935134	0.1876851382940081
310.2482718525872656	0.1856709693751268
310.3846681176013362	0.1856268469892099
310.3846681176013362	0.1856268469892099
310.5256969449550866	0.1876151752492850
310.8905856422273928	0.1979786604281717
313.6052975112753529	0.2595722339671079
316.1567754073272454	0.3159174748290517
319.1576759336127225	0.3803154083930568
322.1286236143084238	0.4420388288553040
324.8321011285146369	0.4962207462927550
326.9180905494794729	0.5361229232179449
328.2192067863647935	0.5592258462613862
329.0043565462564175	0.5714285609103291
329.5110494576330780	0.5776310858022383
329.9384535435926864	0.5807514373832969
330.2565281137983675	0.5812478912948208
330.2565281137983675	0.5812478912948208
330.5601326343269761	0.5796682941596192
330.8061395653226100	0.5764374109198753
331.0469928458613822	0.5713939124969684
331.2679436716086343	0.5648173518495400
331.4901690634638953	0.5561029626386289
331.6994531605516841	0.5459304873816359
331.9033966027292308	0.5340227383382673
332.1056967412679342	0.5202065231548327
332.3085023311048758	0.5043296839981761
332.5122500637940561	0.4863706818385094
332.7169065428394106	0.4663206470843588
332.9262839893589785	0.4437772690443106
333.1560074076474507	0.4170530989145819
333.4191411731832773	0.3844095145422448
333.8011343509227231	0.3347743375959577
334.1962761745417083	0.2819783718780051
334.4116224341241264	0.2562858472250734
334.5892449467230563	0.2370214970721957
334.7469798825430303	0.2218801297136037
334.8911962111735647	0.2100396754622843
335.0262096832107659	0.2009648979563512
335.1553144471537280	0.1942659882432230
335.2894904059498344	0.1893011732588251
335.4243600374395555	0.1863253428485717
335.5618643451288676	0.1853211962872300
335.5618643451288676	0.1853211962872300
335.7019776664762389	0.1863323710044516
335.8635360635568077	0.1916374542493596
338.7800915044912813	0.2579283111009820
341.7801084693728626	0.3240859038337519
346.0127876783699890	0.4139719265783922
348.9741731625852026	0.4743289483584394
351.3509825656287830	0.5208223524613945
352.9771806780543102	0.5508035308947802
353.9677570817593732	0.5672744940220817
354.5867585557894017	0.5757355461262369
355.0413915037705124	0.5800916546552544
355.3731178940709583	0.5814039937614638
355.6684437839742259	0.5808161466452583
355.6684437839742259	0.5808161466452583
355.9524644682599614	0.5781796590896900
356.1981941786357311	0.5738901469675201
356.4360130946321306	0.5675965624910976
356.6556041064803821	0.5598287759787784
356.8559798986378269	0.5508145629579881
357.0690214514999639	0.5392666183708871
357.2678540258663702	0.5265036645658883
357.4649382178829455	0.5118961653831808
357.6673380579988475	0.4948344666859320
357.8707804419037757	0.4756757644995610
358.0851551463597389	0.4534263801796526
358.3079370364876013	0.4282791190534789
358.5568924433830489	0.3981064636610284
358.8755714092698099	0.3572777727272785
359.4900971497114597	0.2761329919882988
359.6948784827197301	0.2521047241434660
359.8682521722859065	0.2336869667910784
360.0210039868720742	0.2194196292243815
360.1610113393499546	0.2082598380482328
360.2952657639051495	0.1995607848328389
360.4290167252171386	0.1929190588975956
360.5637409982829809	0.1882443837952083
360.6989935982093698	0.1855667990325899
360.8345614370093131	0.1848951787952910
360.8345614370093131	0.1848951787952910
360.9705121069404754	0.1862274046365764
361.1685867508839465	0.1925554032972920
364.1387934553051764	0.2600113895654416
367.1466196308994654	0.3262764040277327
370.1529366276349151	0.3904648272362523
373.0786024614173471	0.4509235353443993
375.6860504590104028	0.5028585593896482
377.6826366870702714	0.5407070249447306
378.8906519255725698	0.5618075303762718
379.6450162017807202	0.5731211194953254
380.1384640302209164	0.5787059283591930
380.4929530712369115	0.5809435030927519
380.8168432947668407	0.5812040526175457
380.8168432947668407	0.5812040526175457
381.1146406700720490	0.5792889114384111
381.3621052104232376	0.5757281526344198
381.6077147522068458	0.5701777740486814
381.8318223439566168	0.5630850761433834
382.0439483448075748	0.5544041274475879
382.2540901830291205	0.5436889143387608
382.4589108171612111	0.5313048572509342
382.6592956899428941	0.5172076650763731
382.8619977786116237	0.5009377270184696
383.0656001195065983	0.4825865204790465
383.2696950544673768	0.4621818404736375
383.4870753813844999	0.4383570748663356
383.7234901356752630	0.4104039430561800
383.9997011782937761	0.3756653468208471
384.8946379502995114	0.2594632758064157
385.0778256552441121	0.2392380476514031
385.2393021524930532	0.2233970908578874
385.3838388052865298	0.2111925841638468
385.5200645652406592	0.2016919293944167
385.6486420369332677	0.1946997473915555
385.7827181873603877	0.1893988931262368
385.9174912311733010	0.1860858538252459
386.0545824972863898	0.1847436547607748
386.1934717604889329	0.1854103585050612
386.1934717604889329	0.1854103585050612
386.3384131049150483	0.1901066524665336
388.2970322143277713	0.2348685682882957
391.2866318975055151	0.3014973368787887
394.2818068682900048	0.3662120304048280
397.2506820062378097	0.4283523036791966
