0.0000000000000000	0.0100000000000000
0.0010621664050235	0.0100000000000000
0.0090442348465178	0.0034851055317295
0.0127786972641373	0.0019049264365677
0.0210403579127765	-0.0005802168591167
0.0210403579127765	-0.0004788341180631
0.0264746097154071	0.0001014195599378
0.0564895417802765	0.0006218695327692
0.0626919571354931	0.0002723373631907
0.1003088959311522	0.0002607102343803
0.2128032739152833	0.0003321791918211
1.1975439045815743	0.0015512488599267
1.2050065978366638	0.0008588806118510
1.4945175562470199	0.0010442095675362
1.7678438156952971	0.0012158669206733
2.2160943716056325	0.0022301635882189
2.2243966995881927	0.0015093152471666
2.3835727068686712	0.0016084720122978
2.6947569409592296	0.0018224213730651
3.2190964099575221	0.0021690089640575
3.2190964099615220	0.0027759855798139
3.2313532296223064	0.0021784489205127
3.5636565636118500	0.0024105200885119
4.0173613994604409	0.0027487964641405
4.3854621835680216	0.0036462056330386
4.3997670489430760	0.0030656164454294
4.6161726540569283	0.0032375161819706
5.0773301486790414	0.0036296235472098
5.4764195218992047	0.0046595637593595
5.4925912714065488	0.0040197017638712
5.7421120204758038	0.0042508656637517
6.1597678780404017	0.0046319473292425
7.0136914390247247	0.0054774075441631
7.2302550706917987	0.0086751416069125
7.2367706043500331	0.0057809187266211
7.3583304047787257	0.0058773740852684
7.5249278892017495	0.0061800413047057
7.5699044428698885	0.0061816524704228
8.0215292237241069	0.0067252396443406
8.5023611059123994	0.0073496922042058
8.8334543264898411	0.0082073299798413
8.8778869709554602	0.0079262974289869
9.2463285883089235	0.0084125695788353
10.2224008418056815	0.0098988538792360
10.4113838620723431	0.0127620196682041
10.4252039573961692	0.0103886976217821
10.6152158557711420	0.0107163010319834
10.9640447160494201	0.0114173654954174
11.4701546012185105	0.0130200516490492
11.5326239765038654	0.0126449728027887
12.2804693486654219	0.0143733792336188
12.4430611979106143	0.0148010700032263
13.2935482078933251	0.0179451999187045
13.3769243909071740	0.0173695594896693
13.7162586403340168	0.0194023520619796
13.7916340851489263	0.0189273197560282
14.9333202424537159	0.0230905837472362
15.0996014877468792	0.0237944096137352
15.2702466496289944	0.0254320248095147
15.3678832290274734	0.0255717174850841
16.8587278938019338	0.0334695446374178
16.9471738408138712	0.0340728470537165
17.0331950326762325	0.0365345880482525
17.6389444397483999	0.0418739426311861
17.9269522847899232	0.0469088016766058
18.0509809259888598	0.0475865160873135
18.4137984732378506	0.0503557490232741
19.1419760494467930	0.0602362819703384
19.3102204624147795	0.0653692673517617
19.5605370083636103	0.0674761258426146
19.7419294463586681	0.0705271302162866
19.7419294463626684	0.0715259184660496
20.8311922663001070	0.0979822638012344
21.4099601173590344	0.1172973641636308
21.7278933588589851	0.1316839889428444
22.1862776848112588	0.1494226222695332
22.4897669857993741	0.1644076433819676
22.8519476076965340	0.1860859435786314
23.2400360634118393	0.2072298705416674
23.5828500208922627	0.2294568965912647
23.9249763065688192	0.2555684385920796
24.2764191687567426	0.2803269605596015
24.5991357236982253	0.3068686262963568
24.9874259683662814	0.3428943334466861
25.3519359964662598	0.3747960290541504
25.6939895507967329	0.4086139928741923
26.2023232564552515	0.4612751132999117
26.7660525981828243	0.5224956944246294
27.3011975334623784	0.5826533641469264
27.6432168734580763	0.6181462814085167
27.8887790794715755	0.6418615738629498
28.1023896645632334	0.6607313779402803
28.2958184397673236	0.6759863636392806
28.4763486605795251	0.6882976950485883
28.6469107719694449	0.6979014846524065
28.8084329792581570	0.7048851844086702
28.9593531957704151	0.7092592717136738
29.0922919559485251	0.7092182008135393
29.2293192261427954	0.7103520918280294
29.2293192261427954	0.7112520918280293
29.3583642523417332	0.7091556699652289
29.4757837898320680	0.7033489448407186
29.5984944111373274	0.6993430972866637
29.7012919079020072	0.6924525838555572
29.8137830250617029	0.6810190732948626
29.9223185906900007	0.6717597180922248
30.0262661436319434	0.6589924029082483
30.1197217903113774	0.6436485041416140
30.2194520864406542	0.6294601107715823
30.3141069156079723	0.6121444286795128
30.4084486265424268	0.5927758049957381
30.5001084934160112	0.5699815195937052
30.5910828020534922	0.5473760663060159
30.6763147839129431	0.5242746783546883
30.7639175493486121	0.4984742659643304
30.8493454970651229	0.4713397433407659
30.9338238975518962	0.4425427382639864
31.0174064168095640	0.4120849118896245
31.1002106290051756	0.3799419851283691
31.1774674964524330	0.3480384117390185
31.2624188645761194	0.3109993719112397
31.3484527132985065	0.2714778186045885
31.4388262746257716	0.2301135303681099
31.5352980255167594	0.1797450555779961
31.6496401477303131	0.1225397629061911
31.7673258088576098	0.0614862249796112
31.8011480432191256	0.0450537082954214
31.8327705964180829	0.0310199906395986
31.8626288136200699	0.0196247305715810
31.8795064870035532	0.0147330228941516
31.8995965877146936	0.0106049144810127
31.9199550727417147	0.0083817925091333
31.9566580730581009	0.0060123400193952
31.9566580730581009	0.0065044245403921
32.0851153718183184	0.0066464066259342
32.0851153718183184	0.0062827191981392
32.3033104677322385	0.0059102453114272
32.5270115268440918	0.0058083331522818
32.8003736793526599	0.0063112803001260
32.8243055470248493	0.0061618924596485
33.0010276244872287	0.0063589325135398
33.7411379173650587	0.0072679195312940
34.0117232389422668	0.0103221754375680
34.0211455216327252	0.0077044061867560
34.1870934953459198	0.0079125998589954
34.4448147077264224	0.0083250913661497
35.0395408915655793	0.0099940992917427
35.0749298679417052	0.0093232166113813
35.8037509050856784	0.0105904974109428
37.0019902430333687	0.0128314069349466
37.1419107121087606	0.0159577263897899
37.1592781582356508	0.0134509455869415
37.3619520143025312	0.0139213622684490
37.7586136249110282	0.0149525625047472
38.2140824121916509	0.0169569406968877
38.2831704868878901	0.0164820219006788
39.3229967289424422	0.0197142324601196
39.6161858765365977	0.0207512878949381
39.8446646044795969	0.0223809041010481
39.9387579523587064	0.0223493326828472
41.4638080919353555	0.0291626382977266
41.5499305452686016	0.0296602829036194
41.6430813543938001	0.0315095172806789
42.3224396087590904	0.0363494013116024
43.8914722694352690	0.0496443338773444
43.9505154299487231	0.0510841565459695
44.1562965566289378	0.0572071887921837
45.4053794814044736	0.0781983554988146
45.5758087592592602	0.0828774746319825
46.4232755806048303	0.1078012478068548
46.6193186590823672	0.1169632736819489
47.1725761566582378	0.1368523834383684
47.5292482303466812	0.1531135434225173
47.9048776824057256	0.1740529941879208
48.2845233281502928	0.1931895050063561
48.6023471114114756	0.2128108789376865
48.9445433703958486	0.2378108567457357
49.3107737812197868	0.2624692711170004
49.6525481549791152	0.2890919161162619
49.9941688628781122	0.3196584313934651
50.3441580296282041	0.3489262219354409
50.7211699567836902	0.3847347228460113
51.0922082738307779	0.4218195521181755
51.5298692977237849	0.4677645021177711
52.0624911668398411	0.5257179241853083
52.6846205566366308	0.5950822627204927
52.9965308338837815	0.6268354068476029
53.2366124461821144	0.6494010516606457
53.4435761451837692	0.6669956500337608
53.6343999520885717	0.6812988571309821
53.8125937275242237	0.6926449346106578
53.9794127871935387	0.7011839187289131
54.1375633046539733	0.7071357708573842
54.2710156070328935	0.7083020420254261
54.4096004689369508	0.7116971801272677
54.5432494221355171	0.7109540702664897
54.5432494221355171	0.7089540702664897
54.6610009176933787	0.7084283400483006
54.7811738497442633	0.7039507001479290
54.8997289556557106	0.6974309668918450
55.0094927929963049	0.6874597721053483
55.1212768639611923	0.6792718488912022
55.2230085093001009	0.6680687574574065
55.3268254431725879	0.6545881270330847
55.4269489765437271	0.6376205206606481
55.5255176223270439	0.6227480580023080
55.6200644735378731	0.6045858223877210
55.7126221022225749	0.5828634731350778
55.8046695649902489	0.5631155483570965
55.8931666339682636	0.5402303438187097
55.9810469940831439	0.5135475221491805
56.0682270321968232	0.4870939425385833
56.1539676220950312	0.4591089381616992
56.2387759127263180	0.4294629113761423
56.3227407462111600	0.3981441740419844
56.4060003191912500	0.3651179309304214
56.4887537506639958	0.3303174518581246
56.5684432160416009	0.2948577161204899
56.6563121461079220	0.2556615634216953
56.7487892524885496	0.2102441780268252
56.8486217290808398	0.1593376851802089
57.0829923755928874	0.0364230546402822
57.0994730642229698	0.0286939245066599
57.0994730642269701	0.0294380620634734
57.1311238228371110	0.0177419276667768
57.1462043856078026	0.0157181514869978
57.1773981609365194	0.0074753353037675
57.1832705340754259	0.0069383451659573
57.1832705340794263	0.0073262595060009
57.2537410159481084	0.0064904899950215
57.3275052143298964	0.0063494077701626
57.4473447756026516	0.0060664237435424
57.6499510360168088	0.0058155234207446
57.8645855354278638	0.0055167811635185
57.8645855354278638	0.0058038787247839
58.1063420939789879	0.0075904242484643
58.1168011346321691	0.0087034234693572
58.1335443428455179	0.0057350496060191
58.1591925260157581	0.0054155111837730
58.1591925260157581	0.0060228395493470
58.3955509264228709	0.0063793334490000
61.2641368972671714	0.0098144789884786
61.2980926718069625	0.0098649984082154
61.3317733745247580	0.0107779059802874
61.6909212989900766	0.0117762476591393
61.7651320577984322	0.0116812378463431
62.7776092757829076	0.0142620513758833
62.9097077818234638	0.0141502767487957
63.0739925103119035	0.0150621896061970
63.1392467695868049	0.0149779554580600
63.8031855920705055	0.0168109373434882
64.1082644384725313	0.0177710768637339
64.3648699519623051	0.0192288435277526
64.4455844532387800	0.0192934531840584
65.2824294431736973	0.0223435034607753
65.5107522781741665	0.0233193550124164
65.7221121582218899	0.0248764617020576
65.8419967214169333	0.0252643174269009
67.2996124652257066	0.0335423236093010
67.4982007486831748	0.0378346829405371
67.5725811129439649	0.0361304787117587
68.1871755423103707	0.0415841372125189
68.4615927921354057	0.0443500853134549
68.7102918458979985	0.0473556615366741
69.1574788152464066	0.0531074719586197
69.5129941171801988	0.0584909391977000
70.3727039267122763	0.0742364708919955
71.1255093594556627	0.0918001746552508
71.3955404337767732	0.1017576747086241
72.0116809925941368	0.1198345437976338
72.2717537619866732	0.1301819726465773
72.6760497551009053	0.1479571837767334
73.0986759652303277	0.1706485343577806
73.4959046649647547	0.1901281175275897
73.8125940635562614	0.2092066612339401
74.1569841829745400	0.2338227274038098
74.5085129035207530	0.2569048126964049
74.8573397061273909	0.2838508875243382
75.2108904188630447	0.3129297499513357
75.5527729764914682	0.3450433789302783
75.9039254342244760	0.3759796754901648
76.3566630472543579	0.4207927426045375
76.7651934013675259	0.4655243193010336
77.2789382497963970	0.5191077556716205
78.0124533975389767	0.6002039900137619
78.3024655898500441	0.6293553080298335
78.5365970306169459	0.6510776849739296
78.7386624613999970	0.6680062686170110
78.9255412831137022	0.6817948908727093
79.0999173559322628	0.6926953212065771
79.2654128286537372	0.7009833618850773
79.4231396109435224	0.7067427521243435
79.5542778262178558	0.7076879916734629
79.6918742509269435	0.7109129707649712
79.8254470780036627	0.7100197544748116
79.8254470780036627	0.7080197544748116
79.9429532161636160	0.7073643940468193
80.0632637513395480	0.7027477819547154
80.1818850662321552	0.6960914111232284
80.2913132350699073	0.6860193041502879
80.4029513735332273	0.6777197270392344
80.5047981534146828	0.6663906087023276
80.6085994653976030	0.6527924694621283
80.7087361064825899	0.6357072778337663
80.8073212070842857	0.6207172124565311
80.9018937972410299	0.6024404518157281
80.9944262998263440	0.5806161359161094
81.0865270041463759	0.5607507110579216
81.1750879153445339	0.5377494920386418
81.2630352091402841	0.5109504040162555
81.3502885268094644	0.4843793813156828
81.4361085729820360	0.4562764255189842
81.5210048655234516	0.4265104061288136
81.6050692012286873	0.3950682195178750
81.6884444992139862	0.3619127666527445
81.7713380357263304	0.3269732971650335
81.8502817396684605	0.2917609715782688
81.9383395005771291	0.2524603199608026
82.0334665075734506	0.2037554649515443
82.1370490534205970	0.1529494080470225
82.3501947980777373	0.0430805537636680
82.3800193674951231	0.0299521368461904
82.4042839256807156	0.0207430013106487
82.4239603512802859	0.0148357800319326
82.4426929599030416	0.0109005267888058
82.4627120410356156	0.0065920760772256
82.4732177066841103	0.0068806971542121
82.4732177066841103	0.0067451628917526
82.6181393182318686	0.0063296402913515
82.8205060579265364	0.0056750766246510
82.8205060579265364	0.0059165770721039
83.0329791847025689	0.0068688686530497
83.0329791847025689	0.0068688686530497
83.0580124454395587	0.0063616903161351
83.0580124454395587	0.0057893208572497
83.1392485032114479	0.0071531065292683
83.1392485032114479	0.0071531065292683
83.1624690411617848	0.0064709835004123
83.1624690411617848	0.0057868759230685
83.2372490785437265	0.0073436576464069
83.2372490785437265	0.0073436576464069
83.2598388445068025	0.0065590998210834
83.2598388445068025	0.0057916233090334
83.3160664650342682	0.0074859742739044
83.3160664650342682	0.0074859742739044
83.3389130437914076	0.0066995939642674
83.3389130437914076	0.0059127908160924
83.4117112402361585	0.0076729683020318
83.4117112402361585	0.0076729683020318
83.4345784958611461	0.0068342037399228
83.4345784958611461	0.0059940492876493
83.5063038589220241	0.0078362774305856
83.5161908075682220	0.0089982901195646
83.5332335642931270	0.0059153160754088
83.5589684802918384	0.0056063617636117
83.5589684802918384	0.0062329346842029
83.8254104710896684	0.0066241333605892
84.6961392968179467	0.0079844695245393
84.7361302205934663	0.0080051743432735
85.0956710982343054	0.0085249878613158
85.7032185732023208	0.0094657906152201
86.0126469373612679	0.0105194803780543
86.0598299113830478	0.0101509802177273
86.6496830219810619	0.0112284783288160
87.0015016497502529	0.0119444743653283
87.3154264852904305	0.0132153606369615
87.3726390115753020	0.0128506853623333
87.7458056159862139	0.0136195027819733
88.5158437540010539	0.0154906984675347
88.7641328860989915	0.0188770590579946
88.7880278416625117	0.0164044022217049
89.0824761088751558	0.0173012441004599
89.5278222518752500	0.0187655464859052
89.9109060720146402	0.0207943568980705
90.0083730468942207	0.0206378484404701
90.6894554051727084	0.0233990155757572
90.8006160557959703	0.0239186043750857
91.7761832319895490	0.0294101235199130
92.3141606429771002	0.0319662966058327
92.4939607512046678	0.0340987679516146
92.6508130273709583	0.0352993911356788
93.4825275217875458	0.0427899450568727
93.8166028437985773	0.0460522675936350
94.3993184038095308	0.0533971788010912
95.0519829555981772	0.0656223561124011
95.8645889130747690	0.0785011253400272
96.0656573733900530	0.0838927636839158
96.8402676388535610	0.1064142274671659
97.1918144402494875	0.1206395185624479
97.6711379399859112	0.1372630823674483
97.9699294205624938	0.1507786484538727
98.3425013485395851	0.1694080940760043
98.6881552689267778	0.1906200407210700
99.1773412810366324	0.2181227862275631
99.4841009716841853	0.2387737303480067
99.8256117257286348	0.2656273842680493
100.1730436899652119	0.2909135537634830
100.5318057782463512	0.3211773848365690
100.8869562036713603	0.3529500395539952
101.2347385269837048	0.3880637639317886
101.6655057388425973	0.4293034918089796
102.0501659872436591	0.4698610348579078
103.4513945838786668	0.6221244564786494
103.7147054591889628	0.6471581181152070
103.9408007893813135	0.6665548684553849
104.1409269941913038	0.6816092596099348
104.3224696094250419	0.6931379743909636
104.4917191781814836	0.7017283095352868
104.6471379503532830	0.7074562871649919
104.7852604250696231	0.7086442839119399
104.9267553347836355	0.7118970829424783
105.0587730513567095	0.7109337053706271
105.0587730513567095	0.7089337053706271
105.1807836076305591	0.7081261588086363
105.3030047426477580	0.7032992104288101
105.4202665089263604	0.6965329069110477
105.5323306075841856	0.6861001558772144
105.6430730066438741	0.6776430352259751
105.7474381464149786	0.6658198664813533
105.8504884333459160	0.6520321648725675
105.9507752611181672	0.6346339825523061
106.0419489982121775	0.6187469953215881
106.1371183441409300	0.6001914468162411
106.2303254605536580	0.5800486193388716
106.3170817843950431	0.5593925276903450
106.4066847144910781	0.5360302448216425
106.4941055649147756	0.5112642166024689
106.5804795662590294	0.4848321795423020
106.6658358409815008	0.4567476409607921
106.7502538450991381	0.4270063703268885
106.8338360983224362	0.3955919411266268
106.9167227800625994	0.3624682581334709
106.9965055778390735	0.3286406468273221
107.0828807554674569	0.2919068994184942
107.1685299564121010	0.2515015831053857
107.2738249213638255	0.1996163450687470
107.3894068622120557	0.1402566153009517
107.5773246469782265	0.0414101872517820
107.5784765881935812	0.0408419664576963
107.5784765881975744	0.0408861819930258
107.6167730063196188	0.0244989828718976
107.6343160981407010	0.0204530761242683
107.6626091925383406	0.0104999687961508
107.6646013476106987	0.0100479716476373
107.6646013476146919	0.0102137428433547
107.6877150996777033	0.0080609511077373
107.7356005664259726	0.0069327639934776
107.7356005664259726	0.0066899780791447
107.7929122437486456	0.0072718057994534
107.7929122437486456	0.0064447236281148
107.9139195519275205	0.0081691490877013
107.9334216436797789	0.0060908211494245
107.9644144621077970	0.0074632847584272
107.9731313156775059	0.0060466640496735
108.0487786153364027	0.0062961056573363
108.0487786153364027	0.0059303423358148
108.2701231261998629	0.0057932037146267
108.4755125461229284	0.0059060122547810
108.8460944759430902	0.0068380133276286
108.8712183829750302	0.0064916194025316
109.0797559245768866	0.0067342906580862
109.7072061524629447	0.0075415376312535
110.0304342214498377	0.0087044594766301
110.0602402686579211	0.0080919248077713
110.4306308025548304	0.0086405629640950
110.9239707670958381	0.0094290862090770
111.2796030759712806	0.0108131846171588
111.3159110044696831	0.0101664190887200
111.7034878507656686	0.0108243141438408
113.9815772214916620	0.0151866820044313
114.0305288286469363	0.0182595576019826
114.0505189766030014	0.0164484907328339
114.2083502039964173	0.0169410662870719
114.7111439730585403	0.0184664042161451
115.3987719428027816	0.0213009261923721
115.5660897685815769	0.0215737488542898
115.8725992306263919	0.0233476117860718
115.9974539126443176	0.0236104246751955
117.0319456952784947	0.0291507188939292
117.9499596003753794	0.0380001903240569
118.0310142715009789	0.0377439421219428
118.0310142715009789	0.0356255293323490
118.8007464510152857	0.0425252119192446
118.9989389632100796	0.0447923360985052
119.1076253723202427	0.0463600030212179
119.4728435513418532	0.0508145758330818
119.9511822860539354	0.0599547659959307
120.2659999520592748	0.0620667372847047
120.3488780949628136	0.0632341715493809
120.3488780949668069	0.0637205892672760
122.1464739539730289	0.1014920029011758
122.2162958325091466	0.1061519700187328
123.0500209997326237	0.1373609806175205
123.2475584825411801	0.1468386735156526
123.6732183968044865	0.1684895939827359
124.0170071480771412	0.1898909144880504
124.3922527479701046	0.2109955400580772
124.7106902880918256	0.2325357243217535
125.0495684356985038	0.2593420299145646
125.4830536829731926	0.2913184090488637
125.8121603948542315	0.3192098256818812
126.1538136615979369	0.3521022506849551
126.5602284983024788	0.3890248183807698
126.9230635913565521	0.4256911263156357
127.3793478880230055	0.4740136673897901
127.9792542035420695	0.5397971815773809
128.4150553841677720	0.5890988645544263
128.7478511232092444	0.6234267713714363
128.9996283702797086	0.6474671299188807
129.2098197957814421	0.6656544428872797
129.4013188808851567	0.6803283106116087
129.5780684726703100	0.6919004302642373
129.7465816101952214	0.7008759146153808
129.9065169907110544	0.7072531594073066
130.0544998572370616	0.7109960950927806
130.1863723199429330	0.7104269246505903
130.3219641286790420	0.7109835166896504
130.3219641286790420	0.7118835166896507
130.4485668875292959	0.7092389527348656
130.5658611715745678	0.7028730976862423
130.6864481348208074	0.6983268769922035
130.7906131127718368	0.6907845492244931
130.9017107252583116	0.6787863839069499
131.0012381862208599	0.6679383911775767
131.1051986317054627	0.6546401665223009
131.2018345126355428	0.6403573919806680
131.3001006781036892	0.6257855717776416
131.3953279380391734	0.6077570019709791
131.4830966229444300	0.5872528980229434
131.5750402728900497	0.5678703430780903
131.6639590456340159	0.5452204495079737
131.7522433336982886	0.5187750147743395
131.8398204696424614	0.4925580165586655
131.9156152104028763	0.4680161895735313
132.0008460043486309	0.4402173164621008
132.0837406396785809	0.4092621476800455
132.1663073672369251	0.3744649426659130
132.2547150134223557	0.3372980831193269
132.3399119059108671	0.3015193603829924
132.4256517950659315	0.2614929397696670
132.5167743853203888	0.2171137757485449
132.6197320359153480	0.1648285760615872
132.7417554799926336	0.1009348147811296
132.7540950838756544	0.0943660571660502
132.8927747107244102	0.0224613736631034
132.9170907297200017	0.0148586815113182
132.9336972434246888	0.0133335988171797
132.9769258390204527	0.0049400918717333
132.9820913098596691	0.0055779815588953
132.9820913098596691	0.0063386567608783
133.0516693801264410	0.0065085328454849
133.1948323579562725	0.0058848953157026
133.2275237546891162	0.0060533671659552
133.4884465405859544	0.0057721941120390
133.7218014032788176	0.0055446558402820
133.7218014032788176	0.0058307381057384
133.9489263638324701	0.0070981585780047
133.9636127493797915	0.0083055929982485
133.9816348533861117	0.0060439855975274
134.0177301303524189	0.0060267030138034
134.0576383121117772	0.0068517501111093
134.0576383121117772	0.0063017926355028
134.1742367631905495	0.0064521999681811
134.6025637363378564	0.0077228004635328
134.6271416355264137	0.0070371299393082
134.9716267493274131	0.0074936994660973
135.4611724241309787	0.0081865537459837
135.8287175239779003	0.0095629016224944
135.8582820425140198	0.0088380498277488
136.2501534000356287	0.0094728484461216
136.8232849200098258	0.0104313380840142
137.3982888357805905	0.0123909261505856
137.4382547110797930	0.0116094637702214
138.2019925498687201	0.0132201285914425
138.4500003414968319	0.0138246689708402
138.7109059025623026	0.0153914496364597
138.7600763781134958	0.0147529480949534
139.2815489017103516	0.0161616352076473
139.6996930159087640	0.0174394645213409
139.9068894632147249	0.0180690604947074
140.7806292208458387	0.0212705528410630
141.1209250091474416	0.0232277591789740
141.3311241838996466	0.0231152661680361
141.3311241838996466	0.0237824775565214
142.0366039919630055	0.0271416496499681
142.4691396051361494	0.0293477801184891
142.5753936090420950	0.0306319354950274
142.5786130036777593	0.0306750720591058
143.3944582318239895	0.0360690886635957
143.6450870769096184	0.0381583007603852
143.8880241448026425	0.0408165487745660
144.7971207536939460	0.0502645532449310
144.9688201358705442	0.0549558953033517
145.1301196079120359	0.0549170797369006
146.1152727881883493	0.0718873556708195
146.1152727881923568	0.0722388724587763
146.7734470641254063	0.0874082461983912
147.0899283203113441	0.0983246553682626
147.7118617952801571	0.1158423273440232
147.9686784014240573	0.1257557244057856
148.4090129627863632	0.1444829951292477
148.8136701925419345	0.1635837320676168
149.1619459714487164	0.1839793939282715
149.5366621491920966	0.2037416463193273
149.8536634239829084	0.2240983017912233
150.1922387712142211	0.2497284533009302
150.6142388981719478	0.2793994038287624
150.9441683644873535	0.3062124920881812
151.2842556097938882	0.3377932154984718
151.6531326677220193	0.3699476091516518
152.0120545267585328	0.4049277693777815
152.3952401272278792	0.4443103887092027
152.8207153315256619	0.4897325144253981
153.8437117110516965	0.6024112755484000
154.1098397566530593	0.6291704989622964
154.3335646012896802	0.6500506501009466
154.5302679145297304	0.6667282065890809
154.7147713021917923	0.6806074901862816
154.8877968432126977	0.6917318683083445
155.0543379059155313	0.7004309241934794
155.2133363901561154	0.7066203333494877
155.3618108478662805	0.7102457330301120
155.4921595095038640	0.7095374900274959
155.6269247233410908	0.7099904606748147
155.6269247233410908	0.7108904606748150
155.7538118847000419	0.7081520932234945
155.8701814170495936	0.7017341929285956
155.9909024134518631	0.6971110520378790
156.0943424014486993	0.6895570570404718
156.2055396631137683	0.6775009115635385
156.3045663257412627	0.6666612786550868
156.4086148922011432	0.6533194184866253
156.5050867426564594	0.6390315037875011
156.6034774027604044	0.6224182209099335
156.6994509217694826	0.6042381801536031
156.7872429376763250	0.5857157827339596
156.8789445226078385	0.5643793934033107
156.9685951755830899	0.5415495687128470
157.0571338898446641	0.5170407231458645
157.1445811170685545	0.4908709801701419
157.2142595793675639	0.4682414964262613
157.2994203493138059	0.4386276231079930
157.3828999034861056	0.4076233165395244
157.4656498769762720	0.3749209093804822
157.5567062421687865	0.3368573916047313
157.6417393713991260	0.2992923095688442
157.7308549414443917	0.2578816119799524
157.8223432224561691	0.2154711210399700
157.9282480455948701	0.1598898015467932
158.1906198680363786	0.0259840170307015
158.2186689034256233	0.0164174544366765
158.2345227456163741	0.0146169120487100
158.2732891372965867	0.0057786746830453
158.2788792173634249	0.0061960312076353
158.2788792173634249	0.0066259677051401
158.3748429691506772	0.0064975493770422
158.6164632720452516	0.0060200209624890
158.7358954162632756	0.0058834367198598
158.9549717172893111	0.0058620089018670
159.1488133797927276	0.0067666277644095
159.1666664156121556	0.0060545381569729
159.2441800229775026	0.0061784849642567
159.4364246690703624	0.0064043192897789
160.4319492844854551	0.0085617812856369
160.4568686144820902	0.0076486955406317
161.5540093386849207	0.0092431376968123
161.6947818850111389	0.0095458331909695
161.7087050489028854	0.0096736553167509
161.9250348550934007	0.0100460370005674
162.7760694204044967	0.0124989466753690
162.8191049098134044	0.0116825450973490
163.3528267935633380	0.0158353546062634
163.3807645677866276	0.0131590340453675
163.4593863386260466	0.0125952080684319
163.4593863386260466	0.0131011440437338
163.8332322281029292	0.0141089097221401
164.3691344676740300	0.0158898164257842
164.4739635998779761	0.0158497711458964
164.8989663638317325	0.0175854425499546
164.9796536630171602	0.0176349775392288
165.8157204629551131	0.0203620972584001
166.0477022517343642	0.0212456657320295
166.2624336388925883	0.0226749018964479
166.3726432420712626	0.0229383705592877
167.8655754736120684	0.0306028630269141
168.1210469702030537	0.0329576836926260
168.2954383857870937	0.0339658623271617
169.1296452052270354	0.0410379566586916
169.6987311318627576	0.0495213951515933
169.8716829462273665	0.0486729862812612
169.9874115987473999	0.0505177452352569
170.7972521299116977	0.0620343182717199
170.7972521299157052	0.0627050448745961
171.6747826147109208	0.0786947206015862
171.6747826147149283	0.0792750906842922
172.3626262390622514	0.0975378728083351
172.6410051806369097	0.1085069149282926
173.2049871124155800	0.1265521110809707
173.4952696867232760	0.1388089265561512
173.9137875981962793	0.1579132870629600
174.2620197598505456	0.1777649126405619
174.6416409676760964	0.1971888508109127
174.9582485045962414	0.2169994652801946
175.2983593991837381	0.2421612547518614
175.7082209520434048	0.2702501079905052
176.0416046124240665	0.2967099498777888
176.3820506535709853	0.3276752636841430
176.7304702170103496	0.3573248509302826
177.1675625524927113	0.3993415343648361
177.5314884423373485	0.4384725752483455
178.1004718484598754	0.4970739203610660
178.9614073779231944	0.5923142909367903
179.2784663698256509	0.6245700238256821
179.5258961410651466	0.6478319300233525
179.7381265346044472	0.6658807773878491
179.9281555991824177	0.6801084902892607
180.1061896253807220	0.6914455661922483
180.2744487740160935	0.7000775130925467
180.4331902217717243	0.7060735353784623
180.5668365359228176	0.7072672975566435
180.7058264235190279	0.7106948614586448
180.8398292997740384	0.7099808337281326
180.8398292997740384	0.7079808337281326
180.9576581102036528	0.7074835548281371
181.0780069301633262	0.7030288434418003
181.1967443595025884	0.6965282088465200
181.3068965545383548	0.6865606685599156
181.4188711121867925	0.6783874629130970
181.5209636965180380	0.6671787378490450
181.6249816846774650	0.6537068888284856
181.7253403268824741	0.6367416698971492
181.8241114182741285	0.6218745819549039
181.9188590404950219	0.6037162869769648
182.0114674190472215	0.5820271410110724
182.1037164399416213	0.5622831803588392
182.1924196088512247	0.5393988610289934
182.2805088312821056	0.5127157180773381
182.3679014251212607	0.4862601788684621
182.4538543859223410	0.4582720947321034
182.5388776341465018	0.4286212826663639
182.6230609846341792	0.3972956575541915
182.7065442598175196	0.3642597790511219
182.7895293330423669	0.3294458004448858
182.8693266496937611	0.2940226014680630
182.9575244743944893	0.2547832119848041
183.0506968196891364	0.2071530218851139
183.1533777533893499	0.1569648719687340
183.3819879257619618	0.0394087446371072
183.4079876576985839	0.0282751331738873
183.4323069287438273	0.0193489806640646
183.4511165687817140	0.0140240642538319
183.4701934923883755	0.0103445299608040
183.4909620535153181	0.0062989155433888
183.5020261877770338	0.0067427589833384
183.5020261877770338	0.0067035953084046
183.6050316732920464	0.0064379188093976
183.8430490904121939	0.0056838993000288
183.8430490904121939	0.0059275041228297
184.0580620138389065	0.0068458887622459
184.0580620138389065	0.0068458887622459
184.0833983939553775	0.0063628166620883
184.0833983939553775	0.0058000496993804
184.1667462967552922	0.0071553718134422
184.1667462967552922	0.0071553718134422
184.1900378298363705	0.0064783222765904
184.1900378298363705	0.0057973919740704
184.2653135993443811	0.0073514264721193
184.2653135993443811	0.0073514264721193
184.2878973991064129	0.0065739544330930
184.2878973991064129	0.0059611570735814
184.3954798029533890	0.0060892905246992
184.7744355416388089	0.0073326722571703
184.7955479905088225	0.0065763143291659
185.0760621445384402	0.0069141680495259
185.5948571384962804	0.0075855456644170
185.9762558743375109	0.0090115630651444
186.0015207044600061	0.0081915628563880
186.3521887289147685	0.0087079240836509
186.8431422807285003	0.0094936433566616
186.8706146983146823	0.0096189312006471
186.9241484118011272	0.0096494716631681
187.1691827032088895	0.0100885067655357
187.9766950752240007	0.0116558258760964
188.0267228783828841	0.0118518552815267
188.0935835743855478	0.0117196516928817
188.0935835743855478	0.0118993022353500
189.1914899590478569	0.0150982422851920
189.2659006481875963	0.0144640982158922
189.4619181853306600	0.0158731546673686
189.5153650304949338	0.0153855720077897
190.0503358374611764	0.0169121137327087
190.3667570533959577	0.0180262491698094
190.6742462850856725	0.0198445388093678
190.7563690868840638	0.0195392337436083
192.0409776133530215	0.0243383078133107
192.1582797539934120	0.0248940687297556
192.2734436401647713	0.0263256742615161
192.9923364999308149	0.0309557701214970
193.2582637141287307	0.0340169069861372
193.5215000393296236	0.0340251751275213
196.1698594959777893	0.0548199490418249
196.3672596642544477	0.0632627604611067
196.7791025999129602	0.0718518613514701
196.9324687061291854	0.0779200284471287
197.2273830876427212	0.0847132732123607
197.4961381472339781	0.0924923371587748
197.4961381472379855	0.0929581127345484
198.1008798902194314	0.1132391511314803
198.3949433424560027	0.1266960979660555
198.9021269196624360	0.1463281426487811
199.2550246535285225	0.1633623743396404
199.6148661946505740	0.1845953357611960
199.9883058630439905	0.2045360175944058
200.3059056923414119	0.2251338049878288
200.6447732403316877	0.2509969717149524
201.0667733206897196	0.2809296883651423
201.3976725178605420	0.3080159996522960
201.7384882932877588	0.3398560522933995
202.1057555775905712	0.3720741360011159
202.4682430825202175	0.4075801329797698
202.8443591486741298	0.4464299446966890
203.2781963779633827	0.4928978532025493
204.2324980884909564	0.5983714260500957
204.5247748259097307	0.6279471832514311
204.7590826411411911	0.6498814969831664
204.9606380606577432	0.6669689841366112
205.1474672413010865	0.6809768262106697
205.3217067990880764	0.6921049000838626
205.4886312050462607	0.7007268725449536
205.6476770366128051	0.7068080597280846
205.7951370174740191	0.7102895061853098
205.9269087641838496	0.7094935299886539
206.0621874577142307	0.7098078584065871
206.0621874577142307	0.7107078584065870
206.1882622998753334	0.7078366735967582
206.3054367972742398	0.7012494287838595
206.4255029962369861	0.6964857848354253
206.5303518002868941	0.6886820712515066
206.6411549341818272	0.6764603703057431
206.7414862429862126	0.6653022550213644
206.8452539623031612	0.6517700104102300
206.9427072934503542	0.6371276193771481
207.0408141199189629	0.6223148166487100
207.1357785451267546	0.6040702547660524
207.2250514560325882	0.5830137964124832
207.3170369873847676	0.5633334292180325
207.4057777573933095	0.5404446542699364
207.4938943214527001	0.5137596230855569
207.5813126318823549	0.4873026545991878
207.6672889198133305	0.4593138106530663
207.7523330486575901	0.4296630216211935
207.8365342255641792	0.3983384862405340
207.9200312571371967	0.3653052444883463
208.0030241915390832	0.3304963236650265
208.0848371172449447	0.2942120516045820
208.1734656973871438	0.2546718881610802
208.2632810446209248	0.2085536818487753
208.3661809361995267	0.1581850107007393
208.6023950501721345	0.0365527938514955
208.6292216679685509	0.0253925100970245
208.6510769267592877	0.0178105821593101
208.6699619674179189	0.0128695190506582
208.6890137559405503	0.0096589057029158
208.7114949588254831	0.0059321098906000
208.7257166002321469	0.0066635184343164
208.7257166002321469	0.0066161978128591
208.8107344549808033	0.0064072071612584
208.9678837696943958	0.0057642077479081
208.9678837696943958	0.0060739240905819
209.2265191956568628	0.0068032093816609
209.2265191956568628	0.0068032093816609
209.2430060625497106	0.0058024990068333
209.2430060625537180	0.0057024990068322
209.2430060625537180	0.0058165391455142
209.5247469867956340	0.0072385712292466
209.5247469867956340	0.0072385712292466
209.5483450642635432	0.0065803298513280
209.5483450642635432	0.0058977320902672
209.6277626972774613	0.0075153375834839
209.6277626972774613	0.0075153375834839
209.6509198660449727	0.0067466534338242
209.6509198660449727	0.0059743781029016
209.7257729889623477	0.0077190866012699
209.7257729889623477	0.0077190866012699
209.7489234039620385	0.0068915651338106
209.7489234039620385	0.0060610942651367
209.8224611455823947	0.0078946668734343
209.8325059536687149	0.0090571195917713
209.8497484780303068	0.0059884268360836
209.8760586503181287	0.0056813623184562
209.8760586503181287	0.0063056061881547
210.1530515063668076	0.0067214371928367
211.4012274677139658	0.0085893019991592
211.5184038310528649	0.0084504286178739
211.6030169564090500	0.0089361207504791
211.6397783819649021	0.0088604539117122
211.9374420721002537	0.0093325695157672
212.5974262730940154	0.0104574121328901
212.8476670034281710	0.0135632728610260
212.8621200792388777	0.0111281969933282
213.0478386115299259	0.0114637149605342
213.4035140939429027	0.0122166266425424
213.9123114035623132	0.0139703328693960
213.9736009807220967	0.0135189193719112
215.8234432048225528	0.0188861464303073
215.8911659111107610	0.0191178754176897
216.6762550548450008	0.0219579116982879
216.9260355888566778	0.0230073791744162
217.1545080273753570	0.0245985281367668
217.2773592688884889	0.0249800684619647
218.5629309732513263	0.0322312474977094
218.8422058472915523	0.0370611417448808
218.9150453668686680	0.0349281966231249
219.5016620470401278	0.0399016173080030
219.7895457383872326	0.0426500370533196
220.0494124253531822	0.0459153663447468
220.3834785400478893	0.0496422639994682
220.8805602010031066	0.0568051604522078
221.6104148835874241	0.0693189330336706
222.4749081242903515	0.0877138155106947
222.7049504641136934	0.0961911827034335
223.4027244633841178	0.1157347655914581
223.5569373249497573	0.1210347715227927
223.5569373249537648	0.1216100756812420
223.9884061059767362	0.1395212416790357
224.3756684809043804	0.1596016892482411
224.8041871895210022	0.1794774760298640
225.1166309188771493	0.1974018176075645
225.4653921950176994	0.2212562611235166
225.8206525040291979	0.2435150999638588
226.1387926768325372	0.2671977570679261
226.5746026256629477	0.3038457321479101
226.9217529305746837	0.3316538002733085
227.2532410729427852	0.3620866265182781
227.6730761877762461	0.4048116423067956
228.0538710131990001	0.4417945954652990
228.5897646250755884	0.4991457970116979
229.4092149552111835	0.5900250692560056
229.7394345960839530	0.6237690628156292
229.9877376330447021	0.6472136619163056
230.2017417719447678	0.6655030839177422
230.3943613162870747	0.6800111209208582
230.5736330159498664	0.6914852341651500
230.7428965579324824	0.7002119795078215
230.9011870420544028	0.7062193635827051
231.0364988716574715	0.7074868511856772
231.1764270127185910	0.7109380508180767
231.3101878348540197	0.7102228772722000
231.3101878348540197	0.7082228772722000
231.4282284200538697	0.7077183765157714
231.5486977512711917	0.7032519488128912
231.6673551786911105	0.6967448912046500
231.7776209558324751	0.6867593618414763
231.8895297780643716	0.6785778459012358
231.9917261341186361	0.6673448808735435
232.0956818742518522	0.6538634849716969
232.1961502352480125	0.6368650981800515
232.2948495872547312	0.6219890394417558
232.3895214517870329	0.6038233043247020
232.4823360999509987	0.5820702702221152
232.5745259505386286	0.5623126420950911
232.6631599309926912	0.5394179920744532
232.7511795949186819	0.5127248383994998
232.8385019693626532	0.4862597398507064
232.9243854469262658	0.4582624129245869
233.0093391736113517	0.4286027423102492
233.0934529089211651	0.3972686452227849
233.1768663632971368	0.3642246841508548
233.2597812380148241	0.3294030129541863
233.3392926572695671	0.2940667463594415
233.4273576407929909	0.2548588783571157
233.5207805988695213	0.2070747218372582
233.6233462667811693	0.1568992634988536
233.8513820476775891	0.0395330700165972
233.8771077380769157	0.0284867301554868
233.9016602733256036	0.0194299291134008
233.9204033627386252	0.0140925363683003
233.9394826888896546	0.0103769552504952
233.9602450962227920	0.0062938127844088
233.9709734622189501	0.0067265005420109
233.9709734622189501	0.0066963518097871
234.0745500362194775	0.0064285891081350
234.3117419644886468	0.0056740174013213
234.3117419644886468	0.0059171097949337
234.5271809579014644	0.0068249331845289
234.5271809579014644	0.0058328145473428
234.8027111745383024	0.0060143028651894
235.3412680856486929	0.0086416223453804
235.3573000006875873	0.0067248661429471
235.3935819230301831	0.0063349718484526
235.4168793552647116	0.0069868306098272
235.4168793552647116	0.0067068255718903
235.5268515565958580	0.0068745070357426
236.0775309147828693	0.0080717420418041
236.1151327392354062	0.0076396773908208
236.9727188770081909	0.0088363980951660
237.2000436093472331	0.0092011287093133
237.2965484758507273	0.0099498365020888
237.3319318521617163	0.0097443710664172
237.6215538009110162	0.0102343127995757
238.2678347972588426	0.0114163793028075
238.5712515919298085	0.0127473899239606
238.6183757948578545	0.0122287665223810
239.1659068012248497	0.0134307617880903
239.5404728899561348	0.0143476523789520
239.8638054722797790	0.0159447251424416
239.9250870095850985	0.0154828281058321
240.3505256049258207	0.0165906413212149
241.0961894577893077	0.0188525272574134
241.3468371607380902	0.0225442885637603
241.3773704796249433	0.0200263001651097
241.7217393684471745	0.0213854760203404
242.1614234599052509	0.0232528284035974
242.5169237948720706	0.0256291381168700
242.6389700280286377	0.0257131311854796
243.2550709591266127	0.0290145300791894
243.2550709591306202	0.0291051547445143
243.7807069248297580	0.0323131212357378
243.8348075462365614	0.0328008511531793
244.7789430153134731	0.0404832716609858
245.1844971172146472	0.0471990884895719
245.3136546345084525	0.0458275523582557
245.4183926754087395	0.0473548371520989
245.6926546931318853	0.0508657269523507
246.2000002937617182	0.0577282855356594
246.2000002937657257	0.0581649625951658
246.8932746730285430	0.0690611467899006
246.8932746730325505	0.0696790157236349
247.6946751142511971	0.0874946584017824
247.9370159266677547	0.0963887128507228
248.6211979791036697	0.1157594540633959
248.8970689650748795	0.1263349939017689
249.3311486068283500	0.1444868838236608
249.6829956989246568	0.1631328739957304
250.0753451683298181	0.1816538832022154
250.3902693162551998	0.2000601332591647
250.7344716399840650	0.2240394408602483
251.1410073537067831	0.2501522030452019
251.4752314054512112	0.2752128336821936
251.8151659496936361	0.3046409010142757
252.1630695456026103	0.3327130632567773
252.5390797181097753	0.3673467426010955
252.9063151365972715	0.4030298711904043
253.2812895499471324	0.4435032260015683
253.7172766365258951	0.4879196849688525
254.7767476557019108	0.6043433553450389
255.0385476920455403	0.6305244491235986
255.2574842647633488	0.6508040179028494
255.4557820865785800	0.6674938678723947
255.6384950792507311	0.6810804479239299
255.8135047537703315	0.6921818174803882
255.9801547658501875	0.7007094401268228
256.1391338746043971	0.7067103067195206
256.2861797763554250	0.7101046684229360
256.4191132442034018	0.7092556928445231
256.5553792119448531	0.7094906211550006
256.5553792119448531	0.7103906211550010
256.6814916941472120	0.7074444740559026
256.7998520657628205	0.7007516323232602
256.9200574253175091	0.6959056159372983
257.0254344469892089	0.6880020937093925
257.1362744974771317	0.6757038608163046
257.2364228993017150	0.6644976144598684
257.3400059648851652	0.6509165323171643
257.4374649484555562	0.6362033262435416
257.5354211743176620	0.6213394263114899
257.6302256753074857	0.6030477201243504
257.7199683239758201	0.5818209911721952
257.8119770036111618	0.5620484429477586
257.9006753538344583	0.5390853584011350
257.9887526667317275	0.5123257685767153
258.0761344576657734	0.4857940962808011
258.1620784671264346	0.4577306011741025
258.2470949987169888	0.4280044514382793
258.3312748222880941	0.3966030723702015
258.4147592133516014	0.3634902455914968
258.4977525037834312	0.3285968001525426
258.5795438860291142	0.2922384585351999
258.6682876807471416	0.2525583047665738
258.7586531304665414	0.2060896651642663
258.8622091549525521	0.1553020903191812
259.0898334798097835	0.0379535472080149
259.1195451794656606	0.0254634012087074
259.1404573918689493	0.0181751613858501
259.1599339501081545	0.0129929386815987
259.1786367108413174	0.0097819473741243
259.2012907917835491	0.0059484573604109
259.2165025885065575	0.0067050311051223
259.2165025885065575	0.0066227238702112
259.3025610817097686	0.0064051586594763
259.4624149347571915	0.0057532883777632
259.4624149347571915	0.0060632655823841
259.7217248481703109	0.0068261988073434
259.7217248481703109	0.0068261988073434
259.7382323684102516	0.0057959962176995
259.7382323684142307	0.0056959962176979
259.7382323684142307	0.0058093124779789
260.0179827645930573	0.0072539400125486
260.0179827645930573	0.0072539400125486
260.0348604545461058	0.0060027255744867
260.0348604545500848	0.0065988591535632
260.0644899013825011	0.0060136374330494
260.8662011292897205	0.0069476214696351
261.1139277785562172	0.0072722904730261
261.3574331536275963	0.0081514880858733
261.3912261336998881	0.0077249637508342
261.7606695200457239	0.0082451590005683
262.2792827504335946	0.0090350423680397
262.6257699560862306	0.0102377015455080
262.6658528313678858	0.0097341675347722
263.1786903604208305	0.0106413914296123
263.5537159371210691	0.0114377991003900
263.8739710799868590	0.0127347609108301
263.9271652436196405	0.0123016838394992
264.6260487140647797	0.0138333380130833
264.9182701416557961	0.0145622088806326
265.1944484480553683	0.0159531857367423
265.2604489714393594	0.0156219172708250
266.0679748463256828	0.0179495156184211
266.3043325057323614	0.0187448228933579
266.5794528732466802	0.0203797930616543
266.6711283487136939	0.0201713222043577
267.6148559764416746	0.0238132050411289
267.8044268897340885	0.0246880740375838
267.9840141311872230	0.0262421170121551
268.1009424294917380	0.0266948908232464
269.4872787028983794	0.0353855543014813
269.7655876613906116	0.0382139836823947
270.0060324610420253	0.0401888470112674
270.6201415232239924	0.0466974347602883
271.5334937689760295	0.0586649141459849
271.7902818714745763	0.0653709000141610
272.0577504690222099	0.0675611674186589
272.2365594536133813	0.0714886113672550
273.5853986212601967	0.1034366084611271
273.7059682572137262	0.1096860212555584
274.3518778046710054	0.1319875461321320
274.5959788209554517	0.1419725659021186
274.5959788209594308	0.1429556122996193
275.0219671558280652	0.1638976840533710
275.4156048831756038	0.1850973481337114
275.7593544945124791	0.2075720037134957
276.1232951095038288	0.2292144408868224
276.4424310816436900	0.2518979838303338
276.7782285327154455	0.2796726946606485
277.2237681808092020	0.3141698745246714
277.5526300213138597	0.3432725112314320
277.8966332127088776	0.3776570311174788
278.3572323045336248	0.4213475263217186
278.7411789540631162	0.4616103319695767
279.2133559548513517	0.5127849032668105
280.0476644806578861	0.6049500951590132
280.3249899753018894	0.6327176123261183
280.5516944802250805	0.6536460736936212
280.7541481480639050	0.6705086923526701
280.9408735465788709	0.6841520396871141
281.1140465408448108	0.6948150351374671
281.2796810952718829	0.7029391851011475
281.4361800325187914	0.7084670610483985
281.5681299584203998	0.7092721209664790
281.7043858614000555	0.7113841344596424
281.7043858614000555	0.7122841344596428
281.8369889616326986	0.7111810545668541
281.9512307069252870	0.7063797450034442
282.0732314188669534	0.7034890878780699
282.1895754966471941	0.6967103968843502
282.2989730391465173	0.6864080586391283
282.4099752983067901	0.6779071752220536
282.5116385931231662	0.6663522907396431
282.6148119728053416	0.6525658317775352
282.7150072131341858	0.6352030406003755
282.8129701344196860	0.6200318980509791
282.9069249517625622	0.6015851956448179
283.0002775863305260	0.5793004106700320
283.0918405519913676	0.5592390468581091
283.1798528114196642	0.5360568718372922
283.2672486252337762	0.5090799533302327
283.3539497042373227	0.4823341213232497
283.4392285354525711	0.4540587479356676
283.5235898306232798	0.4241220833001341
283.6071271986455713	0.3925099260839277
283.6899862753391517	0.3591833723318501
283.7723792572500656	0.3240684630493728
283.8496617106525832	0.2892078879789377
283.9367744956416004	0.2500079649177157
284.0357087349776748	0.1990755369976326
284.1425513541658461	0.1461260787515320
284.2842885890032107	0.0714953579108962
284.3144643862492558	0.0562619661022895
284.3435889458737051	0.0424715162524238
284.3785009184432511	0.0271721779052853
284.3988864155030569	0.0197065480587339
284.4192988702379239	0.0138069134190765
284.4360174609381033	0.0106421106756184
284.4646857347490823	0.0057308784753550
284.4736455636029291	0.0063324299512657
284.4736455636029291	0.0065467129627075
284.5527421797697798	0.0063998032222690
284.7112442501027658	0.0060751603847518
284.8428240034992314	0.0058667560973222
285.0352108076399418	0.0057599080188002
285.2572576709965801	0.0066033883571488
285.2572576709965801	0.0058788393450775
285.4182719127099972	0.0060458590837883
285.8528229321129288	0.0073797565783814
285.8715442698261313	0.0067439379684441
286.0291689437786431	0.0069208951047877
286.5150372749504868	0.0075965564046159
286.5183698822700080	0.0076117025349296
286.5437419158861303	0.0076269739182291
286.5702730541447067	0.0076686802774013
286.6171976172831819	0.0077344314947021
288.7188247016007381	0.0117414221453047
288.7481779351625164	0.0113059230203298
288.9775098478699533	0.0117469489926579
289.6214510254836796	0.0131689116339387
289.6649352982761911	0.0133671718755026
289.7416243526557764	0.0134019382127073
289.8236300994780663	0.0137162640554004
289.9092829629441894	0.0138382876299994
290.2215768742697151	0.0146546928980043
290.8289467949838922	0.0164068249880860
290.8628182904036521	0.0165826640220656
290.9544122510088187	0.0167356668613369
291.0561245818564089	0.0171238744448731
291.1637627432198201	0.0174320807178799
291.9381408157852889	0.0199841624156709
292.6418113555050695	0.0226767286355999
293.0772848250257425	0.0242640547594479
293.1605653293210594	0.0253161244073927
293.1628798253236141	0.0253490156179755
294.4573698949155300	0.0322565635674343
294.5659203156452577	0.0331085852970723
294.6905991244375969	0.0349100678284169
295.4722006823338916	0.0412890309182216
295.6905351716364407	0.0456800569124211
295.8155219871926533	0.0450220327472200
296.9298235533024126	0.0587916696496272
297.0456630576189809	0.0606020313560089
297.1583776799853922	0.0632446692962660
298.0148243086622983	0.0809416366930148
298.4054649661585472	0.0932422087845702
299.0443646882678763	0.1100944811217912
299.2575176936608727	0.1170615430017192
299.2575176936648518	0.1178583464800586
299.7092542059040738	0.1359911683360594
300.0555035415214888	0.1537967732862621
300.5604449865456331	0.1770421573733379
300.8743711587368352	0.1948070372122988
301.2247572397614022	0.2184802574161330
301.5817287766943195	0.2405574514484087
301.9004181190459235	0.2640096134605314
302.2824802085218039	0.2961768249860062
302.6432573095432303	0.3246093898946215
302.9744891328215886	0.3545468862644018
303.3534775521969777	0.3928598683469776
303.7382837219374778	0.4295637687386208
304.1883973743987895	0.4770937344485574
304.8338251378320933	0.5495328498795590
305.3311902489685394	0.6026418641469620
305.6184237452302455	0.6313985065226074
305.8442616618815464	0.6522311361157529
306.0422212701412832	0.6687240163969670
306.2282189304853546	0.6823693252296944
306.4033192195058746	0.6932382684189808
306.5685600016487911	0.7014267133410098
306.7255673293750533	0.7070668475296118
306.8579389394238888	0.7079668717127098
306.9960114747881335	0.7102004177941778
306.9960114747881335	0.7111004177941782
307.1292595838056059	0.7100948215529038
307.2453251834468801	0.7053585129387113
307.3686130119573363	0.7025261381851752
307.4853568007426929	0.6958281377854831
307.5950043214447192	0.6856095209809991
307.7061896402819343	0.6771997093637123
307.8085599379288055	0.6656729054996540
307.9119865208806459	0.6519575421723578
308.0127187048955193	0.6346215244146246
308.1109032058637354	0.6195171236463196
308.2050757381669541	0.6011334063059406
308.2986916339276036	0.5789014821969654
308.3816472617281192	0.5591088228185851
308.4707450907147290	0.5359540729215575
308.5584413769349226	0.5111985007518455
308.6450672073297596	0.4847821859635467
308.7306762180858755	0.4567119063256001
308.8153474454294951	0.4269835609967049
308.8991838956196716	0.3955805964612152
308.9823264723061698	0.3624667357822731
309.0649796741780619	0.3275724172902298
309.1424482863719163	0.2929442116856842
309.2296487664081610	0.2540583406627808
309.3277966243662149	0.2059092072161907
309.4287780869682365	0.1543334651497204
309.6401646528783544	0.0431584814518220
309.6586871204891622	0.0341601882155218
309.6586871204931413	0.0348735140164579
309.6941981267110009	0.0206645114541816
309.7099506047654813	0.0178590987254978
309.7389956434201963	0.0089030000471868
309.7401466429906804	0.0087038482637013
309.7401466429946595	0.0087968300807905
309.7659900638824411	0.0075127360856901
309.7972983189054048	0.0062929921254066
309.8494911643114733	0.0071256800640924
309.8494911643114733	0.0064937773409962
309.9974091493058381	0.0061295905616378
310.2163865462258627	0.0055837464037367
310.2163865462258627	0.0058283698128511
310.4094687240029771	0.0073233178255981
310.4094687240029771	0.0073233178255981
310.4315369857294513	0.0064983711796606
310.4315369857294513	0.0056964677885338
310.4976257557557346	0.0074142287886989
310.4976257557557346	0.0074142287886989
310.5195293722530892	0.0065481708944974
310.5195293722530892	0.0057035034566330
310.5729008686987527	0.0074972364615899
310.5729008686987527	0.0074972364615899
310.5952006068650348	0.0066592855599496
310.5952006068650348	0.0058249515821323
310.6638582761862608	0.0076448165510554
310.6638582761862608	0.0076448165510554
310.6862526170069145	0.0067712490599400
310.6862526170069145	0.0058972352404964
310.7544757681100123	0.0077793200624663
310.7640689503202793	0.0089392747812744
310.7808254651757238	0.0058107104899991
310.8055290336604912	0.0054989654809021
310.8055290336604912	0.0061327745597568
311.0642930683792997	0.0066645735565405
313.6052975112793320	0.0103894037549171
313.6125849358633673	0.0105575377262300
314.0557668642451290	0.0114226846903733
314.6403032467067078	0.0126124705933899
314.9516151572507852	0.0138010489987069
315.0554811736992633	0.0136725870879115
316.5552708477520127	0.0177211067613667
316.8782413159107705	0.0194661195505844
316.9629884207225814	0.0192273393194341
318.5294031123485752	0.0249738018038613
318.6145161200616371	0.0253848961955786
318.6984683741306412	0.0270658096115936
319.3323414452509610	0.0309030221511558
319.6180322903838942	0.0326028546958272
320.2721034446957447	0.0376889364197923
321.7205766018673785	0.0513944407251856
321.7907876645943475	0.0519938484965774
322.1736315115254570	0.0612353123270414
323.0684230190527728	0.0762192903694535
323.3167730876870678	0.0816161864066560
323.7853285592884163	0.0942732002742183
324.1627965262228486	0.1084093848421672
324.6856519750883763	0.1251340289297507
325.0128876716157720	0.1388278239161460
325.4237111368194064	0.1576542891494439
325.7737121301903471	0.1776346109782835
326.1530918242781922	0.1970883524900809
326.4696197983680008	0.2169288722581119
326.8096474128893192	0.2421221817303882
327.2293858833484705	0.2709577609717537
327.5594618975918593	0.2972403298636023
327.8990544923057087	0.3282205872417941
328.2538866703416147	0.3585295968839043
328.6111072641173223	0.3927329627477452
328.9726630794410767	0.4313359578507004
329.5046199038331451	0.4856576638328235
330.5744738660454232	0.6032138591037657
330.8770195259544948	0.6333387121795833
331.1243773643293480	0.6558527538490715
331.3363964939767357	0.6730440986857882
331.5277481878468961	0.6864377642294628
331.7050114582486913	0.6966876910363097
331.8673111493625925	0.7039107288574217
332.0089432902825592	0.7063274778352350
332.1532766357624382	0.7108541048855603
332.2897736980006584	0.7111292441984849
332.2897736980006584	0.7091292441984849
332.4119963383205345	0.7094900117538637
332.5357110505962623	0.7058896601297566
332.6567474334848953	0.7002524880129913
332.7688049217586013	0.6910975901318753
332.8827056002505742	0.6837519532258116
332.9847057000643531	0.6734650715326062
333.0902430553970248	0.6588030573345308
333.1902735772951587	0.6448542506716975
333.2897251573909898	0.6308978662431258
333.3859615929413849	0.6134864118723062
333.4749835991700593	0.5934894494043901
333.5679644466724767	0.5746851523484752
333.6578230795220747	0.5526079618635162
333.7470528371645173	0.5267281227430177
333.8321062312395497	0.5020363626922030
333.9188341964987217	0.4767781692728816
334.0030318069030955	0.4483436372177687
334.0867467507918604	0.4161108244159152
334.1700677573167582	0.3840470756728490
334.2477618111127526	0.3522266324298930
334.3327507040289674	0.3154329861903716
334.4180176347834390	0.2765164102342486
334.5080261468606295	0.2355976529443039
334.6024415894655135	0.1865187098706015
334.7132613639960255	0.1314081319343611
334.8785909309055455	0.0456054951238836
334.8953158943397739	0.0379710868123084
334.9335094075424308	0.0201746310441844
334.9388870910811420	0.0181114333172368
334.9388870910851210	0.0184703426502903
334.9628231569165564	0.0122146743188249
334.9793750982988740	0.0116625119290093
335.0022203990312732	0.0061246881274477
335.0079002357446143	0.0065246650743631
335.0440997068673710	0.0066570534576337
335.1568725783947116	0.0063082455714235
335.3874285851055674	0.0059155776729064
335.5876795528240564	0.0055335913420200
335.5876795528240564	0.0058214712339787
335.8247988422468211	0.0069943559068214
335.8247988422468211	0.0069943559068214
335.8501599228578129	0.0065036755613786
335.8501599228578129	0.0059232417559727
335.9101166308261099	0.0074236288927387
335.9101166308261099	0.0074236288927387
335.9348319687589992	0.0067949784198816
335.9348319687589992	0.0061296635341183
336.0206926059684633	0.0077352637118561
336.0206926059684633	0.0077352637118561
336.0448172096031954	0.0069798581819148
336.0448172096031954	0.0062163075267688
336.1248536816817705	0.0079577478824479
336.1248536816817705	0.0079577478824479
336.1489558878953972	0.0071384567073800
336.1489558878953972	0.0063130665946381
336.2275313245290818	0.0081485158870555
336.2380460408641625	0.0093097580705727
336.2560265784294415	0.0062544653121844
336.2840917921131449	0.0059508400356011
336.2840917921131449	0.0065711526770418
336.5895918721400903	0.0070293098027453
337.5021076852707438	0.0084954917595058
337.5892889218682171	0.0083639242531622
337.7387276408829280	0.0089134098727084
337.7822295574378586	0.0087760531258596
338.1697398201134206	0.0093896085075991
338.7041123260949007	0.0103083733037371
338.8693829831541962	0.0105876468106769
339.6155084937248603	0.0118000985714052
339.7286714021729495	0.0122335732295734
340.0127693301787986	0.0129484060941777
340.6109545015931985	0.0151759492746001
340.6682499671136952	0.0145284688067879
342.0443105902954812	0.0192460408511956
342.1164041050355991	0.0188842157159752
342.9441170724747963	0.0218016680703712
343.1760335473033479	0.0227639975897925
343.3953563175467139	0.0245091014995196
343.4970707687584763	0.0245665654080597
345.5247341041534810	0.0347716119869092
345.5783600623315692	0.0351402175844720
345.6312003977380982	0.0362816067305871
345.8311177808348589	0.0406424771519165
346.2785526400989511	0.0464216491121169
346.5012919781614755	0.0472795738168960
347.9203587651206249	0.0659068471068293
348.0007377634092336	0.0694562000384813
348.2693585374865393	0.0745411142373162
348.9232485984813366	0.0910722939443966
349.2242285706487905	0.1020093690439511
349.8528281112128298	0.1210152838314726
350.1085700958067832	0.1313609744655360
350.5193021736318997	0.1496428470088643
350.8701835556594233	0.1691685289887570
351.2530198418893974	0.1882463165271553
351.6341237647999947	0.2113625611948954
351.9858979200560611	0.2366206266799451
352.3405270720283511	0.2600688559142861
352.6623112522065071	0.2851215359828815
353.0025980115188986	0.3155582087778083
353.3719664854812663	0.3460976591095585
353.7103662152662196	0.3779163920948597
354.0903150550801115	0.4176875260970968
354.4929356417994768	0.4574938218861238
355.0530415817867151	0.5181506740661761
355.8136206348531232	0.6021925369476696
356.1108001980637709	0.6319590786875889
356.3477937326390474	0.6537654660961745
356.5551077914421967	0.6708945316232134
356.7443847027154220	0.6845394346425918
356.9188889599175241	0.6950700408689553
357.0848879218693810	0.7029714215283007
357.2394822556377108	0.7081730452735481
357.3739019914341952	0.7088130229549058
357.5118062605381510	0.7106652017590709
357.5118062605381510	0.7115652017590709
357.6429962014172474	0.7101660911957499
357.7597889460736837	0.7050410056837004
357.8829945875076533	0.7017670903487796
357.9981967666099649	0.6946978818393172
358.1094377063232628	0.6839168820664996
358.2195110561561364	0.6751055601194289
358.3232960749618314	0.6629437482247071
358.4257010929126182	0.6488298193279839
358.5253391469112216	0.6311173568234572
358.6170432860195092	0.6147572597698021
358.7117660638015764	0.5958577038113189
358.8043618318412200	0.5754112385977971
358.8937710922040765	0.5537273606126661
358.9832363211392590	0.5319138670420120
359.0698226777511763	0.5068953465388700
359.1558037786984414	0.4780934482958340
359.2411603334331858	0.4495175586429738
359.3251989092386793	0.4194128677737730
359.4084415073438095	0.3876252561901926
359.4909340382985192	0.3541536399468557
359.5768876784966892	0.3190274077280355
359.6614631336613002	0.2805065242981726
359.7563902177735145	0.2351711370410669
359.8503721858231756	0.1882766920968870
359.9817215290592003	0.1202988993776527
360.0825491951760000	0.0665236449952779
360.1328773347524930	0.0415210477298787
360.1596072471680259	0.0318048980527737
360.1893141596152645	0.0183372045663639
360.2009331665449281	0.0142310142357256
360.2009331665489071	0.0150834816528514
360.2268164610695180	0.0098471797669806
360.2442330896472527	0.0102849891614303
360.2547947165182336	0.0067780480872312
360.2596606463765170	0.0061177547758334
360.2877524061543113	0.0089261382065831
360.3086344995658123	0.0063862659496143
360.3913033044927943	0.0060072646816277
360.3913033044927943	0.0062927384614803
360.6152208264270485	0.0068001706305957
360.6152208264270485	0.0059234627516376
361.0028281921846656	0.0075342751792359
361.0028281921846656	0.0075342751792359
361.0242860023050184	0.0066059357767035
361.0242860023050184	0.0056739370995449
361.0860326207761091	0.0076265543585655
361.0950587058393353	0.0087844222403309
361.1111884139358494	0.0055762423263246
361.1339197905117544	0.0052604730791834
361.1339197905117544	0.0059080629438242
361.2848647009893739	0.0094216434595382
361.2945568829514400	0.0068879510397044
361.3180040811268441	0.0063651656150513
361.3562718538652234	0.0069235098344363
361.3562718538652234	0.0063776962086195
361.4830507837324376	0.0065454441715925
361.9302053921796869	0.0078315624915272
361.9557526765440798	0.0071598798009933
362.3250722292875707	0.0076570555430365
362.8006715280428125	0.0083408103326284
363.1687423956656744	0.0097076917354512
363.1994914332159397	0.0090045704270598
363.6054427907885724	0.0096722884141055
364.0635159791319211	0.0104875822264175
364.2630671298513221	0.0108329755287057
364.5886088119502801	0.0134741209120378
364.6505751462893272	0.0115099348586769
364.7477771618216593	0.0112861401060735
364.7477771618216593	0.0117937202531268
365.3583541416383014	0.0132666426239935
365.4785993978997567	0.0133638578751334
365.7193527318010524	0.0142616974882772
365.7925853904301903	0.0142202226199629
366.7456101159833111	0.0166815193526243
366.9379488210379918	0.0172652468192391
367.1207021534874571	0.0183705572452040
367.1988586916400550	0.0182701062952912
367.8457115317414718	0.0204721187136184
368.1602514874945768	0.0216981064704192
368.4399755742092566	0.0235501662744642
368.5484335337523021	0.0236073781137203
370.2047332970193452	0.0326122056461198
370.4136670873753587	0.0346656503001921
370.9922932178714063	0.0399060205933818
371.4944024903415993	0.0440690045373669
371.7830363990149749	0.0479743794265712
372.1720738537681541	0.0526701686733168
372.5889834813793868	0.0592317150409809
373.3915694361824649	0.0739240848960792
374.0272806700224351	0.0883790598016785
374.3656866674895127	0.0998691319389971
374.9571591017594869	0.1164948812768890
375.2244496522525310	0.1267921191844071
375.6313566082413899	0.1441724839627027
376.0890586013626944	0.1679184961049143
376.4688505161227567	0.1860797961248256
376.7876195024473986	0.2049218002503453
377.1324207662394770	0.2291736889962865
377.4847440149823115	0.2519080788356511
377.8367089900862084	0.2786839076060962
378.1887552087421227	0.3072569992577642
378.5292283832598059	0.3388837370034085
378.8788926582416821	0.3693156376813281
379.3323731259014266	0.4137334872787506
379.7189804853870214	0.4558648545174129
380.1829457893143740	0.5037442971452119
381.1600619486414985	0.6108499264670901
381.4452505198486278	0.6387749697226717
381.6835922353695878	0.6600088744677871
381.8913876047248550	0.6764090492835109
382.0795294274911953	0.6891311711615898
382.2532082153276747	0.6987175017845948
382.3953677600053993	0.7027327777742526
382.5423278672290621	0.7091127521761081
382.6837028126696509	0.7112882679290501
382.8203986503993406	0.7112663371543959
382.8203986503993406	0.7092663371543959
382.9450643772385092	0.7093160865182407
383.0697844101781016	0.7053473617987955
383.1894159599119121	0.6994047585385262
383.3026856399766302	0.6898203817684070
383.4153501898699119	0.6821665396388845
383.5195756280513706	0.6712852977510899
383.6241847126485709	0.6582823714684400
383.7259000142736340	0.6416615108406144
383.8251049081982273	0.6272483906754437
383.9202291644654679	0.6095317223284596
384.0133157755233242	0.5882527609573338
384.1058868287690302	0.5689478510486768
384.1948708540874691	0.5464923003550131
384.2832375537764733	0.5202355488924015
384.3708941765581812	0.4942063562796400
384.4570880670022461	0.4666435089638926
384.5423280515763054	0.4374207473204843
384.6266960160484700	0.4065299275489487
384.7103194440662719	0.3739419557705232
384.7933790185218754	0.3395999468835141
384.8761500377233915	0.3033973708795475
384.9549408394643137	0.2669954200120722
385.0445314091945761	0.2256355735209044
385.1500474162905903	0.1703743925342326
385.3097043149276715	0.0892127490822313
385.3863966916978256	0.0501204757044443
385.4349310655646264	0.0260241478377840
385.4400245345359508	0.0238226026620531
385.4400245345399298	0.0241109210001443
385.4666560987229218	0.0153553123970958
385.4823610752698642	0.0138222252432983
385.5218434705256527	0.0063885609250659
385.5218434705256527	0.0066849393110027
385.8328584327895214	0.0059737241363867
385.8328584327935005	0.0059714244726177
385.8753635754553102	0.0059062451802338
386.1197218190239369	0.0058053291572776
386.3645791343207634	0.0057024172837171
386.3645791343207634	0.0060728953947625
386.6929306932931922	0.0078191155792130
386.7062717316396743	0.0089052937970698
386.7248583136322395	0.0062669631134954
386.7574796806099471	0.0059408360450377
386.7574796806099471	0.0064948907647419
387.0212024371856501	0.0068990555241185
388.1711682019292198	0.0084829100195427
388.3847063695379802	0.0080986157171367
388.4066171985751907	0.0089074625165570
388.4066171985751907	0.0088050314522636
388.5388883359137253	0.0090764346955304
389.3134828681860995	0.0106928471911781
389.3923678149110970	0.0104960243790491
389.6385081578039262	0.0113733808575406
389.6937441810128462	0.0111572154145853
390.3123806158304205	0.0123890283052703
390.6529800100208263	0.0131496617272239
390.9533567405629242	0.0144057967872619
391.0206918099970608	0.0141513662331822
391.6631869890745747	0.0157589897469632
392.3353297162111062	0.0176670892539947
392.6030726270526543	0.0211259615710227
392.6330074643492480	0.0187965023512046
392.9795431902991254	0.0200540422076446
393.4222532532257901	0.0217891928836488
393.7803278372579712	0.0238486758505680
393.9134059203865377	0.0241222513657655
394.4105226648960070	0.0264984186134675
394.4105226648999860	0.0265575182558599
394.8384838067557894	0.0288582555638741
394.8863233572271838	0.0292041380269096
396.0369851424550802	0.0372493048606430
396.3243707983760942	0.0424994379499313
396.4208221302646962	0.0407958350291189
397.2021272617255363	0.0493383551286270
397.4453118100364577	0.0522598561227862
398.7283785446011848	0.0716965917529210
398.8206612433134524	0.0735480974356260
