0.0000000000000000	0.0100000000000000
0.0030863684768451	0.0080000000000000
0.0179906076263667	0.0041519529978508
0.0374945682227035	0.0012119429446820
0.0661203710768998	0.0004032906056466
0.0661203710768998	-0.0000665596960505
0.1033591245178959	-0.0000026900309156
0.2651600968207883	-0.0000019152945129
0.9176446040764719	0.0000074169578628
1.4356163559707693	0.0000104219478628
6.9451191074122054	0.0000542068939045
9.4100882026289376	0.0000873452930067
11.8528152050747924	0.0001363450731179
14.0120573575502405	0.0011698057927461
14.0249947561713224	0.0002077439644042
14.2972391578446469	0.0002029925745998
14.7490766279871419	0.0001000393131977
14.7490766279871419	0.0002341258042014
15.3168409281812803	0.0012530574038916
15.3168409281812803	0.0002696487670521
15.4673457665965230	0.0023876834081325
15.4805794097612157	0.0003387047830152
15.4956652622960043	0.0015904170237332
15.5020859183599420	0.0002731070311124
15.5340197675320777	0.0002097759714018
15.5856829471985172	0.0002846300688859
16.0349429424884988	0.0004508750809169
16.0349429424884988	0.0003054013462383
16.7699541786461310	0.0003525337586484
17.4395072030368006	0.0004282763929513
18.1531578739317823	0.0033304135703400
18.1613728896774305	0.0013688318017463
18.1775077697072831	0.0000846747627889
18.1843439316197433	0.0025216811115978
18.1888617227528044	0.0005079151111982
18.2061172357712842	0.0005496382069711
18.2365544608738297	0.0005351673383875
18.5258619897452022	0.0003944896390200
18.5258619897452022	0.0005721201565056
18.9480471457878465	0.0020656817331519
18.9586086124282183	0.0031138411306802
18.9739547326703111	0.0001508401052567
18.9875379451855331	-0.0002029329035439
18.9875379451855331	0.0004116308722335
19.0861761758083688	0.0006867715403619
19.2520671668972803	0.0007145603956626
20.1626049201238082	0.0009591817493873
20.3432196702399217	-0.0009837496773322
20.3550063439510254	0.0008615105782261
20.3638998190794567	0.0021442145148155
20.3712223026069594	0.0010178214460095
20.4042840732631845	0.0009919331586470
20.4703972582197800	0.0010657452981082
21.3040206029742620	0.0014284996686151
21.6963876827912117	0.0023634035865013
21.7211149269160479	0.0017125170654284
21.8292594465809699	0.0018371599774949
22.0991651960509294	0.0020445052412480
22.2787756576114369	0.0021820308380262
22.5175154616458357	0.0024415457993600
23.0884385727825467	0.0040709856321831
23.1170433418656387	0.0033013350820038
23.3468017245362418	0.0036419482948074
23.8224516443675043	0.0046675373089387
23.8313155324420265	0.0047300339487097
23.9016736556475458	0.0048858417089560
24.1814851419565997	0.0065976503422512
24.2304656234870741	0.0059896241669531
24.9224375246085863	0.0097527041731621
25.0103154175255078	0.0100947197947113
25.5604704693904274	0.0155675252840214
26.0264202872476993	0.0237309853577658
26.0484530696030845	0.0242054451457465
26.3015346010447502	0.0322785576154208
26.5700213927290321	0.0434514837491440
26.7147150485345009	0.0532113285618766
26.8970605632120723	0.0627343435169768
27.0495665555575293	0.0744010314324002
27.2056296307544692	0.0901923111450418
27.3569248747030400	0.1034735227382095
27.5091408108072066	0.1209295862626876
27.6586202001153545	0.1420131827085561
27.8172464756975444	0.1621858546537778
27.9723720590040017	0.1859035581228297
28.1321065740483327	0.2122662323299009
28.2978471621017640	0.2415424184874525
28.4743728443782373	0.2746515834486599
28.6869746274205504	0.3187415582968914
28.9266503997131927	0.3662987060295951
29.5372574509785899	0.4956646268120554
29.7394758804700210	0.5349016741625082
29.8791670376458285	0.5600046589127966
30.0228748496507869	0.5836731723549050
30.1354456808345255	0.6003201896604687
30.2507622770359426	0.6151686699448827
30.3550997243646243	0.6266957361116668
30.4531973420922313	0.6355160706504304
30.5424972917156516	0.6415793619639444
30.6319981113879507	0.6455958634602694
30.7176671118733182	0.6474327190631873
30.8002035641026488	0.6471925232403656
30.8002035641026488	0.6471925232403656
30.8799962305081657	0.6449474500951564
30.9575136923599388	0.6407437990917919
31.0329032698276990	0.6346235622797383
31.1063363189220929	0.6266224542066864
31.1777741491611664	0.6167957384220130
31.2471533744431440	0.6052105437138144
31.3136352961952511	0.5921497130964845
31.3797372323145893	0.5771861455783992
31.4459238219366526	0.5601752044283430
31.5103800185010385	0.5416747789978740
31.5709155207129086	0.5223596999196580
31.6342048990924880	0.5001369623763527
31.6983302625697867	0.4756068966602190
31.7605274094150474	0.4497991890737617
31.8262755260572838	0.4204603630737340
31.9028777156192298	0.3841226107204444
32.5434805105437945	0.0733349517385430
32.6429619086199381	0.0282778917508738
32.6694726409909890	0.0195195381535493
32.7042980526723355	0.0068492799858496
32.7158397216142092	0.0039782496153139
32.7334083961675901	-0.0007864717406604
32.7377829354794443	-0.0002194667027892
32.7377829354794443	-0.0002044698961046
32.7641076317850803	0.0000456649479821
32.9929135245257754	0.0000651614875404
34.3856927006807140	0.0000852310217670
35.2113832867854555	0.0000969607266506
35.8037509050896787	0.0002084184593992
35.8037509050896787	0.0001074406871871
38.1023433117920263	0.0001621818385885
39.6497473555528117	0.0002159397975432
40.7794670520835325	0.0011524312184698
40.7937637227692846	0.0002778663496027
41.0749607756583899	0.0002774970717939
41.5795944184823227	0.0003143442868656
42.1559068207655230	0.0012913947909970
42.1698881239316776	0.0003775971640502
42.3964736450302340	0.0003839946461807
42.8668337417624628	0.0004577049755763
42.9406628694658679	0.0004557353152737
43.9765331842993277	0.0005707948944491
44.3410844632008576	0.0006804440605900
45.4103995188584122	0.0009189046688149
46.0666793826251109	0.0011698024043492
46.5458979289144210	0.0022958865706893
46.5649771223714311	0.0014385061710553
46.6307267520983046	0.0015144276167029
46.9350126080555157	0.0017095005509227
47.2194199576078049	0.0018931254408330
47.5292482303506816	0.0021730248564506
48.1387772703088928	0.0037607983874207
48.1650935205069430	0.0029583219169045
48.3804700372236667	0.0032214562833386
48.8542538074972654	0.0041330568913189
48.9461841525491508	0.0043978980384148
49.4729021572223004	0.0058537302448490
49.8585552913104024	0.0073177481922092
50.0374805414132950	0.0087660276503358
50.1090870008191871	0.0090076788815466
50.4094296932692032	0.0110808887902136
50.6679723945172427	0.0134220144194800
50.8266719178839494	0.0177437109895218
50.8924429321705389	0.0159525281978579
50.9497288381257292	0.0171492837727097
51.0975805401095826	0.0195649605527162
51.2035940004044434	0.0214746631786825
51.2035940004084438	0.0220517217998615
51.5985679024826354	0.0331178190775418
51.8753451486675417	0.0451492794512111
52.0135196814790248	0.0548766319759790
52.1944590717928349	0.0647186537338224
52.3469492717976337	0.0767186510120738
52.5026648678952554	0.0928270701094322
52.6589480423147407	0.1069300321828166
52.7955883901325080	0.1229028214803048
52.9481033956230647	0.1446286039470228
53.1085945602146481	0.1674283767877486
53.2638857909408401	0.1914859179071096
53.4247392439796940	0.2163242969246497
53.6004725260778585	0.2477492061534070
53.7883923249556233	0.2854937331312927
54.0042385569294865	0.3267520738886203
54.2565951335547183	0.3793847818244909
54.7004641781324281	0.4743427849002407
54.9079322357814092	0.5160523186396535
55.0634707009575948	0.5453134999846140
55.2174287317961756	0.5720433892496688
55.3377218081030335	0.5910367552183291
55.4518314957045106	0.6070788460256684
55.5642182718791489	0.6206565284530325
55.6656144297626057	0.6309805993428159
55.7572226442476193	0.6383458907461607
55.8528520629606220	0.6439306288105550
55.9400587131407008	0.6470634919162850
56.0207572537584468	0.6480026868104299
56.0207572537584468	0.6480026868104299
56.1021572596605083	0.6469010787077202
56.1811688827814493	0.6438130846364494
56.2579604396556263	0.6387832893053083
56.3327233806058203	0.6318492383450813
56.4055813096279053	0.6230480635921670
56.4738824541159872	0.6128585066312501
56.5415008536626971	0.6008454084045183
56.6081512216106901	0.5870366380582652
56.6754272242440962	0.5710741391450622
56.7406027744562707	0.5536477554246245
56.8030146950081729	0.5330018935430557
56.8662584274279368	0.5141316106763852
56.9288192043093701	0.4914519711701968
56.9914235070504844	0.4667566792650974
57.0540542381989368	0.4400502742691909
57.1173510925171684	0.4110486591023286
57.2160794003518944	0.3634560202396540
57.6574748217647013	0.1477784442226695
57.8546126244577152	0.0545511116355479
57.8969982540508781	0.0377168823989804
57.9541959720381925	0.0137743108512401
57.9700565929023099	0.0084063360949975
57.9896166779835838	0.0032281089905353
58.0018719888440586	0.0015103945273078
58.0254596418432271	-0.0007119106416107
58.0254596418432271	-0.0006081648736619
58.0475410280729278	-0.0000384302047714
58.1743760412879354	0.0026956737023700
58.1815939162115896	0.0008573476301483
58.1952867892222798	0.0014883112995427
58.2024121478147620	-0.0000810979211635
58.2984024251226316	-0.0000132345323805
58.3685506932995395	0.0000590883982079
59.0089290380938536	0.0000710801566372
61.8039562141564147	0.0009920817550086
61.8175767616541734	0.0001230280158222
62.0906222225095021	0.0001142873707641
62.5699679785491369	0.0001359843677840
64.0849318662469756	0.0011078492603742
64.0982790499811870	0.0001838657408606
64.4286473518820770	0.0001963038881231
64.4738426084513350	0.0002003624648437
66.5190161953885166	0.0003023151908147
67.7251300007953887	0.0013517999070127
67.7388159119096258	0.0004102681258935
67.9401589571876627	0.0004102336180942
68.3112185305370758	0.0005182260496795
68.3705892713881695	0.0004721874903938
69.4378714065953631	0.0006354883507537
70.0632623520534850	0.0007747337569174
70.7050024136292166	0.0011565510508194
70.7506770855448934	0.0009838194836847
71.1585561439357122	0.0011249349601244
71.6677144680706704	0.0013899033579363
72.3693012516137770	0.0020491702145197
72.4139946388774831	0.0018519535216130
72.7877381471972456	0.0021743941966785
73.3158446679170908	0.0027815164028643
73.7538589156464042	0.0036668551137737
73.8124764353925826	0.0034904255837708
74.2595759269089939	0.0047853139061368
74.3144380247271954	0.0046597429199826
75.1884632434382638	0.0077948234181862
75.2729227559859737	0.0082031281054032
75.6052783044644627	0.0105968801905146
75.7058048550924099	0.0114402492539511
75.9159464096213412	0.0133323055266383
76.0683349127993438	0.0151569224779460
76.3250372500527021	0.0213135950830356
76.5278118311788518	0.0221423189406789
76.5656843057669647	0.0228158218614746
76.5656843057709580	0.0232381267581460
76.8870034281496260	0.0338039418468833
77.1474694239582561	0.0455851277401555
77.2913163389036555	0.0557822260876479
77.4986214992844680	0.0674252144262285
77.6390708441193027	0.0786462700931523
77.7962647160994578	0.0950187170564759
77.9522002084917460	0.1092312548211501
78.0903533426662477	0.1254984397022790
78.2446879924790153	0.1456446931497151
78.4019001038256675	0.1701938088536489
78.5600876880507570	0.1928594584634761
78.7202590956920005	0.2197597343608762
78.8989845910163865	0.2538790031105821
79.0916168585804513	0.2906724987630498
79.3171617451303916	0.3360289125058279
79.6161450215779070	0.3964101209758286
80.0975400161189981	0.4980529750189072
80.2761431159290879	0.5326291991537593
80.4034127702669252	0.5554699053470392
80.5387681097667212	0.5780990434592791
80.6609255717490328	0.5964943870829644
80.7665550143950810	0.6104581694090424
80.8783984125332580	0.6231508581078948
80.9760604051032544	0.6322810515816247
81.0620407694691920	0.6384490031095871
81.1571690656037390	0.6432940246612926
81.2420944118393606	0.6456502533543922
81.3194655231184527	0.6459038103028055
81.3194655231184527	0.6459038103028055
81.3994779024193917	0.6442132442098392
81.4773494098494524	0.6405791917284845
81.5532170324441381	0.6350335489054636
81.6272452525651744	0.6276023184793356
81.6995514870575334	0.6183107840009985
81.7701746607850168	0.6071930974255293
81.8366028407795909	0.5947939901913282
81.9022766857030717	0.5806074779610659
81.9696960187914954	0.5640383437232075
82.0347311089722098	0.5460697436626142
82.0985901174772579	0.5262590231251816
82.1630259052835754	0.5042594980118946
82.2256374391331377	0.4809036280706773
82.2882518996567143	0.4555459354023912
82.3509219110068784	0.4281644914669445
82.4200615411587449	0.3959218975869807
82.5711084289502537	0.3206154788241112
82.9361867473150909	0.1441977319097989
83.0853644568017415	0.0757945888059526
83.1752201578935342	0.0332055622393068
83.2236858161826234	0.0132882997938521
83.2397290211031731	0.0099819824543145
83.2708755483272398	0.0000921175472129
83.2768863446385126	0.0003014191335903
83.2768863446385126	0.0000110365969730
83.3403894414041844	0.0000603988818385
83.4147226781345381	0.0000841096213854
83.4423074958339726	0.0000598905177227
84.4578207881396423	0.0000730003824167
85.9856260571690854	0.0001002260512696
87.7582178405718167	0.0001504278011385
87.8800273046438036	0.0001428529448425
88.8520246386554362	0.0001711074791915
90.4839879586584033	0.0002348280149753
90.7417470036710085	0.0002461736864287
92.6331215073263365	0.0003798804485080
93.2545201614043293	0.0004333353336380
94.0784271656754925	0.0005366875833798
94.8856431874725956	0.0016061057646827
94.9008844238986882	0.0006869184250750
95.1587526749352861	0.0007628855666561
95.7126540909157200	0.0009082585655220
95.7970430166893578	0.0009146646852501
95.8930739513498054	0.0009301376804647
96.3993674483620282	0.0011273305295730
97.0743123512461068	0.0023498591193754
97.0933881270823065	0.0014740454673369
97.3641396673747153	0.0016674662112387
97.9084155906989508	0.0020586815817351
97.9985787005626605	0.0021568285868511
98.5002162033656674	0.0027070956397527
98.8911926675222048	0.0032914521918004
99.2554479236211336	0.0040172050713128
99.3419057374927235	0.0041098152676400
99.8416723350602240	0.0055883283350052
99.9072836717696617	0.0057407313124053
100.2787155389520422	0.0071061763412022
100.6054920105159169	0.0087559634548504
100.8504315728280289	0.0108372478196540
100.9925272301475445	0.0117228535297908
101.3001954778721654	0.0153694275728847
101.4652464742625284	0.0178818756675703
101.7017686722244889	0.0224352704812078
102.0895464101562453	0.0328835518839741
102.3665675852498538	0.0448005930358770
102.5044381230015631	0.0544696286051075
102.7034772531936113	0.0653437816365727
102.8465390176504286	0.0765232455914323
103.0055283480586752	0.0927571965614554
103.1632222618429324	0.1068252607300157
103.3080811406021979	0.1235224688140314
103.4554786296127986	0.1444228343071494
103.6155462901419781	0.1651916415844676
103.7689787342265078	0.1890296646500076
103.9295312032958662	0.2158771566053019
104.1085823646653381	0.2499417322096629
104.2982002633394956	0.2860764468318263
104.5130401919485905	0.3292226325919529
104.7704572706344806	0.3809832602399930
105.1977833393120818	0.4725448702896421
105.4081407253038520	0.5149221929849184
105.5596601747270569	0.5435886147879068
105.7117965558233834	0.5701085325274143
105.8368081497454511	0.5900017726684510
105.9499126078982840	0.6060827301002509
106.0438070746672281	0.6176486526607771
106.1472993412447607	0.6284891797812070
106.2453052008171852	0.6367092582924566
106.3383715430805125	0.6424746509801150
106.4272517986473900	0.6459427640055374
106.5126538835711614	0.6472371990316376
106.5950347768507811	0.6464465329002704
106.5950347768507811	0.6464465329002704
106.6746707294712735	0.6436431539645505
106.7519838075645140	0.6388774096987769
106.8268663183657310	0.6322173964753045
106.8975160833717126	0.6239888147956976
106.9671385973668549	0.6139383692371195
107.0355163089802346	0.6020924186151162
107.1044117744086606	0.5881288473697219
107.1709341412759073	0.5726814948107311
107.2359105864889841	0.5555516044315262
107.2997737503661710	0.5347314393944693
107.3633746145648615	0.5159596298056573
107.4253864403724634	0.4937295217666215
107.4879694194002582	0.4692819906268152
107.5505657222511360	0.4428284237127031
107.6134321727091105	0.4142558781083908
107.7052294889276141	0.3701798875810995
108.1555169528919009	0.1502807041295589
108.3144914501735343	0.0750920345831864
108.4142271989130961	0.0318082751236848
108.4458334330355740	0.0187423904555112
108.4735731958826790	0.0086347447047858
108.4886223435223513	0.0045218576146883
108.5056091113372787	0.0015247760056171
108.5209697444247041	0.0006612963667770
108.5410407154554520	-0.0023685645718560
108.5445024605350568	0.0006232659755699
108.5536010585243218	0.0001669395158608
108.5669442724000078	0.0000259960748438
108.5979582762118980	0.0000442004460796
108.7224249601292598	0.0000608336317385
109.9354166758532330	0.0005501912117859
109.9578997938330360	0.0000820825279533
110.3480670626628637	0.0000825445506772
111.4903708590173324	0.0001068468954563
115.4790056505190705	0.0007326656558428
115.5000805941363922	0.0002324918004502
115.7313548160463057	0.0002226564432913
116.2468771316194704	0.0002587605714184
117.7415154530662562	0.0009543773733069
117.7614580522117933	0.0003636873831128
118.0951964358686297	0.0003804466741826
119.0469769624777570	0.0004950405698767
119.1491097578372234	0.0005124380653497
119.9858392843479749	0.0006791116746991
121.5713385212008291	0.0019540864547156
121.5885260621623303	0.0010712035741789
121.8027991393724818	0.0011195942903812
122.1831020757144728	0.0012950976090436
122.2521075847664491	0.0013641183358421
122.5199107086215236	0.0015155759653297
123.2466112523087816	0.0020133896304096
123.5600675861668236	0.0025881373396227
123.6112943950880805	0.0024106761657572
124.1731699419365071	0.0035323829981628
124.2208609717686016	0.0033231098433466
124.6025045962231985	0.0039695459460115
124.9782253366515050	0.0048256935664523
125.1631123238209398	0.0057740555837880
125.2241144389613225	0.0057760274667975
125.6177361411060218	0.0072581336895593
125.9066542891558385	0.0087575670945016
126.1564906054093456	0.0108864965001652
126.2480630729801447	0.0116063121198662
126.6750463014952715	0.0164781478194406
127.0892866925152873	0.0241132715568639
127.2057643565370881	0.0270667677728200
127.3760228580317033	0.0321480703065900
127.3760228580356966	0.0327274618215042
127.5963272986170693	0.0419971994672305
127.7646940198706176	0.0528600786902229
127.9585616214152708	0.0629538876292923
128.0908693265933209	0.0730350483390753
128.2527495608468087	0.0871904899956130
128.4028976659421915	0.1042511656570743
128.5479003144234014	0.1186923758693292
128.6951395565039888	0.1372900229770762
128.8521308416284228	0.1611084056876276
129.0078747941470283	0.1827307736969924
129.1662269803301228	0.2086743007432965
129.3368110706013567	0.2406861339507111
129.5177235417413044	0.2725853089292165
129.7143684415111977	0.3115022312778407
129.9587021613505442	0.3640523247042268
130.6461896048288054	0.5075940931638804
130.8358593938469880	0.5439599086598760
130.9698514613657494	0.5676410285693966
131.0967136726726210	0.5880431032257796
131.2106094160835710	0.6044648258977977
131.3235286438255116	0.6187163454033144
131.4269694926075829	0.6298738776076213
131.5206861422857116	0.6379962547111512
131.6170691171269311	0.6442146394807169
131.7054241079956114	0.6479621082494873
131.7874836892775932	0.6494672795092211
131.8698119807226306	0.6489010156743410
131.8698119807226306	0.6489010156743410
131.9487475503149767	0.6463444567711826
132.0271106353133632	0.6417607028103857
132.1014509801809140	0.6354558372827580
132.1734616765909323	0.6273181083628628
132.2441161135312484	0.6171721739799392
132.3114292931723526	0.6055520388442411
132.3809037176644381	0.5915593506614554
132.4469897623299062	0.5762596867052109
132.5124606495153614	0.5590682133759538
132.5747485855854677	0.5387603417186244
132.6380883700606148	0.5201748496828025
132.7009388839096857	0.4977138205715206
132.7630572426608069	0.4735269137429922
132.8257938850067319	0.4470613016623971
132.8885592996014111	0.4185823136153201
132.9783286296322444	0.3754192565424956
133.2910739130693401	0.2215986783481914
133.5423206161671885	0.1011776205757518
133.6743059918999847	0.0419523984320905
133.7129203150837782	0.0253051083168703
133.7446984045485578	0.0129227022848449
133.7675480170171625	0.0055616966516764
133.7808342723411670	0.0027139411932830
133.7973495729760316	0.0008863194172612
133.8260328813775004	-0.0006837799209807
133.8260328813775004	-0.0005628027650788
133.8662517028443233	-0.0000083045577559
134.1447132913482960	0.0002944271416545
134.1447132913482960	0.0000599238442691
134.5304628112257319	0.0000710537548823
137.5243616834369220	0.0001200444960377
138.2019925498727275	0.0002360021270850
138.2019925498727275	0.0001348610784648
139.7560748023128667	0.0001822215198477
140.8041229406120181	-0.0019234418509576
140.8132919479931218	-0.0001546406104780
140.8179858232870743	-0.0007262993192322
140.8216206383389135	-0.0002372583085282
140.8216206383389135	-0.0000837046806174
140.8500741822734312	0.0002129391330945
141.0164936208338986	0.0002505066960951
141.3118733626114079	0.0004017495605799
141.3118733626114079	0.0002410613349916
141.6644301089336579	0.0002654090589914
142.0429604086326094	0.0002850939675244
143.0565632415518849	0.0003631749472463
143.8184631876211768	0.0004251588260609
143.9983683395295770	-0.0015590511669733
144.0079714717009551	0.0002227671035823
144.0142671063231035	0.0015411632071340
144.0200681524948720	0.0004362210425670
144.0438277742740922	0.0004128177402671
144.0905444830047202	0.0004660460881156
144.7550330582634786	0.0006758334644665
144.7550330582634786	0.0005395568889324
145.2690149534625448	0.0006406506072122
146.5238979692902319	0.0009514384117097
147.0950142351337320	0.0018887752439592
147.1152956591898260	0.0012342534818644
147.2819321132566586	0.0012810095391897
147.6776327204199504	0.0014820835681986
147.7967949022830112	0.0015375775690952
148.0385900352313797	0.0017057992912189
148.7108707233300606	0.0031548538835101
148.7341567814795553	0.0022988532911549
149.0005519854597651	0.0025826185394079
149.3159414281255692	0.0030437752423865
149.7492364765453488	0.0045950830471344
149.7812922309029204	0.0037967824929079
150.1348533866797936	0.0045503485971138
150.3433311079885470	0.0051724859475137
150.5927049245189835	0.0067655484579217
150.6421747352907232	0.0081575541560777
150.6967766637002910	0.0062153848069893
150.8477489626411909	0.0067767328501855
150.9871074316064039	0.0081928945979329
151.0428083959797050	0.0079922791043547
151.6318972395169737	0.0126414903285377
151.7964803689876305	0.0158206211082531
151.9486707461360311	0.0150586337238168
152.0888304024554145	0.0181071819401912
152.2726261858676651	0.0214602137325079
152.4637061914784795	0.0264440631049584
152.8304208245083942	0.0387657090213143
153.0656040217899658	0.0507511397816592
153.2141923741199037	0.0621537415935548
153.3950556318467875	0.0734445730608269
153.5393442100928496	0.0859703743816313
153.6935179302140568	0.1031982549346418
153.8469310877596001	0.1183016644200381
153.9996005139813917	0.1375390394511180
154.1512386264893451	0.1606143679871039
154.3094322095392954	0.1825268689822412
154.4743926149096751	0.2095501112664364
154.6449129290890312	0.2415557104442149
154.8266793483043386	0.2735926594759637
155.0251085659807870	0.3128156507590086
155.2755509753584136	0.3665342114596973
155.9241028074003452	0.5016088141877943
156.1190603239064387	0.5390522799182006
156.2581393762806670	0.5637453427746104
156.3873880685873985	0.5845920254989184
156.5039284498621441	0.6014508823301906
156.6096193758089612	0.6148625410089962
156.7143208201478615	0.6261505257285056
156.8129173042798357	0.6347408610207039
156.9065119569460762	0.6408605787471475
156.9959958695062880	0.6446795425326449
157.0819857317623303	0.6463178356780557
157.1649544059893344	0.6458647909257046
157.1649544059893344	0.6458647909257046
157.2441784874387167	0.6434103759788439
157.3210145772338535	0.6390054106142250
157.3957974997585154	0.6326838644532193
157.4686781323955245	0.6244813802726566
157.5395037531446292	0.6144674277253426
157.6074458597126693	0.6029005787749039
157.6747602046612542	0.5894624968531783
157.7414535437988832	0.5741294776502017
157.8070322225570976	0.5570116376510735
157.8732973945779463	0.5357032122891178
157.9366059023651303	0.5172509927536132
157.9995335640695373	0.4947798827702408
158.0625026054959221	0.4702941327596243
158.1254967208354287	0.4437979917444321
158.1885320927863177	0.4152833499208813
158.2782455238986756	0.3722761869186830
158.6241988332345159	0.2023918586541898
158.8521464145938182	0.0935134910545753
158.9562562773447780	0.0473737277953470
159.0340989394073858	0.0118472715688087
159.0452608658017937	0.0082155667320172
159.0666690645416281	0.0026868261991318
159.0775973489788839	0.0033752670184841
159.0864180827226448	-0.0002519550279973
159.0903030254840189	-0.0009252110349737
159.1019186682617033	0.0011962529407633
159.1135626515311969	-0.0003944495698687
159.1135626515311969	-0.0002902326813735
159.1662878889405306	0.0030708092183361
159.1704395669894438	0.0016267260049626
159.1873007301551013	-0.0002504654744124
159.2054620531870341	0.0022804133823750
159.2101832328514206	0.0001017633246971
159.2319498881379900	-0.0000202363647327
159.2621221547069865	0.0000799373613278
159.3844628712284077	0.0000712723203212
159.8595732774147109	0.0002041637789029
159.8595732774147109	0.0000689635782225
160.4337343619034471	0.0000876326410699
161.0697397350872109	0.0002089858351225
161.0697397350872109	0.0000867403691338
161.7934591789322099	0.0001001061506699
164.4512949077145549	0.0001667665717589
165.2797371359761769	0.0001927428138488
167.3030378863657290	0.0002847523597744
168.3660967603239840	0.0010432515824283
168.3838678102067092	0.0003744395283972
168.6236857377849958	0.0003792375993425
169.1396715696097601	0.0004437038516393
170.1163577473664361	0.0013208466493254
170.1342362907678591	0.0005871748119779
170.3925722565696503	0.0006170201585934
170.8931176766489841	0.0007304974412788
171.9283275396479098	0.0017934230948744
171.9473270433825292	0.0010364497877196
172.1553245480488670	0.0010896222067190
172.5257703388529649	0.0012648763554367
172.8644731663294465	0.0023071115963653
172.8844418246033570	0.0015130855728179
173.0725745427514255	0.0015924155834117
173.4845970647914726	0.0018585530911571
173.8441766463658098	0.0030958772250297
173.8666770653032643	0.0022110373541409
174.1431365309875900	0.0024900291132162
174.4136210076947293	0.0028923142038587
174.4154097094924794	0.0029056322705525
174.5782880365655387	0.0031231351207893
175.0828965025937123	0.0067956946820030
175.0966621475320437	0.0040009173153926
175.2300766151262224	0.0042275898395954
175.3741533884947330	0.0047177042767421
175.3767063620580586	0.0047483375316065
175.8153659959533002	0.0060357459698548
176.0878090089464933	0.0070997672166964
176.3924912127733364	0.0092219432338816
176.4625738772210468	0.0093847869405751
176.7885412362157922	0.0118283022481899
177.0523216845213597	0.0144698046151398
177.2117145576238784	0.0189402560544001
177.2852965121661555	0.0174193604806265
177.2963982494008235	0.0174961609141942
177.5259705340640437	0.0243572490332988
177.6047904378216344	0.0242085664665005
177.7916465019031023	0.0301737636263360
178.0309763390201567	0.0414019612378095
178.2345836360937597	0.0490971638394390
178.3914743618043417	0.0585439810831457
178.5575929627742084	0.0723641062506026
178.7237400151433917	0.0841296896128037
178.8686569328855285	0.0980577825234051
179.0144931872572442	0.1159248486246675
179.1746395965797660	0.1334509850379652
179.3231980728462531	0.1535644573513472
179.4795732589207375	0.1766307334584563
179.6429185495597949	0.2047830979418165
179.8100832366657471	0.2315692775230044
179.9825296650860196	0.2632293127025019
180.1714133543927119	0.2998558021258551
180.3902892794229729	0.3442964891953746
180.8139566373784817	0.4349971038197611
181.0471661291688292	0.4830725760444662
181.2348496956807367	0.5202209732164353
181.3820735258971695	0.5474430716929369
181.5339236157233813	0.5733918280836794
181.6589584250129690	0.5926738324453819
181.7688963310672250	0.6076440969692257
181.8814738403953584	0.6208147468943506
181.9811138734997371	0.6305256222206082
182.0697468942812520	0.6372513352858491
182.1653920130091251	0.6424731356091529
182.2514909583281906	0.6452059187383186
182.3304020475370066	0.6457888404069979
182.3304020475370066	0.6457888404069979
182.4111668945801341	0.6443922859761568
182.4896743846607308	0.6410329198554860
182.5660781069450422	0.6357481496752241
182.6405563974014399	0.6285688631490928
182.7132371285495651	0.6195245799080709
182.7840295236324835	0.6086722410573030
182.8509745663369017	0.5964628013905375
182.9171098247726377	0.5824594367015642
182.9845915051303393	0.5661578402878974
183.0498512349834641	0.5484140254349712
183.1081181292982762	0.5306779995401574
183.1725463896660813	0.5091453289573479
183.2352522177451988	0.4862228960163760
183.2979563605018996	0.4613003787626906
183.3606897905437734	0.4343654372535156
183.4273761566936969	0.4036696363550792
183.5316947757330297	0.3512531584431513
183.9402883963333579	0.1535121825707745
184.1047107079680529	0.0777234537600107
184.1983508912077809	0.0333371705233733
184.2477556407293378	0.0130339147246572
184.2639741478150768	0.0096619938033774
184.2897740358666852	0.0007480745704398
184.2977543094321788	-0.0002564043415725
184.3374088272053939	0.0024139466461940
184.3511489328590756	-0.0001702190959363
184.3630311045031931	-0.0003587934485675
184.3742600510491627	0.0002732623606358
184.3742600510491627	-0.0000289407573141
184.4121127168009480	0.0000667690758981
184.5853316887866811	0.0000581429157161
185.2220078715908187	0.0000714945412493
187.7927983026607990	0.0008660973473845
187.8083630925399063	0.0001156777931580
188.1939903024664886	0.0001166062564170
188.9856998527180281	0.0001405332363426
190.3984307504098012	0.0009740831801987
190.4136466406387740	0.0001901412048636
190.7243164229183208	0.0002013331895136
191.8992397978811084	0.0003668149475647
191.8992397978811084	0.0002482625893832
192.6733723786868495	0.0002991596490716
193.6596032835884955	0.0003741059343919
196.3091618056470793	0.0014491777675683
196.3257584950464718	0.0006906947943337
196.4933304093539448	0.0007461134068231
196.9633771260555761	0.0009207089966079
197.2437201957844195	0.0010146557285388
197.2437201957884270	0.0010403320877546
198.3771934428524446	0.0025087913423748
198.3959886155118681	0.0016885174474905
198.5491584183810119	0.0017621499968585
198.8850325199985036	0.0020978421705205
198.9531257083352784	0.0020811308254313
199.6601420697402602	0.0031156154157082
199.7078818493307040	0.0030110898988340
200.0353964398413780	0.0034759836290909
200.6465369743397673	0.0048183096569975
200.9487283544166303	0.0059529686836712
201.0440655256475111	0.0060786328545265
201.0682638819529018	0.0061496837360043
201.4756832725739173	0.0079394624259898
201.7664478235406023	0.0101468722452720
201.8502409706267429	0.0106160598900577
202.1218441716678456	0.0129464076049856
202.3339982065307368	0.0153854830720103
202.5202567676679166	0.0204899409387251
202.6055114985030343	0.0193057057646339
202.6514190512881157	0.0197804502442433
202.9776962488720926	0.0292774166274026
203.2900055766761227	0.0406558522689656
203.5118405775503163	0.0522174897763583
203.6648285436964443	0.0640679214483237
203.8417513516123165	0.0753331779108659
203.9862112798333271	0.0880890660773962
204.1394267477504911	0.1054713356155548
204.2876269463203300	0.1202751555915407
204.4391414426320637	0.1395283564265907
204.5929052580688960	0.1630501313787682
204.7502706222802544	0.1850186746418613
204.9182164174223999	0.2127051274717209
205.0907046756140915	0.2452554336283107
205.2752259205687722	0.2780216698237839
205.4783745184823260	0.3184032563340555
205.7474674406435611	0.3762226996650693
206.2946431111495826	0.4905770135817996
206.4490523427223536	0.5208838296368318
206.6082032723641362	0.5505220101166695
206.7316838441386153	0.5716466589063830
206.8528400826909888	0.5905051826791738
206.9696060590559910	0.6066733700794864
207.0819786069821475	0.6201592608428897
207.1831744752141446	0.6303741112070441
207.2738987570770632	0.6375806937794265
207.3696383071605851	0.6431014978284439
207.4565860576553860	0.6461518984511339
207.5368118295186832	0.6470179320362435
207.5368118295186832	0.6470179320362435
207.6181022063056787	0.6458630504300490
207.6970463381860554	0.6427273868508228
207.7738068262374043	0.6376532957837370
207.8485699476908337	0.6306763743609239
207.9214694700013979	0.6218305399212601
207.9922715158513142	0.6111964794322090
208.0596527284374133	0.5991232569923193
208.1262355995974929	0.5852350458097245
208.1935305651177543	0.5691759385463949
208.2587204862089720	0.5516548080085170
208.3174229697591500	0.5319760728817228
208.3817875812296734	0.5126518531962998
208.4444104241945013	0.4899468419815839
208.5070775862417918	0.4652258688584139
208.5697719408296962	0.4384934533751016
208.6347540465270640	0.4087485008970151
208.7263251668452142	0.3626233273363949
209.1428100108656167	0.1609246201456275
209.2998577044853050	0.0884072523043696
209.4176233048993367	0.0342856796623787
209.4485112640359148	0.0213341709433621
209.4799447299870110	0.0095090611530792
209.4955865402791346	0.0049862711844417
209.5113968608210655	0.0019332678358518
209.5261895070011633	0.0008283343868201
209.5364552282972568	0.0000749156672346
209.5364552282972568	-0.0001154510969822
209.5757347428823323	0.0005572471855777
209.5757347428823323	-0.0006272467298950
209.6376572075277807	0.0006821623575672
209.6376572075277807	-0.0000708139201062
209.7291508192324727	0.0000858572695498
209.7542778492014293	0.0000600752731294
210.0382693672813161	0.0000650321319344
210.6504023540070989	0.0000740330938455
211.5531176911176487	0.0000856074478869
213.0250121664976461	0.0001183660000236
214.1302675703670957	0.0001423244470704
216.6602018372593648	0.0002285009979818
218.0292605586435002	0.0012528397832980
218.0427772345088044	0.0003073095949135
218.3052515647783309	0.0003057041465946
218.7128132467529724	0.0003667089129320
218.7757007404870535	0.0003600618272560
219.9818334106775524	0.0004837725328857
220.6026793982046286	0.0005793042644333
221.3730949754367145	0.0009463349393863
221.4172204754643190	0.0007478464240195
221.9940364678445235	0.0008992608787347
222.7550628731317772	0.0011865918426437
223.3923415137633413	0.0017365806539023
223.4437028457624876	0.0015018574745199
224.1300553803697255	0.0023150048788704
224.1743316860450932	0.0020732287855147
224.4028929635929615	0.0023331852237043
224.8081924503408118	0.0027527955906559
225.3507529482796770	0.0035372113193500
225.5814852630037421	0.0047865842301811
225.6163291014734398	0.0041980789523130
225.8532048526415963	0.0046938438104974
226.4446583993426714	0.0065307222576458
226.6316355090202137	0.0080681406004084
226.6889100144346116	0.0079227153599490
227.1249554187813544	0.0105916404347081
227.3216236423293424	0.0123046975816733
227.5558502198919655	0.0151059659980153
227.8846372606244870	0.0202004423639023
227.8846372606284945	0.0205994332222301
228.2592402504504037	0.0301989270165976
228.4897671546337676	0.0386331496172724
228.6531084340551558	0.0483522670639164
228.8795084032900604	0.0593422015122259
229.0162466648829707	0.0691543486333099
229.1782213557671071	0.0845525481229912
229.3373581688730667	0.0976704695865823
229.4759677696212350	0.1127331589232659
229.6320458178835509	0.1316887101645168
229.7834385648841646	0.1540610977262676
229.9418644425324771	0.1753073676349760
230.1028221881982745	0.2009882847158552
230.2675942144928456	0.2312734456199134
230.4416286668305531	0.2611087568578673
230.6272381130835356	0.2970129204549071
230.8422780122189124	0.3405830671145708
231.2150749230117128	0.4205845793593789
231.5088459071237139	0.4815359204349166
231.7004855412737641	0.5195873117414098
231.8491653093510365	0.5471684521111284
232.0014454801404611	0.5732679651876598
232.1266997592210828	0.5926544349498588
232.2371865910610040	0.6077659181105184
232.3497060587305612	0.6209866310137762
232.4495537988602507	0.6307741622479621
232.5386056065934213	0.6375833226987446
232.6342146321964321	0.6428470575416549
232.7204476478649724	0.6456274155995695
232.7995939200619659	0.6462516427466387
232.7995939200619659	0.6462516427466387
232.8804222695271733	0.6448875664939683
232.9589746192356756	0.6415574167650760
233.0354068816360495	0.6362996668257217
233.1098994487571474	0.6291461649615706
233.1825818614447883	0.6201272834293342
233.2533367722562048	0.6093045508939210
233.3203263178578766	0.5971097445110914
233.3864784443383655	0.5831231254659526
233.4539298015666020	0.5668477979827158
233.5191652649438367	0.5491291213642712
233.5775085579360564	0.5313873956929072
233.6418967465785954	0.5098823600983589
233.7045738044095913	0.4869846830215788
233.7672486110514853	0.4620871352690538
233.8299522826539487	0.4351773517706518
233.8965568262596548	0.4045306449492306
233.9999456759159955	0.3525695391783241
234.4100076968001360	0.1541008053116907
234.5761476512132617	0.0774763078685324
234.6813667223182449	0.0296183435229574
234.7086545005346068	0.0184527014043513
234.7373403060534827	0.0080792921090983
234.7519148995509397	0.0041856817456980
234.7676642311977275	0.0015415352953352
234.7846979571621659	0.0006015208518221
234.8045438094609665	-0.0003688218392521
234.8045438094609665	-0.0000038974646408
234.8436094913743091	-0.0009460021141297
234.8436094913743091	0.0000142364895378
234.8807046798193312	-0.0015339790310436
234.8807046798193312	-0.0015339790310436
234.8872071523748843	-0.0010555572602695
234.8872071523748843	-0.0003216622157246
234.9000333609593838	-0.0023331574070986
234.9057853277954848	-0.0004752036484505
234.9091648611765208	0.0007684649314979
234.9136338016720060	-0.0000090458018689
234.9292772597944463	0.0007127774499540
234.9292772597944463	-0.0019849509358465
234.9317138547461354	0.0001009968212127
234.9437354277697239	0.0002123156645281
234.9620993435291609	0.0007129224690087
234.9620993435291609	-0.0008531346099385
235.0189569793143392	-0.0002608660700711
235.0378704845319362	-0.0000830028558739
235.0803025993895119	0.0000468694637143
235.3449604573613954	0.0029566560345559
235.3514870810361117	0.0011648533276458
235.3645425261258879	0.0015993209860097
235.3714659952727004	0.0000214163532570
235.4310219275186284	0.0000122856121972
235.5161585969201212	0.0000797431563677
235.8634897763270430	0.0002200531902530
235.8634897763270430	0.0000722225685135
236.3585465760537829	0.0000819272608117
237.4134324200885544	0.0001005376547961
239.6101747161552282	0.0001485234619475
241.3790955130699842	0.0002067665431389
243.2761614340720371	0.0003080872506891
245.0887996214461566	0.0004668618062593
245.6182482821082544	0.0014859376233202
245.6328506466219892	0.0005649377666492
245.8241816798143020	0.0005668378785255
246.2115245800264631	0.0006931104071346
246.2714990491485878	0.0006698593754553
246.8257740586321063	0.0007774112726533
247.3456894442171858	0.0009239812571469
247.9468839597520855	0.0013699329759608
247.9857187267660663	0.0012119280054759
248.2593403632933473	0.0013232673124531
248.9807117303501514	0.0017137039288687
249.4746798582153247	0.0024872902231085
249.5144403602581065	0.0021725120630553
250.0659849779521551	0.0027929463217736
250.0862862735398267	0.0028148425553677
250.6521301273847939	0.0036259517580922
250.8210189971112527	0.0047737014452829
250.8551893590016277	0.0042309354989523
251.0739082094429477	0.0046925910349350
251.4355633217915340	0.0056328483343648
251.6355821577785719	0.0071516536917076
251.6854748199416747	0.0066806611094895
252.2714198119314517	0.0105109574440721
252.3548354819454289	0.0106045208142738
252.7787274683664123	0.0152247818731374
253.2442762235978932	0.0225168308727323
253.2657749250340942	0.0229528426588370
253.4676956857696837	0.0292293896136755
253.7173515926363336	0.0406095306858712
253.9899323226337629	0.0516244242198654
254.1165326477950259	0.0596232230217757
254.2883531004862050	0.0721872689924247
254.4436036217642254	0.0874450062641292
254.6030421324937834	0.1009883775316629
254.7474461535569219	0.1170026649659979
254.8885691380015999	0.1365174635312845
255.0432734959012180	0.1556712237256004
255.1980569443271065	0.1787631639133826
255.3600357575691930	0.2069587232970718
255.5279767458873152	0.2341254783881363
255.7018207795457556	0.2662902161069928
255.8929553946990154	0.3036170627555803
256.1166121351351990	0.3493199176737586
256.9023225592771951	0.5120415985862792
257.0826631341611233	0.5479418061795485
257.2113504330881142	0.5701408036778584
257.3356065843022975	0.5896051688359684
257.4475106589423490	0.6052541043149787
257.5592898239681858	0.6188646744914617
257.6617738970323899	0.6294429958531724
257.7551498364905456	0.6370905147095641
257.8506742357149051	0.6427719462081514
257.9386159557365659	0.6460522597913263
258.0206249196180011	0.6471268231135230
258.0206249196180011	0.6471268231135230
258.1025230845547753	0.6461119964890446
258.1819633488616432	0.6430979662973200
258.2591163692051168	0.6381334554366823
258.3341749779508518	0.6312604493509664
258.4070301164679790	0.6225454847700047
258.4759757773024376	0.6123504316072997
258.5441115852318035	0.6003274230226862
258.6112812264574359	0.5864887978022553
258.6782935873685005	0.5706513836930847
258.7434203730058471	0.5533190397366894
258.8033771873060687	0.5334411473141316
258.8674339934958653	0.5143520475427943
258.9300104060584431	0.4918168010922469
258.9926290064303771	0.4672664710755589
259.0552736159908704	0.4407052643279626
259.1197950036378188	0.4113178123964654
259.2062525378756277	0.3697814232752096
259.5808266536462838	0.1861673056200014
259.7772491614564956	0.0925197128368182
259.9012838840602626	0.0373456419433766
259.9357631804180073	0.0227157428013130
259.9679772192401401	0.0103979551222796
259.9845518014869867	0.0054194642989308
260.0003302392249225	0.0021774658568526
260.0152062798825909	0.0008475133089706
260.0568420522566839	-0.0006058780411326
260.0773390918066070	0.0002141958728262
260.0918049972883637	0.0007885208610719
260.0918049972883637	-0.0020832237772710
260.0953132744243703	0.0005337623474426
260.1153281760661571	-0.0000472417741044
260.1339156338664225	0.0001530135269741
260.1632651278018784	0.0000792599375127
260.3046515119070818	0.0000605387415438
261.2234493023094046	0.0000747580731512
263.4309464484906584	0.0003062951714864
263.4788327038987745	0.0001152857717820
264.2458676898524459	0.0001321694238436
264.8490088497572970	0.0001464150760244
266.7298545998633017	0.0002106848173617
268.6249303785270399	0.0012704192444809
268.6383468492294924	0.0003172661639945
268.8849404719236986	0.0003149839218894
269.3056834498792114	0.0003914777563714
269.3692640847509097	0.0003627625278295
269.5503740235614032	0.0003829600486300
270.3143633150054370	0.0004666423700799
271.1778281095176339	0.0015386894452781
271.1924730618609374	0.0005994970836142
271.4130530488988597	0.0006117419691236
271.7361599027793204	0.0007291866305261
271.7942582911895784	0.0007562130550899
271.9966595437395540	0.0007927093948582
272.5473893853105665	0.0009221105564033
273.3949247415639547	-0.0008153017821174
273.4066947508905514	0.0010905954614494
273.4163728936837288	0.0022837517548677
273.4244184511650815	0.0012054598014423
273.4623268872222752	0.0011808763740014
273.5394893539241821	0.0012590355298877
273.8694755251600554	0.0014760397397626
274.5764101117099472	0.0025388358737681
274.6062939337434727	0.0019874117910823
274.8623080896088595	0.0022013570890922
275.2225172225956271	0.0026030294433912
275.5805177075484380	0.0037024948526387
275.6157982892475502	0.0031789748391313
276.0686348170480642	0.0040168954691322
276.4444500126799085	0.0048264559606847
276.6743507843347061	0.0060671079184513
276.7321192371620100	0.0057923441934410
277.1030004467423851	0.0079023606285792
277.1953435296765633	0.0077932389442568
277.5520141189527408	0.0103242216096471
277.7164077818241026	0.0112102058805826
277.9300105363827811	0.0136491420885048
278.0621916040208248	0.0153699548877356
278.3692533907045004	0.0202365266170847
278.8190071009031499	0.0312665459632482
279.1240987889450480	0.0439116167393206
279.2461813847155554	0.0525874539129617
279.4641330216174424	0.0645402382401824
279.6020161085552900	0.0753247638554408
279.7610787787540971	0.0915530708352033
279.9179907376752681	0.1055398245481786
280.0607024582119493	0.1220061193004534
280.2172242622391423	0.1422130647641066
280.3689755355745206	0.1657975682414981
280.5275152985611840	0.1882724936612885
280.6938810919698426	0.2160474205096219
280.8656194470471519	0.2487904943278895
281.0496595099848491	0.2817790795921793
281.2529689963461692	0.3224924580685686
281.5213961590036433	0.3805019877382002
282.0174970282664049	0.4845688697066121
282.2361148272891569	0.5278571516856417
282.3779541228743142	0.5539489985474770
282.5263098014349339	0.5791432695316250
282.6493010744396202	0.5979431314880894
282.7578334458539189	0.6125486877097804
282.8689287934985259	0.6253414260368564
282.9675435108821375	0.6347502397911134
283.0557922824272623	0.6412502284595070
283.1504165011122609	0.6461721331316956
283.2359259165140770	0.6486523421932596
283.3145448994154663	0.6490018167870426
283.3145448994154663	0.6490018167870426
283.3947474303677723	0.6473525928565186
283.4727115693439146	0.6437433627028905
283.5485859031758764	0.6382121106567833
283.6225448506859834	0.6307903612720084
283.6947138796094237	0.6215084739143338
283.7649459733099775	0.6104329940450850
283.8315498533402206	0.5979801058289759
283.8972506553331527	0.5837493311977670
283.9643525932279999	0.5672027104551387
284.0292419688503287	0.5492212685011474
284.0878905203679210	0.5290647217081377
284.1517452867833526	0.5093479106920683
284.2143512334730531	0.4861100963162681
284.2770027862732150	0.4608554100472541
284.3381843063299925	0.4342164461623802
284.4083179908972738	0.4016137014476913
284.5400851914399141	0.3356967426640096
284.9278214002919185	0.1482157361254529
285.0889951996267087	0.0740811590497918
285.1884512714795505	0.0289806738329794
285.2157373201723658	0.0178583046270297
285.2436202782229770	0.0078584489356793
285.2578945039517180	0.0041147895999939
285.2836997425368963	-0.0016918875500457
285.2864729088457239	-0.0009003233918898
285.2864729088457239	-0.0006726441449595
285.3022412931244389	-0.0000463046121221
285.3943637608398944	0.0001341382914415
285.4712665280069359	0.0003344343104851
285.4712665280069359	0.0000509634378487
285.7684695814210158	0.0000673112460605
287.6734512588913617	0.0002026905773872
287.6734512588913617	0.0000934616494829
288.7764243042958014	0.0001160298128264
290.2892999385655344	0.0002633734702871
290.2892999385655344	0.0001516626224234
291.2366887740563470	0.0001823656696115
293.1319055592742870	0.0002539705904502
293.7256555364905353	0.0002982139309491
295.0903928888391761	0.0013401183673723
295.1043948773162811	0.0004139629249940
295.3258163176075755	0.0004136495707612
295.6922320305346830	0.0004970315900619
296.2534739239303008	0.0005581588892097
297.4849677043731049	0.0007987795403532
298.2735400864746111	0.0019712381991366
298.2904460147101986	0.0010549813824238
298.5725056612957928	0.0011928366324095
299.1426476369774718	0.0014740534047133
299.2316180852279786	0.0014967198573483
299.7686059098371061	0.0020603393563199
299.8201055983847709	0.0019379472303825
300.3343959866336377	0.0024593199041906
300.8784379349015126	0.0031018754415456
301.2519518576067981	0.0045125736821310
301.2848882738762200	0.0039208365849829
301.5015589103998082	0.0043304770900446
301.8666534154346550	0.0051911417454353
302.0755508222920867	0.0066827911101154
302.1220559640202623	0.0061513389607746
302.7990347554604682	0.0101499629041616
302.8784339249689879	0.0102042790799088
302.9830883293801662	0.0110493986109136
303.2750846673168326	0.0138129146002011
303.4131316987975424	0.0180877865312267
303.4763165577452355	0.0164432818786578
303.9561461877946158	0.0264134040807244
304.0348166920435347	0.0285456582918997
304.2506710031117905	0.0364622758388562
304.4945446881960720	0.0479289258063426
304.6446420834196260	0.0588009144775392
304.8323742939066960	0.0697438472152467
304.9462787174247751	0.0793212962388042
305.1072913134054829	0.0965478741415661
305.2626177945729751	0.1111976795011990
305.4128646061724339	0.1292762951875156
305.5667269205109733	0.1497047530967236
305.7248590329771218	0.1747340980385257
305.8841408980222241	0.1979237137575466
306.0444197196042637	0.2251991692748618
306.2154531460137719	0.2562191674403286
306.4114339658403878	0.2959200459241427
306.6238627287044096	0.3368131124209067
306.9326188710916199	0.4013482765874243
307.3821654272581441	0.4964917617191745
307.5630676070345544	0.5316671519855651
307.6954848179582882	0.5555684340927590
307.8409079042863823	0.5798736581647413
307.9625331449910846	0.5981102447257315
308.0681932855196123	0.6120041087154059
308.1794780539022440	0.6245351389676490
308.2769511597510927	0.6335579780829005
308.3634779410089664	0.6396844026700340
308.4518815282636979	0.6440196996272132
308.5368739537086640	0.6462464766881313
308.6189908226510852	0.6464480157109959
308.6189908226510852	0.6464480157109959
308.6985590380743929	0.6446833474131076
308.7760454326078161	0.6409867874708038
308.8515797997027903	0.6353871221038877
308.9253219998792019	0.6279073614273053
308.9973865207639392	0.6185698309133195
309.0678503484638213	0.6073999363618378
309.1364350058403829	0.5944859520277765
309.2015241272228536	0.5802800126025980
309.2690038389306437	0.5635612474639298
309.3339505603242401	0.5454722832567412
309.3977641496474575	0.5256567676699251
309.4602260961650586	0.5042813396015353
309.5227731622831584	0.4808559637107665
309.5853246228589342	0.4554282359644723
309.6477065028311699	0.4280717904955799
309.7195752799631236	0.3943651034224486
309.8644124422584127	0.3220375737551018
310.2370102188064038	0.1419540261320217
310.4177342243760336	0.0567190854048570
310.4969444508909078	0.0218863556666112
310.5202901710963488	0.0149571231604569
310.5576363208670045	0.0006923861969769
310.5612964464115180	0.0007018228957447
310.5680061322926804	0.0005460461033053
310.5680061322926804	-0.0000006407092998
310.6388586352256311	0.0014219785490386
310.6388586352256311	0.0014219785490386
310.6565910147284626	0.0005614069060334
310.6565910147284626	-0.0002083981949601
310.6825294688387658	0.0014515685011873
310.6825294688387658	0.0014515685011873
310.6993828589447162	0.0006576110408263
310.6993828589447162	-0.0000929018277895
310.7421363728363417	0.0015506822006555
310.7421363728363417	0.0015506822006555
310.7571906090947209	-0.0001427075776321
310.7713645724622893	0.0001503721028390
310.7713645724662683	0.0007883487717833
310.7914381007835800	0.0000397630049590
310.9235796377605539	-0.0001542148160341
310.9235796377605539	0.0000568931911509
311.3383061546186354	0.0015327431459571
311.3383061546186354	0.0015327431459571
311.3558947362838580	0.0005921461476950
311.3558947362838580	-0.0002973779373999
311.3789342702349359	0.0015444245629220
311.3789342702349359	0.0015444245629220
311.3965040988862825	0.0005948022853538
311.3965040988862825	-0.0003102341505923
311.4191190188249720	0.0015544772581228
311.4191190188249720	0.0015544772581228
311.4366735836827615	0.0005971602282392
311.4366735836827615	-0.0003214703999419
311.4589223559602829	0.0015631431248475
311.4589223559602829	0.0015631431248475
311.4764645290127874	0.0005992605468111
311.4764645290127874	-0.0003312440473893
311.4983981941746833	0.0015706193601117
311.4983981941746833	0.0015706193601117
311.5159303669610722	0.0006011371575901
311.5159303669610722	-0.0003396984295562
311.5375936185766363	0.0015770715508480
311.5375936185766363	0.0015770715508480
311.5551177974415396	0.0006028192211115
311.5551177974415396	-0.0003469675962221
311.5765497602840810	0.0015826415063106
311.5765497602840810	0.0015826415063106
311.5940676359263080	0.0006043322447931
311.5940676359263080	-0.0003531780871018
311.6153024798070419	0.0015874520828247
311.6153024798070419	0.0015874520828247
311.6328154802977224	0.0006056987354027
311.6328154802977224	-0.0003584491399884
311.6538829432904549	0.0015916102992165
311.6538829432904549	0.0015916102992165
311.6713922760004039	0.0006069386041275
311.6713922760004039	-0.0003628922150607
311.6923181345991907	0.0015952094966510
311.6923181345991907	0.0015952094966510
311.7098248203250819	0.0006080694426839
311.7098248203250819	-0.0003666103682304
311.7306313236039728	0.0015983309732093
311.7306313236039728	0.0015983309732093
311.7481362249284871	0.0006091067371175
311.7481362249284871	-0.0003696977615049
311.7688424988662064	0.0016010453301050
311.7688424988662064	0.0016010453301050
311.7863463440531859	0.0006100640543199
311.7863463440531859	-0.0003722394343931
311.8069687670164285	0.0016034136523099
311.8069687670164285	0.0016034136523099
311.8244721703097184	0.0006109532174780
311.8244721703097184	-0.0003743113590708
311.8450247187997775	0.0016054885817205
311.8450247187997775	0.0016054885817205
311.8625281977379586	0.0006117844762732
311.8625281977379586	-0.0003759807459785
311.8830227613448187	0.0016073153063719
311.8830227613448187	0.0016073153063719
311.9005267515518085	0.0006125666722737
311.9005267515518085	-0.0003773065418261
311.9209734166769863	0.0016089324726029
311.9209734166769863	0.0016089324726029
311.9384782844924189	0.0006133073977689
311.9384782844924189	-0.0003783400569262
311.9588855872448789	0.0016103730204838
311.9588855872448789	0.0016103730204838
311.9763916404949669	0.0006140131457859
311.9763916404949669	-0.0003791256643941
311.9967667899567800	0.0016116649415805
311.9967667899567800	0.0016116649415805
312.0142742871225892	0.0006146894493509
312.0142742871225892	-0.0003797015243883
312.0346233607910449	0.0016128319590812
312.0346233607910449	0.0016128319590812
312.0521325187967250	0.0006153410087090
312.0521325187967250	-0.0003801002981550
312.0724606324160959	0.0016138941320531
312.0724606324160959	0.0016138941320531
312.0899716332303342	0.0006159718058972
312.0899716332303342	-0.0003803498277437
312.1102830874387450	0.0016148683874666
312.1102830874387450	0.0016148683874666
312.1277960836599732	0.0006165852066971
312.1277960836599732	-0.0003804737660591
312.1480944899359997	0.0016157689847190
312.1480944899359997	0.0016157689847190
312.1656096095086355	0.0006171840503846
312.1656096095086355	-0.0003804921493217
312.1858979978454158	0.0016166079184472
312.1858979978454158	0.0016166079184472
312.2034153480360601	0.0006177707280881
312.2034153480360601	-0.0003804219088789
312.2236962586401887	0.0016173952656782
312.2236962586401887	0.0016173952656782
312.2412159293849641	0.0006183472506612
312.2412159293849641	-0.0003802773231764
312.2614914905153114	0.0016181394834886
312.2614914905153114	0.0016181394834886
312.2790135572342365	0.0006189153071422
312.2790135572342365	-0.0003800704128024
312.2992855510957497	0.0016188476631127
312.2992855510957497	0.0016188476631127
312.3168100770564592	0.0006194763148242
312.3168100770564592	-0.0003798112829863
312.3370799954535642	0.0016195257460737
312.3429066368355507	0.0029070507685980
312.3545346440470780	-0.0005606430053388
312.3602166094515269	0.0000025792113801
312.3602166094515269	-0.0001000500743229
312.3902416323325610	0.0000729183960775
312.5764161154052090	-0.0001035220471835
312.5764161154052090	0.0000822339811855
313.0166511699106877	0.0015028937398766
313.0166511699106877	0.0015028937398766
313.0344763679945004	0.0006055217936603
313.0344763679945004	-0.0002162991713976
313.0597710841152548	0.0015229510424065
313.0597710841152548	0.0015229510424065
313.0775573275539045	0.0006096747223766
313.0775573275539045	-0.0002360572759412
313.1021448073481110	0.0015398038959601
313.1021448073481110	0.0015398038959601
313.1199001073362069	0.0006132762163761
313.1199001073362069	-0.0002533628138705
313.1438835372839549	0.0015541284060129
313.1438835372839549	0.0015541284060129
313.1616139160398689	0.0006164317459419
313.1616139160398689	-0.0002685527294881
313.1850780525090272	0.0015663893726318
313.1850780525090272	0.0015663893726318
313.2027882141499049	0.0006192155373035
313.2027882141499049	-0.0002818728556238
313.2258047648355159	0.0015769268031854
313.2258047648355159	0.0015769268031854
313.2434984864520402	0.0006216832161680
313.2434984864520402	-0.0002935178372061
313.2661292356920626	0.0015860029941918
313.2661292356920626	0.0015860029941918
313.2838096093000217	0.0006238787866367
313.2838096093000217	-0.0003036533810873
313.3061083312040864	0.0015938292222075
313.3061083312040864	0.0015938292222075
313.3237779216205467	0.0006258385972661
313.3237779216205467	-0.0003124283275703
313.3457916263516836	0.0016005812942609
313.3457916263516836	0.0016005812942609
313.3634525795241075	0.0006275936275722
313.3634525795241075	-0.0003199807003709
313.3852223910955672	0.0016064088108346
313.3852223910955672	0.0016064088108346
313.4028765120885396	0.0006291708176374
313.4028765120885396	-0.0003264402487891
313.4244383433241410	0.0016114408331294
313.4244383433241410	0.0016114408331294
313.4420871550071865	0.0006305938533163
313.4420871550071865	-0.0003319290761869
313.4634722702373324	0.0016157894982912
313.4634722702373324	0.0016157894982912
313.4811170591827931	0.0006318836486012
313.4811170591827931	-0.0003365613690130
313.5023525719327040	0.0016195524776567
313.5023525719327040	0.0016195524776567
313.5199944254398474	0.0006330586664803
313.5199944254398474	-0.0003404428460879
313.5411037536948697	0.0016228147921208
313.5411037536948697	0.0016228147921208
313.5587435903496498	0.0006341351588071
313.5587435903496498	-0.0003436702745037
313.5797468785668229	0.0016256502715618
313.5797468785668229	0.0016256502715618
313.5973854738645628	0.0006351273685561
313.5973854738645628	-0.0003463312143008
313.6181422417338922	0.0016281756408226
313.6181422417338922	0.0016281756408226
313.6358287823100000	0.0006419139841226
313.6358287823100000	-0.0003317080637385
313.6570380872475994	0.0016320371090309
313.6570380872475994	0.0016320371090309
313.6747252507650501	0.0006435306302763
313.6747252507650501	-0.0003345084763789
313.6958308094959307	0.0016354586741219
313.6958308094959307	0.0016354586741219
313.7135193905191954	0.0006450595746208
313.7135193905191954	-0.0003367283535294
313.7345389600247927	0.0016385062909153
313.7345389600247927	0.0016385062909153
313.7522296293786894	0.0006465138287178
313.7522296293786894	-0.0003384477984772
313.7731783780016031	0.0016412368372371
313.7731783780016031	0.0016412368372371
313.7908717015848765	0.0006479046846456
313.7908717015848765	-0.0003397378757317
313.8117625445146359	0.0016436991719106
313.8117625445146359	0.0016436991719106
313.8294589993484465	0.0006492418932887
313.8294589993484465	-0.0003406610621377
313.8503029018583561	0.0016459351083320
313.8503029018583561	0.0016459351083320
313.8680028897811667	0.0006505338357167
313.8680028897811667	-0.0003412718502740
313.8888091383821575	0.0016479803067513
313.8888091383821575	0.0016479803067513
313.9065129977269066	0.0006517876855236
313.9065129977269066	-0.0003416174431252
313.9272894402350857	0.0016498650849737
313.9272894402350857	0.0016498650849737
313.9449974557697942	0.0006530095600666
313.9449974557697942	-0.0003417384884012
313.9657507119812863	0.0016516151475962
313.9657507119812863	0.0016516151475962
313.9834631233550795	0.0006542046590970
313.9834631233550795	-0.0003416698128822
314.0041987685009417	0.0016532522353972
314.0041987685009417	0.0016532522353972
314.0219157774058090	0.0006553773900221
314.0219157774058090	-0.0003414411284523
314.0426385008423154	0.0016547946981821
314.0426385008423154	0.0016547946981821
314.0579804276874825	-0.0000751226484217
314.0883826913641315	0.0024665802016527
314.0992039692039270	0.0001273957242355
314.1126083487293954	-0.0001841268606180
314.1248108801358399	-0.0006621095908951
314.1248108801358399	-0.0002120895625657
314.1769415207393195	0.0001248066738875
314.2901194134149705	0.0001454597793916
314.4987595612432187	0.0001254292456458
316.7249298470079566	0.0001874965929662
318.0604120110049280	0.0003333778170274
318.1340116440969723	0.0002475121834086
320.7247740236903155	0.0006007365929697
320.7718829053270042	0.0004643476516852
321.1885737510605168	0.0005046182044107
322.1101630792607580	0.0006563915296825
322.5817514256120830	0.0007785493943203
323.3174846812055989	0.0009620325278310
324.0873327676220583	0.0022046405503697
324.1053284931918483	0.0012990106791788
324.1806678861727278	0.0013773674422803
324.4420012215916245	0.0015216756166778
324.7792318018448441	0.0017096430152645
325.0128876716197510	0.0018937334669517
325.7377104231432554	0.0034764465178518
325.7625450528790338	0.0026268625279464
325.8757335748967989	0.0028332183870310
325.8757335749007780	0.0028690347053192
326.4359488598649932	0.0036392652736675
326.6966647221428275	0.0041609818496179
326.9247241912709114	0.0054858131306696
326.9647757830791193	0.0049767583541131
327.2276888150491345	0.0056891348595904
327.5460668015547299	0.0067377144304892
327.7091396058907549	0.0082320103648201
327.7687080850050734	0.0079873285183886
328.2280213773345849	0.0116730569346341
328.3788691668130468	0.0143143830028918
328.5182776584339877	0.0136114530851249
329.0177624257383968	0.0222602823544499
329.1721595428255682	0.0258860220789550
329.4462566741461274	0.0372024850365473
329.6446620614419771	0.0455955134047853
329.8302099730373698	0.0535051828746339
329.9772081861154902	0.0631927157268286
330.1422381356097731	0.0778574659005890
330.3052853275005418	0.0903138986965533
330.4503112753531013	0.1050951473643935
330.5977303029358154	0.1239955309285039
330.7581789023120109	0.1425726501311068
330.9067695880053748	0.1636242125575530
331.0650610445951543	0.1879399503945301
331.2292790169648242	0.2172173369165412
331.3992657698204880	0.2454513815088414
331.5768778966149739	0.2789950999009623
331.7756789885679041	0.3184907094568032
332.0228569042895401	0.3696467428245002
332.7317694812100513	0.5179626811092239
332.8730266489354221	0.5443369779363548
333.0264901177213233	0.5710482860651355
333.1459161304865120	0.5898081036629828
333.2615051325432773	0.6059068613983916
333.3769903839881295	0.6199503565606908
333.4755290651174846	0.6299857099897508
333.5728735972551249	0.6376855543702993
333.6652213914840104	0.6431119547842408
333.7532100043185892	0.6462414693158586
333.8382711914026117	0.6470710011810394
333.8382711914026117	0.6470710011810394
333.9201848816221059	0.6458266337158191
333.9992373022634524	0.6427336337838587
334.0731982199585559	0.6379024452101779
334.1416709911687235	0.6315574385571158
334.2132388546892798	0.6229889665806138
334.2831605390487653	0.6126253572291004
334.3519699155828562	0.6004130627983849
334.4196714764422609	0.5863607530839255
334.4858726563622326	0.5705757353170170
334.5527635607240313	0.5526148366077738
334.6160277100839266	0.5336400675655181
334.6794927165821605	0.5124812569745923
334.7436163799604287	0.4890916975133972
334.8059419450105452	0.4643706368364926
334.8682824742878665	0.4376427275850570
334.9357953960155783	0.4066136408265041
335.0499402324305152	0.3494171002908756
335.4550517440849831	0.1533678799367851
335.6275926604654956	0.0737549193008839
335.7307480973018414	0.0270402082957082
335.7554965547619190	0.0170705714693258
335.7831465010823990	0.0073014164142759
335.7970292004469002	0.0037801064796419
335.8129723259065145	0.0013316674192421
335.8301250608716373	-0.0004433480655270
335.8301250608716373	-0.0001862764923378
335.8866345663477659	0.0000974815268985
335.9760187392493549	0.0003302770418627
335.9760187392493549	0.0000525275682119
336.2370802952231656	0.0000867585653476
336.2518302294611772	0.0000893934874525
336.2716142737141354	0.0000627423550624
336.7990563837616378	0.0000735201328522
337.6755019567021350	0.0000853587645289
337.8099579234684029	0.0000891711540404
341.7718613539016701	0.0011623547246737
341.7845267651973700	0.0001841029440915
342.0583965353748681	0.0001892637548208
342.3226376819334291	0.0002030392378520
343.3152117698989514	0.0002424966981383
344.1998200603172222	0.0002953994577889
345.8909815600207480	0.0013726931898892
345.9045795055811254	0.0004559513217848
346.0584809446614827	0.0004422077439902
346.3253818109200211	0.0003342514787003
346.3253818109200211	0.0005129433073023
346.8395919230803202	0.0015711579454754
346.8530816993437043	0.0026298366467316
346.8683292248433645	0.0002746378962859
346.8856048248026696	0.0002224559591820
346.9046614104706237	0.0009578894990998
346.9046614104706237	0.0005233265425008
346.9562876149944373	0.0005697101225280
347.1183676231775621	0.0003966102438926
347.1183676231775621	0.0006099527732400
347.5589660602147433	0.0023188272686713
347.5686989943353069	0.0033584488863714
347.5842069583002285	0.0000801354076358
347.5962700802124914	-0.0002466039799777
347.5962700802124914	0.0004434414868242
347.7096994067114792	0.0007352823055168
347.8718541142191043	0.0007563888929052
348.6776060229649943	0.0010034937346946
349.2875231245434406	0.0017749563119789
349.3140850221365099	0.0013225308769487
349.5225294165102241	0.0014056781001159
350.0814832722464303	0.0017139819536329
350.4481036103330780	0.0026359764918131
350.4767006573659955	0.0020524491582583
350.8143903372234718	0.0023723465856490
351.0535804936151294	0.0027024103586479
351.4595100026784849	0.0038858282653957
351.4963881326300452	0.0033328832284768
351.8977732314647824	0.0040663399705188
352.1500946620720356	0.0046937159776164
352.4209089255977005	0.0059994698799202
352.4769011924328197	0.0056771006848264
352.8102724991175592	0.0069564252486608
353.0559375965346476	0.0082595278482131
353.3386391872725767	0.0104303135585496
353.4694028457609534	0.0109013305141926
353.7747943031064324	0.0144410735968671
353.9172087097813915	0.0159609025390203
354.1702729150105711	0.0205273103582422
354.6742096555664148	0.0340093584735623
354.9052121743999351	0.0440051121718746
355.0643844263614710	0.0546627486695381
355.2758571519434554	0.0665163966136030
355.4153180447645468	0.0776220131924335
355.5731481227546169	0.0939933625894091
355.7293870040309116	0.1081728110413383
355.8688104317474767	0.1245199562307081
356.0243918274367161	0.1447906991237796
356.1784596433838033	0.1688709331597806
356.3367066719077343	0.1914892265706545
356.5064138292291887	0.2199999367204639
356.6807745977109789	0.2534031072869812
356.8685834555885776	0.2873009088955822
357.0786441726537532	0.3295528589746065
357.3803643842416591	0.3946658313874532
357.8876744201913311	0.4999059865965586
358.0654686965634710	0.5343766458539423
358.1992548252425195	0.5584312935140195
358.3434986708833208	0.5823506034930226
358.4641682218087908	0.6002686052254693
358.5706900115242206	0.6141080068449815
358.6746425258354520	0.6255362383327636
358.7724346944111744	0.6343010849472902
358.8653388116915153	0.6406529044506002
358.9539104286662905	0.6447409397930670
359.0438928924610877	0.6468668556902298
359.1255346357028770	0.6468224541922344
359.1255346357028770	0.6468224541922344
359.2010562622022576	0.6448534817994316
359.2783628716870794	0.6408279239196930
359.3536576448353230	0.6348951978252103
359.4271056842171674	0.6270828933043283
359.4988184223357734	0.6174187989028754
359.5685216934717232	0.6059850825336766
359.6387893126784547	0.5924494307164885
359.7044010466612463	0.5778160635474731
359.7699785456376844	0.5611879363859305
359.8346117946164782	0.5427604389462320
359.8969372384050303	0.5210258097951268
359.9602153901141151	0.5009892078929180
360.0216733349877245	0.4776133196009452
360.0838221808564299	0.4519678215295064
360.1476045903365275	0.4235885319588354
360.2242226180536591	0.3873470407456119
360.8484719064658179	0.0840527136514273
360.9010382618920971	0.0590784366755737
360.9010382618960762	0.0597525746243539
360.9884897934562105	0.0209369246577642
361.0076105859593554	0.0156765093799484
361.0411511139388949	0.0028350802625845
361.0455266419573945	0.0017094998164811
361.0455266419613736	0.0021684772050551
361.0683652964557950	0.0003880705038189
361.1380144345213239	0.0006697436610016
361.1380144345213239	0.0000292491753392
361.1851769892394941	0.0000309357851034
361.2955399745525824	0.0009131689969752
361.2955399745525824	0.0000713046448509
361.3903082904195685	0.0020812102897349
361.4025754966705790	0.0001088646212362
361.4168434966935592	0.0013665824827566
361.4228216758928625	0.0000668380427877
361.4515053749449862	-0.0000019915433916
361.4973440446910331	0.0000762992456163
361.6939603496625750	0.0002548545238890
361.6939603496625750	0.0000632898225006
362.1987071281167800	0.0000774938518434
364.1787987776377236	0.0002154500095059
364.1787987776377236	0.0001084439159683
365.3645012047009573	0.0001356416156382
366.2393231301984997	0.0002802663835316
366.2393231301984997	0.0001576926083270
366.9955879908075076	0.0001798264855384
368.4623236432615840	0.0002462636775862
369.1459967646062523	0.0002774752959633
370.6928507675580136	0.0003916210434812
371.4803927558867827	0.0013044241229508
371.4962706558860646	0.0004828609319505
371.7163582153420407	0.0004920613504279
372.0243100114539629	0.0005670267564203
373.4175108435477455	0.0017256239037344
373.4340010531776102	0.0008798281481539
373.6130146246235881	0.0009046913047421
373.9728169941198530	0.0010387512409752
374.0444479691410038	0.0010772929748091
374.3114952978521046	0.0011627994928255
374.6011793208500649	0.0013361945144160
375.3091610139503018	0.0019506322115458
375.3558168535599293	0.0017783612365867
375.7523147523826879	0.0021041115200774
376.2992196120299582	0.0027031458951419
376.7411489118432542	0.0035454634826321
376.8023228854216882	0.0034225033760316
377.2573864769304919	0.0043967849237708
377.8395113249999326	0.0059378242384407
378.0639537620039050	0.0073871115472200
378.1324978216630370	0.0072231537983886
378.5484436114605842	0.0099852525464446
378.6296745318554144	0.0104402098130485
378.9050995778809465	0.0127503282966224
379.1153870750828787	0.0151226423750317
379.3174811381080644	0.0203665833744825
379.4316293100123971	0.0195294033802919
379.4629195077269515	0.0199032309239654
379.7774756976019148	0.0278128366794336
379.7774756976058939	0.0287301393660596
380.1463669757146135	0.0429560128840641
380.2505858998844133	0.0504737903884022
380.4723942446422598	0.0618721391540919
380.6105427144078135	0.0721739002093741
380.7717375813132890	0.0879755471975422
380.9304688569612267	0.1015183596619219
381.0751701904206357	0.1176198183629384
381.2187720473846184	0.1374781160596952
381.3770496479291410	0.1572342983553796
381.5322493859125643	0.1806009974064625
381.6902804915916363	0.2063240940201675
381.8567348803273376	0.2353425011382083
382.0390481092186974	0.2712320390654435
382.2400471281679302	0.3087366781061032
382.5177519187084272	0.3657638742471662
383.2445429061625077	0.5182455220168929
383.3906687193524476	0.5455721678261268
383.5445398999311237	0.5722916313293467
383.6707432278330430	0.5921155080964857
383.7799333555860812	0.6073097805895742
383.8941517937550998	0.6210852223087215
383.9937451776161765	0.6311469538836711
384.0811512561857057	0.6381042398414716
384.1777489910200529	0.6438098696075453
384.2637015738000059	0.6469191382748427
384.3417097481561200	0.6478541883832653
384.4226084493747635	0.6468778858951593
384.4226084493747635	0.6468778858951593
384.5011177818840338	0.6439486679322388
384.5776409296731799	0.6390945564566777
384.6522782006790067	0.6323447902572277
384.7251604135227012	0.6237245547567204
384.7963772149929014	0.6132610117522930
384.8656713784512817	0.6010376167355962
384.9316932281176946	0.5874375174218899
384.9969516891742956	0.5720363169008134
385.0631063653321462	0.5544051567609033
385.1272786018802776	0.5353400723289186
385.1873160477658189	0.5155670987978248
385.2502603212609529	0.4928163575019548
385.3133148351610089	0.4680234631387820
385.3757956010995258	0.4415178558483331
385.4420074301629029	0.4113689023500407
385.5366631367393779	0.3638028323847199
385.9604466832013259	0.1585561376027238
386.1428787317032629	0.0740763095865459
386.2508815798706223	0.0231900833618277
386.2511626441954036	0.0230656658769632
386.2511626441993826	0.0230761549472060
386.2906399719786918	0.0080819560143344
386.3027382833314505	0.0067936647071319
386.3359843448995434	-0.0022010887944950
386.3377207296573488	-0.0014416461409576
386.3377207296573488	-0.0011287651204243
386.3489053100682895	-0.0002363783158028
386.4161892082120744	0.0002396229671283
386.4491918597986455	0.0005181918104255
386.4491918597986455	-0.0000244301676586
386.6097767581810558	-0.0009272812077532
386.6097767581810558	0.0000466355602745
386.6681247019870966	-0.0016430712667847
386.6681247019870966	-0.0016430712667847
386.6741180407855722	-0.0011383966019874
386.6741180407855722	-0.0003864068771783
386.6854523243569020	-0.0024106592854560
386.6908828485950949	-0.0005080864961545
386.6939556953795432	0.0006915075997567
386.6981494449516390	-0.0000101541584189
386.7115152099993338	0.0007778547454269
386.7115152099993338	-0.0002184345944699
386.7602743527814937	0.0000702077994755
386.9991737759765442	0.0000783819139647
387.4970471428682686	0.0000758948938602
390.1720661063185958	0.0001238579997388
392.6195234234730833	0.0010796115872659
392.6331552651439551	0.0001965781159128
392.8012789543936947	0.0001834808083110
393.1031008496052550	0.0000632526964085
393.1031008496052550	0.0002115969224280
393.5676762732720135	0.0012052450913207
393.5676762732720135	0.0002316124734487
393.7344947920879576	0.0023292189382341
393.7476151074320114	0.0003024297742713
393.7625830346713087	0.0015454699347511
393.7689488928431842	0.0002386202704643
393.8012028884478468	0.0001932230714130
393.8614163275530018	0.0002664434936914
394.1109086174936351	0.0004318582081981
394.1109086174936351	0.0002596930002709
394.5945943009905932	0.0002905582881407
396.3456581238325498	0.0004596086008233
396.8309796070732887	0.0004967609412809
397.5022484122552555	0.0005889225914656
399.1413220701830369	0.0009605243046692
399.7541056277541429	0.0021092936085712
399.7726068286964392	0.0012199881725531
