0.0000000000000000	-60.0000000000000000
14.0428422740667980	-59.9999400000174461
14.0959935807692425	-59.6623000149889435
14.2126846196038095	-59.0957470698419982
14.3391063429267867	-58.3315560997501805
14.4108916181171960	-57.5784887198395694
14.4681762581088176	-56.9038178536081247
14.6454211304558140	-54.4466536754239030
14.8172315078633741	-52.5186266860972282
14.8432456031495210	-52.1642163566927337
14.8534351008278787	-51.9695060972153726
14.9033583163683279	-59.9399999999999977
14.9043176273228788	-59.9399999999999977
19.9034053350484612	-59.9999399999969398
19.9047073990375729	-58.2803169912706451
19.9082681131158274	-54.5088296930233014
19.9139044443123545	-59.9399999999999977
19.9139676976855853	-59.9399999999999977
24.9139403568738089	-59.9999399999985883
24.9148361539104819	-58.4449827448739825
24.9171869984283170	-55.2411354333862903
24.9214412421283598	-51.0209778597311825
24.9227899527365828	-59.9399999999999977
24.9228651182284935	-59.9399999999999977
29.9228161009001923	-59.9999399999973946
29.9234968166807960	-58.3796428871071598
29.9253146472981228	-54.9513601833743692
29.9285418129431626	-50.4641341354433521
29.9289587162371262	-59.9399999999999977
29.9290117546474939	-59.9399999999999977
34.9289830388374511	-59.9999399999950853
34.9295942701770414	-58.4337441520885008
34.9312037298279634	-55.1903147124117268
34.9341067729585788	-50.9216253180703475
34.9349203605747718	-59.9399999999999977
34.9349709635373884	-59.9399999999999977
39.9349494464322277	-59.9999399999906231
39.9356486319537254	-58.4992001402888349
39.9374567813853503	-55.4764945801297600
39.9407864847176199	-51.4710379735379746
39.9424746705955656	-59.9399999999999977
39.9425372757316097	-59.9399999999999977
44.9425123914433229	-59.9999399999962364
44.9433682009146978	-58.5801911584772910
44.9455295837691295	-55.8247014049665253
44.9496244497658495	-52.1403215139116298
44.9533194884373515	-59.9399999999999977
44.9534046406022867	-59.9399999999999977
49.9533528975289087	-59.9999399999985599
49.9541523529172125	-58.5057759449380796
49.9562157619913805	-55.5053716952697158
49.9600237221266710	-51.5269031719992867
49.9620564726485981	-59.9399999999999977
49.9621286508294844	-59.9399999999999977
54.9620922165952805	-59.9999399999964638
54.9629125260242049	-58.5644993504538007
54.9649940696897019	-55.7577068592847453
54.9689150382020131	-52.0113580276328094
54.9720927512884217	-59.9399999999999977
54.9721726532236374	-59.9399999999999977
59.9721265335813172	-59.9999399999966201
59.9729459061509118	-58.4862908586792116
59.9750722303440611	-55.4210484018669618
59.9789710143034114	-51.3654508738433151
59.9807585640491610	-59.9399999999999977
59.9808307868787267	-59.9399999999999977
64.9807910453691733	-59.9999399999999881
64.9815696143799215	-58.4947172011587924
64.9835854079792625	-55.4574161553591267
64.9872918515000464	-51.4348882327856458
64.9891082935588713	-59.9399999999999977
64.9891776281558720	-59.9399999999999977
69.9891407490207058	-59.9999400000009260
69.9899233528431779	-58.4947500130332543
69.9919495777525213	-55.4575360606966399
69.9956752923074390	-51.4349978883506935
69.9975012951906734	-59.9399999999999977
69.9975749164233463	-59.9399999999999977
74.9975275546718336	-59.9999399999915752
74.9982092159643088	-58.3841105332693360
75.0000274828529996	-54.9712243255150952
75.0032595317917412	-50.5021663611527174
75.0037144146752865	-59.9399999999999977
75.0037677868933486	-59.9399999999999977
80.0037412172113847	-59.9999400000141563
80.0044515745249498	-58.3514678196303862
80.0063621002273351	-54.8258175656124962
80.0097272846329162	-50.2238124786131266
80.0099282786198245	-59.9399999999999977
80.0099819726200678	-59.9399999999999977
85.0099546955122207	-59.9999399999836101
85.0106460722660131	-58.3713419690176849
85.0124962608006598	-54.9144894648848236
85.0157731506251793	-50.3936553010469339
85.0161276911132404	-59.9399999999999977
85.0161810774861095	-59.9399999999999977
90.0161553322439403	-59.9999399999925060
90.0168326788570283	-58.4712397708575367
90.0185980749840979	-55.3548056018298311
90.0218196951714162	-51.2373359254104130
90.0231182340649241	-59.9399999999999977
90.0231768455415278	-59.9399999999999977
95.0231545238651734	-59.9999399999917387
95.0239709486544371	-58.5916051824415973
95.0260258670517146	-55.8729555371528193
95.0299359393468990	-52.2326506315004124
95.0337480688377383	-59.9399999999999977
95.0338305777128625	-59.9399999999999977
100.0337760641131410	-59.9999399999864096
100.0344761226115509	-58.4411984437487675
100.0363156206672670	-55.2234724703132045
100.0396410213531482	-50.9856790657135335
100.0406511493259814	-59.9399999999999977
100.0407096145890762	-59.9399999999999977
105.0406802762052791	-59.9999399999930461
105.0414028659045300	-58.4530693833442925
105.0432954457780568	-55.2756295514760296
105.0467293361291468	-51.0858304907055327
105.0479033850709953	-59.9399999999999977
105.0479645785496388	-59.9399999999999977
110.0479305106106835	-59.9999399999801071
110.0486318425372616	-58.3903269918158188
110.0504995282037441	-54.9989557489803857
110.0538253049073774	-50.5554130561824451
110.0543481129142833	-59.9399999999999977
110.0544034034109160	-59.9399999999999977
115.0543726466593029	-59.9999400000145329
115.0550238948033837	-58.3489614671539769
115.0567766622167056	-54.8143142263031180
115.0598619146374659	-50.2015019957918511
115.0600272022932700	-59.9399999999999977
115.0600762953422276	-59.9399999999999977
120.0600535774436537	-59.9999399999940692
120.0607205060104832	-58.4244134139293223
120.0624808671078654	-55.1495288790900560
120.0656470941270300	-50.8437639191348154
120.0664466282280642	-59.9399999999999977
120.0665012569424874	-59.9399999999999977
125.0664771624291660	-59.9999400000122876
125.0672082456251530	-58.5049331641033490
125.0690957854992718	-55.5014114428050505
125.0725783172488264	-51.5189072780751758
125.0744238074901631	-59.9399999999999977
125.0744897376537779	-59.9399999999999977
130.0744596820392189	-59.9999399999888681
130.0752980049989276	-58.5394165789489520
130.0774409013748425	-55.6504977368826772
130.0814413090622281	-51.8057180207394197
130.0841694099883341	-59.9399999999999977
130.0842485541166127	-59.9399999999999977
135.0841984749539506	-59.9999399999885767
135.0849299633230487	-58.4315557585586092
135.0868569150077008	-55.1813222738799496
135.0903300901402417	-50.9052260280766120
135.0912829038736618	-59.9399999999999977
135.0913433203919567	-59.9399999999999977
140.0913096696684477	-59.9999399999799010
140.0919700322320693	-58.4612355214852073
140.0934852075535559	-55.6407317445225331
140.0965954807718390	-51.3430240660183941
140.0978986787908411	-59.9399999999999977
140.0979527075090232	-59.9399999999999977
145.0979259481614179	-59.9999399999826437
145.0986198260572735	-58.4148826817549818
145.1004558846352666	-55.1076030101054286
145.1037488808787828	-50.7634868691915813
145.1044893414785122	-59.9399999999999977
145.1045455653877809	-59.9399999999999977
150.1045322706945910	-59.9999399999913052
150.1054184023505513	-58.7028511350155568
150.1075708688754560	-56.3381061869477122
150.1112249754259551	-53.4694979809960529
150.1171153615026412	-50.7023852834213855
150.1195289221942346	-59.9399999999999977
150.1197171412101738	-59.9399999999999977
155.1195736444924194	-59.9999400000011249
155.1205122503287157	-58.6821421030917918
155.1228077784306265	-56.2528132219686867
155.1273398050496155	-52.9638561901942850
155.1333850485673622	-50.5263868910536615
155.1353911376546364	-59.9399999999999977
155.1356062129871987	-59.9399999999999977
160.1354254062623852	-59.9999399999807608
160.1362092378437296	-58.5690752573289188
160.1381955772731942	-55.7771065994637283
160.1419435269893654	-52.0484638377262101
160.1450763291560691	-59.9399999999999977
160.1451531453705854	-59.9399999999999977
165.1451087084888059	-59.9999400000102199
165.1458626740773070	-58.5443598619513637
165.1477873476596301	-55.6713368394181956
165.1513868237758516	-51.8451634996655315
165.1539249063942805	-59.9399999999999977
165.1540117791237208	-59.9399999999999977
170.1539549074633442	-59.9999400000051466
170.1546975620930766	-58.4563156936799757
170.1566409335706567	-55.2899461788158817
170.1601705038679881	-51.1134467018339933
170.1614154904397367	-59.9399999999999977
170.1614786268503678	-59.9399999999999977
175.1614433339313166	-59.9999399999911702
175.1621379170015302	-58.4448137880180596
175.1639612675753881	-55.2393098870195445
175.1672611427729862	-51.0160275639934753
175.1683010634488369	-59.9399999999999977
175.1683593163278090	-59.9399999999999977
180.1683368169249775	-59.9999399999929821
180.1691449735419042	-58.5852382226664332
180.1711830118527473	-55.8459390854294426
180.1750516360037579	-52.1807667841177292
180.1786624510621095	-59.9399999999999977
180.1787434114955033	-59.9399999999999977
185.1786944842996263	-59.9999399999977641
185.1794477584438425	-58.5305799239158446
185.1813783226412227	-55.6122606697492046
185.1849713458307178	-51.7319958967361373
185.1872717952693961	-59.9399999999999977
185.1873419746667366	-59.9399999999999977
190.1873025921059366	-59.9999399999981193
190.1880432664099772	-58.4985059908042118
190.1899590121128654	-55.4736134702799788
190.1934860413592787	-51.4655645602626990
190.1952650555954278	-59.9399999999999977
190.1953442506681142	-59.9399999999999977
195.1952960669683534	-59.9999399999814216
195.1960610139233552	-58.4615693857630987
195.1980598224683376	-55.3129813183857948
195.2016960726788284	-51.1576355552112361
195.2030427122522553	-59.9399999999999977
195.2031081501449989	-59.9399999999999977
200.2030710142416297	-59.9999399999949787
200.2037660888323103	-58.4679972465607776
200.2055792601082658	-55.3407672295763575
200.2088845908759822	-51.2106032242099687
200.2101801422088556	-59.9399999999999977
200.2102396271093028	-59.9399999999999977
205.2102119053279807	-59.9999399999903815
205.2109851112289221	-58.4809774470040367
205.2129947278885425	-55.3976441329896758
205.2166733628598934	-51.3200033222239469
205.2182860380866316	-59.9399999999999977
205.2183537430159106	-59.9399999999999977
210.2183231212905525	-59.9999400000015939
210.2191944058112085	-58.5317964873541072
210.2214263923415842	-55.6178890113200239
210.2255820318111716	-51.7431982558051757
210.2282683032319426	-59.9399999999999977
210.2283496108336749	-59.9399999999999977
215.2283051610989730	-59.9999399999773502
215.2291308024546765	-58.5974013380888863
215.2312052297741900	-55.8975415086326421
215.2351611792968242	-52.2798645332732974
215.2391753343107723	-59.9399999999999977
215.2392594478512819	-59.9399999999999977
220.2392104601360643	-59.9999399999827716
220.2400115245680468	-58.5731319268504365
220.2420390347806460	-55.7944761442638253
220.2463262960113468	-51.7799725853596939
220.2494078668671307	-59.9399999999999977
220.2494952706782101	-59.9399999999999977
225.2494389406908795	-59.9999400000154779
225.2502054301460532	-58.4615668578183403
225.2522082587163084	-55.3129977762279950
225.2558518010027342	-51.1577204260477956
225.2572012778941541	-59.9399999999999977
225.2572668483554992	-59.9399999999999977
230.2572300859419272	-59.9999400000198051
230.2579511848142033	-58.4397153127688043
230.2598466584322807	-55.2171062309148795
230.2632716398313732	-50.9736693055017156
230.2642967505111642	-59.9399999999999977
230.2643568716171387	-59.9399999999999977
235.2643225719531586	-59.9999400000209491
235.2649825613414691	-58.4080167975208369
235.2667321773427034	-55.0770805188184980
235.2698638323228977	-50.7047962702144517
235.2705064778984365	-59.9399999999999977
235.2705595414207949	-59.9399999999999977
240.2705337302573980	-59.9999400000069798
240.2712283808579627	-58.4122317915843183
240.2730677780510860	-55.0958843815844403
240.2763641428769290	-50.7411130988287340
240.2770805008977106	-59.9399999999999977
240.2771366203160142	-59.9399999999999977
245.2771101155709630	-59.9999400000066814
245.2778348136549198	-58.4732958543692476
245.2797224517423729	-55.3640034644429377
245.2831693020617934	-51.2553374501666781
245.2845847367383953	-59.9399999999999977
245.2846476059199290	-59.9399999999999977
250.2846109714642751	-59.9999400000251484
250.2852737863854315	-58.4256976234848011
250.2870227166584698	-55.1551367457356392
250.2901696000020877	-50.8544839461767921
250.2909760963548251	-59.9399999999999977
250.2910304677556610	-59.9399999999999977
255.2910046186844113	-59.9999399999733924
255.2917035102110503	-58.4713482532263455
255.2935249559584179	-55.3553953596205588
255.2968489188564831	-51.2386543199302054
255.2981905583164348	-59.9399999999999977
255.2982510445237381	-59.9399999999999977
260.2982223866705453	-59.9999399999515646
260.2989775993274861	-58.5178507072326894
260.3009202494870351	-55.5573324121711565
260.3045200683069993	-51.6263612327211590
260.3066215325160897	-59.9399999999999977
260.3066907556111573	-59.9399999999999977
265.3066533437686303	-59.9999400000483902
265.3074091371465215	-58.5154288231354869
265.3093546011616013	-55.5469272634092945
265.3129566454885548	-51.6064626223134013
265.3150225873604882	-59.9399999999999977
265.3150916530025825	-59.9399999999999977
270.3150528692785315	-59.9999399999572347
270.3157821625349584	-58.4959200901892089
270.3176698468036534	-55.4624080011335536
270.3211421972519020	-51.4441734210305910
270.3228589052841357	-59.9399999999999977
270.3229239440557876	-59.9399999999999977
275.3228864247057572	-59.9999399999398477
275.3235860705578375	-58.4154817739785344
275.3254370896410137	-55.1102914111737334
275.3287574486756739	-50.7688105274312917
275.3295100819083814	-59.9399999999999977
275.3295668140273165	-59.9399999999999977
280.3295427802236190	-59.9999400000514527
280.3303193928305745	-58.5159178620421017
280.3323181358723559	-55.5491086937447065
280.3360193936760538	-51.6107809220606342
280.3381504384435061	-59.9399999999999977
280.3382214527392762	-59.9399999999999977
285.3381807772894376	-59.9999399999826721
285.3389305877390711	-58.4580813461020838
285.3408917042080475	-55.2977219259516701
285.3444555230844344	-51.1282596423967419
285.3457334318823655	-59.9399999999999977
285.3457973079228509	-59.9399999999999977
290.3457671139783542	-59.9999399999918523
290.3465442126750986	-58.5566670184161282
290.3485207273548099	-55.7241762748675029
290.3522333100191872	-51.9469265461232581
290.3550849094976343	-59.9399999999999977
290.3551598168145915	-59.9399999999999977
295.3551148077310700	-59.9999400000077685
295.3558507630642680	-58.4640201114701483
295.3577725625872858	-55.3236314957146718
295.3612714100403878	-51.1780629328798256
295.3625961467744219	-59.9399999999999977
295.3626592889514768	-59.9399999999999977
300.3626296570365071	-59.9999399999966485
300.3634291529021993	-58.5094936782072210
300.3654905163780882	-55.5214151115274888
300.3688705611601222	-51.8972607940278863
300.3712717604243494	-59.9399999999999977
300.3713388068746326	-59.9399999999999977
305.3713040137465669	-59.9999400000105467
305.3720839963989420	-58.4899949610241521
305.3741061371542287	-55.4368784313275356
305.3778185229281235	-51.3953940872970065
305.3795705865418313	-59.9399999999999977
305.3796396431328617	-59.9399999999999977
310.3796039425700428	-59.9999399999814145
310.3804183196427857	-58.4761289461670870
310.3825376718990015	-55.3767480157714047
310.3864110354712125	-51.2801952764718791
310.3880424803789992	-59.9399999999999977
310.3881133769097573	-59.9399999999999977
315.3880705149979917	-59.9999399999632885
315.3887935641258196	-58.3934557716437794
315.3907174900871269	-55.0129265291766387
315.3941464528242591	-50.5823363964250277
315.3947144572085222	-59.9399999999999977
315.3947716592635970	-59.9399999999999977
320.3947399320949216	-59.9999400000297243
320.3953951869879120	-58.3975507191552694
320.3971370033355583	-55.0307473116913286
320.4002451832108136	-50.6160361124179303
320.4007933068895113	-59.9399999999999977
320.4008453772157168	-59.9399999999999977
325.4008222117373634	-59.9999400000087491
325.4015527679776483	-58.4244660647688860
325.4034809211798915	-55.1500358337969772
325.4069489101167960	-50.8450654017595056
325.4078262111562481	-59.9399999999999977
325.4078860590874456	-59.9399999999999977
330.4078620965966593	-59.9999399999610858
330.4087084523889075	-58.5259274581822027
330.4108803125885174	-55.5925270537241261
330.4149158229833461	-51.6944420624000713
330.4174167338778147	-59.9399999999999977
330.4174951219538912	-59.9399999999999977
335.4174492015014266	-59.9999399999741527
335.4182170867627519	-58.5219103629190300
335.4201900157289629	-55.5749023629081336
335.4238509684847145	-51.6602050477330792
335.4260528953748235	-59.9399999999999977
335.4261236457856512	-59.9399999999999977
340.4260791981636203	-59.9999399999515575
340.4267626354367735	-58.3818799534662816
340.4285866600297936	-54.9613701486898591
340.4318268648912635	-50.4833710014858852
340.4322643281936962	-59.9399999999999977
340.4323177096432005	-59.9399999999999977
345.4322926613140794	-59.9999400000128702
345.4329899854649852	-58.4641989617347946
345.4344790346529521	-55.8194801843592288
345.4385242826042486	-50.7888857558244169
345.4394010486089428	-59.9399999999999977
345.4394650790825381	-59.9399999999999977
350.4394308100658009	-59.9999400000145613
350.4401537093935985	-58.4835332543453106
350.4420313531759916	-55.4085423892285931
350.4454713039316971	-51.3407039102531826
350.4470106295320875	-59.9399999999999977
350.4470860106920327	-59.9399999999999977
355.4470432959277559	-59.9999400000258944
355.4478350125201018	-58.4868032584960957
355.4498893554048209	-55.4230980982266885
355.4536569083743416	-51.3690402122024281
355.4553902516129824	-59.9399999999999977
355.4554600747137556	-59.9399999999999977
360.4554239355200025	-59.9999399999879159
360.4562205293479451	-58.5220400011694935
360.4582670641990489	-55.5756124925868420
360.4620646993760147	-51.6617758147776058
360.4643520033837945	-59.9399999999999977
360.4644254145071613	-59.9399999999999977
365.4643845224404686	-59.9999400000102838
365.4651558457399574	-58.5178155681320789
365.4671399211381413	-55.5572603740981990
365.4708164041665555	-51.6263750314153214
365.4729626900652306	-59.9399999999999977
365.4730333893913894	-59.9399999999999977
370.4729930053755993	-59.9999399999549681
370.4737478531262695	-58.4469678572866727
370.4757281150670565	-55.2490503201954226
370.4793142371151475	-51.0350860478560904
370.4804702689881992	-59.9399999999999977
370.4805337407470915	-59.9399999999999977
375.4805015492137272	-59.9999400000490439
375.4812512305523455	-58.5029469407465612
375.4834835202420322	-55.1191139658248304
375.4870619140428403	-51.3463232541302688
375.4888266721797550	-59.9399999999999977
375.4888983820217163	-59.9399999999999977
380.4888578628793994	-59.9999400000400911
380.4896428322883821	-58.4309889219909877
380.4910238226626120	-56.1396383729549697
380.4944859724064372	-51.7210963529681962
380.4962865729729629	-59.9399999999999977
380.4963439967224872	-59.9399999999999977
385.4963210290348457	-59.9999399999863954
385.4971454201137817	-58.5054579422719385
385.4992733212814642	-55.5040865857191505
385.5030795428924648	-51.6148425018918786
385.5052090521411969	-59.9399999999999977
385.5052805068963835	-59.9399999999999977
390.5052430769156899	-59.9999399999650009
390.5060453316896769	-58.5262763834791215
390.5081038931522812	-55.5938867137284802
390.5119294033551682	-51.6968689565070818
390.5143052071861121	-59.9399999999999977
390.5143795408041001	-59.9399999999999977
395.5143391570945255	-59.9999399999489782
395.5151229634655010	-58.5557342759361461
395.5171171052512591	-55.7201433448690722
395.5208615884661185	-51.9390644875892988
395.5237187225575894	-59.9399999999999977
395.5238181509743072	-59.9399999999999977
400.5237509241384259	-59.9999399999712892
400.5245489110975541	-58.4541425968350978
400.5266381686585646	-55.2806972975776745
400.5304300587176272	-51.0959646914117442
400.5317414938267575	-59.9399999999999977
400.5318091634914026	-59.9399999999999977
405.5317741162221523	-59.9999399999677010
405.5325791627823833	-58.4603421064070048
405.5346833553845158	-55.3078129416103863
405.5385097660357019	-51.1479732687624065
405.5399119732586541	-59.9399999999999977
405.5399807446557361	-59.9399999999999977
410.5399410783675762	-59.9999400000272232
410.5406903618994079	-58.3963193524685593
410.5426825517702696	-55.0257538448488219
410.5462360845342573	-50.6070478837502620
410.5468525514477278	-59.9399999999999977
410.5469120189592900	-59.9399999999999977
415.5468823936197396	-59.9999399999815992
415.5476070386950482	-58.4839757110615679
415.5494889148753828	-55.4106386807250786
415.5529369997653930	-51.3450711239378919
415.5544867245723140	-59.9399999999999977
415.5545504121145655	-59.9399999999999977
420.5545157381699823	-59.9999399999719216
420.5552291288357196	-58.4656252143233246
420.5570912513671828	-55.3304970612098757
420.5603135250700575	-51.3473631370819845
420.5617268068858721	-59.9399999999999977
420.5617852585311880	-59.9399999999999977
425.5617569053608804	-59.9999400000396363
425.5624730596808831	-58.5132858694937852
425.5643177203504024	-55.5374526074990982
425.5659212216730225	-53.5131436705996393
425.5680001963415293	-51.4419469140315684
425.5698621245210802	-59.9399999999999977
425.5699316658656244	-59.9399999999999977
430.5698953618355063	-59.9999399999612422
430.5706770950476425	-58.5297838625857239
430.5726810445022466	-55.6088535235789863
430.5752319768081406	-52.7175355173488285
430.5787013303199728	-59.9399999999999977
430.5787634195030478	-59.9399999999999977
435.5787350873107471	-59.9999400000400698
435.5795339004529296	-58.5211689795203824
435.5815866447314875	-55.5718613900135097
435.5853946765307683	-51.6545579046421039
435.5876737250789574	-59.9399999999999977
435.5877472587802686	-59.9399999999999977
440.5877087289189262	-59.9999400000315788
440.5885033347395279	-58.5789360650154478
440.5905110057765910	-55.8191600983249288
440.5943129889195689	-52.1293517346113191
440.5977123979095609	-59.9399999999999977
440.5977913180709038	-59.9399999999999977
445.5977385384284162	-59.9999399999659673
445.5984073840076007	-58.4056720811942469
445.6001815464969695	-55.0667648616115244
445.6033549203787629	-50.6851452547010410
445.6039855795614244	-59.9399999999999977
445.6040392151529659	-59.9399999999999977
450.6040175593416848	-59.9999400000256458
450.6047892758141984	-58.4930841547022240
450.6067882798204209	-55.4502476970473452
450.6104619279994381	-51.4209878633973858
450.6122386722503279	-59.9399999999999977
450.6123072560559990	-59.9399999999999977
455.6122721543846410	-59.9999399999829350
455.6130533855709928	-58.5409979318001916
455.6150495657314536	-55.6570181273169098
455.6187782772682340	-51.8178612114583430
455.6213474317461873	-59.9399999999999977
455.6214212015294720	-59.9399999999999977
460.6213751303629351	-59.9999399999855498
460.6220596461380410	-58.4581016005659748
460.6238501309257458	-55.2974787297915640
460.6271039481796379	-51.1275116373404117
460.6282697836232387	-59.9399999999999977
460.6283280958714954	-59.9399999999999977
465.6283033090315371	-59.9999399999756662
465.6291038488723757	-58.5082742400823790
465.6311686076177807	-55.5161647619454612
465.6349822364596207	-51.5476395430454630
465.6370568494711506	-59.9399999999999977
465.6371293523908435	-59.9399999999999977
470.6370983619272010	-59.9999399999785439
470.6379802553517493	-58.6663557558778024
470.6401483818709153	-56.1870589476465625
470.6443998736730805	-52.8369005280126771
470.6500206744187267	-50.3467975513430019
470.6511705131929375	-59.9399999999999977
470.6513643887863623	-59.9399999999999977
475.6512072969160272	-59.9999400000258802
475.6520342805913515	-58.5920475667691107
475.6541154665149520	-55.8748911387551104
475.6580761263251134	-52.2365075797289649
475.6619503229005659	-59.9399999999999977
475.6620339533250217	-59.9399999999999977
480.6619835698639349	-59.9999399999658252
480.6627636212436414	-58.5332256304635266
480.6647612780590748	-55.6236425897026621
480.6684826171064628	-51.7537824277542740
480.6709101948490002	-59.9399999999999977
480.6709831154237804	-59.9399999999999977
485.6709448345024498	-59.9999399999811232
485.6717294754458862	-58.5818657005275583
485.6737102652724616	-55.8315398546279269
485.6774654981012418	-52.1530117040280814
485.6808900648300664	-59.9399999999999977
485.6809683054823381	-59.9399999999999977
490.6809183358947735	-59.9999399999624572
490.6816207624357276	-58.4501347029876186
490.6838964833787031	-54.6551077488091224
490.6874311921117737	-50.5663405503863572
490.6880664978207847	-59.9399999999999977
490.6881320262245936	-59.9399999999999977
495.6880961939357348	-59.9999400000257737
495.6888009320858259	-58.5169967888648301
495.6906142861547551	-55.5534401315059441
495.6931192809487925	-52.4146147374690017
495.6958409761291477	-59.9399999999999977
495.6958977372001982	-59.9399999999999977
500.6958732597938138	-59.9999400000351457
500.6966343914300523	-58.5263681008503696
500.6985874847923697	-55.5940702193036387
500.7022172161871367	-51.6969091828581924
500.7044714715387386	-59.9399999999999977
500.7045419979600069	-59.9399999999999977
505.7045083244617558	-59.9999399999776344
505.7053358206217126	-58.5937515810302116
505.7074171775960849	-55.8821996693869849
505.7113806336259358	-52.2507716843821584
505.7153049635513185	-59.9399999999999977
505.7153888490382769	-59.9399999999999977
510.7153319099563760	-59.9999400000462373
510.7160085928920239	-58.4341455791369597
510.7177900557684325	-55.1924376213395007
510.7210036111140425	-50.9261823902723165
510.7219095262635165	-59.9399999999999977
510.7219655794314690	-59.9399999999999977
515.7219329064695330	-59.9999399998953891
515.7225585355345174	-58.3352665887845703
515.7242481769063716	-54.7527580291709413
515.7272113282740520	-50.0835021156028972
515.7272758704492617	-59.9399999999999977
515.7273223559551525	-59.9399999999999977
520.7273136153341966	-59.9999399999678715
520.7281596095732539	-58.5961940595403590
520.7302858872513980	-55.8925753547490771
520.7343386796499090	-52.2706844515523841
520.7384196110139101	-59.9399999999999977
520.7385261192938515	-59.9399999999999977
525.7384626006842154	-59.9999399999667489
525.7393877177985360	-58.6498608433705257
525.7416741057729723	-56.1184698909635316
525.7461263254426740	-52.7051252332952487
525.7519630769999139	-50.1602061334128209
525.7524819356931403	-59.9399999999999977
525.7526771213695156	-59.9399999999999977
530.7525142117366386	-59.9999399998990839
530.7532743264629289	-58.5279239778478981
530.7552239403507883	-55.6007707778390312
530.7588491305785965	-51.7098144190894686
530.7611259811669697	-59.9399999999999977
530.7611965546694819	-59.9399999999999977
535.7611538239702895	-59.9999399999542646
535.7618495651131525	-58.4416036728103236
535.7636775250915662	-55.2252291053900493
535.7669825080333794	-50.9889607636368609
535.7679904588949285	-59.9399999999999977
535.7680485897470817	-59.9399999999999977
540.7680239109627109	-59.9999400000951866
540.7688190511395305	-58.5148119462558256
540.7708660937421428	-55.5443888088982618
540.7746553499663378	-51.6017893513828696
540.7768196347602725	-59.9399999999999977
540.7768922428334690	-59.9399999999999977
545.7768516788971738	-59.9999399998943233
545.7776517434234620	-58.4429530670239146
545.7797527745500474	-55.2316858469269931
545.7835528017475326	-51.0021110374070545
545.7847304537061746	-59.9399999999999977
545.7847974170734915	-59.9399999999999977
550.7847577893663811	-59.9999400000937939
550.7854653361553119	-58.3878986465181100
550.7873507295093987	-54.9882439691201981
550.7907056542557029	-50.5350426811159892
550.7912117999953807	-59.9399999999999977
550.7912674331245171	-59.9399999999999977
555.7912399571196147	-59.9999399999015068
555.7919622196924365	-58.4018652124238713
555.7938798285292705	-55.0502536611835112
555.7977479482053695	-50.2418080257463231
555.7980030308101504	-59.9399999999999977
555.7980659980387372	-59.9399999999999977
560.7980328314691860	-59.9999400000317422
560.7987647161747873	-58.4673697952114395
560.8006741699912254	-55.3381544914321708
560.8041543309958570	-51.2056320518368295
560.8055111989333454	-59.9399999999999977
560.8055739182591424	-59.9399999999999977
565.8055414306681996	-59.9999400000784391
565.8062858261608881	-58.4635688854104600
565.8082299027490762	-55.3216623201824476
565.8117688113063650	-51.1742690586686066
565.8131032416920334	-59.9399999999999977
565.8131670733336023	-59.9399999999999977
570.8131324026102220	-59.9999399999474292
570.8138388609168032	-58.4873284627572261
570.8156718980447977	-55.4249564692928800
570.8190343372957614	-51.3720070609857089
570.8205857407356234	-59.9399999999999977
570.8206480765317110	-59.9399999999999977
575.8206155469787291	-59.9999400000385137
575.8213246158123866	-58.5135447366465158
575.8231509004150439	-55.5385487106788673
575.8265302164954846	-51.5900656201163201
575.8284402359612386	-59.9399999999999977
575.8285048734833254	-59.9399999999999977
580.8284695441346912	-59.9999400000297172
580.8291858255433908	-58.4745372928234914
580.8310509185938599	-55.3693808747269642
580.8344579629258533	-51.2656201274728787
580.8358718957284736	-59.9399999999999977
580.8359341274289136	-59.9399999999999977
585.8358992114663124	-59.9999400000797820
585.8365847218259432	-58.4351359318330950
585.8383889503238606	-55.1967743556654824
585.8416445762684361	-50.9344250690189924
585.8425720808817232	-59.9399999999999977
585.8426289292781348	-59.9399999999999977
590.8426029098984600	-59.9999399999041358
590.8433642632293186	-58.4592086537010900
590.8453549307689627	-55.3027401247158679
590.8489736216275787	-51.1381718967756242
590.8502855673153817	-59.9399999999999977
590.8503505181491846	-59.9399999999999977
595.8503200190859843	-59.9999399999953411
595.8511374198214980	-58.5174459560804152
595.8532401343771880	-55.5558576547139680
595.8571359017649911	-51.6238934722495699
595.8594051639420286	-59.9399999999999977
595.8594800549520869	-59.9399999999999977
600.8594351217582243	-59.9999400000252905
600.8601609555680625	-58.4872119410357456
600.8620442823734038	-55.4245616660111367
600.8654987580796387	-51.3714889057416713
600.8670918778587975	-59.9399999999999977
600.8671559179119868	-59.9399999999999977
605.8671231548361220	-59.9999400001015530
605.8678711530509418	-58.5060253678512296
605.8698017217119514	-55.5062376482554427
605.8733546480661971	-51.5367168902722241
605.8752100201180610	-59.9399999999999977
605.8752757965949058	-59.9399999999999977
610.8752420151461138	-59.9999400000717316
610.8760133719400756	-58.4944506642669282
610.8779974783458329	-55.4730122674347967
610.8816959944265363	-51.4080038761539697
610.8834547517616329	-59.9399999999999977
610.8835233314870266	-59.9399999999999977
615.8834834022291034	-59.9999400000627219
615.8842051888057085	-58.4293604592992892
615.8861077008366465	-55.1716342327148794
615.8895345972798623	-50.8865266235990674
615.8904517485851784	-59.9399999999999977
615.8905112114904341	-59.9399999999999977
620.8904841508312984	-59.9999400000874274
620.8912616174769710	-58.5013183753206434
620.8932708581103270	-55.4859697984309008
620.8969733550661658	-51.4896028367831136
620.8988831806545932	-59.9399999999999977
620.8989529841660442	-59.9399999999999977
625.8989147122977101	-59.9999400000407448
625.8996803137406459	-58.4841397408727062
625.9016684207349499	-55.4114079230666619
625.9053113875743293	-51.3464669883642131
625.9069508220242142	-59.9399999999999977
625.9070181206624284	-59.9399999999999977
630.9069855787745382	-59.9999400000465073
630.9078498015385321	-58.4491870683482730
630.9098484794523074	-55.6737604227172937
630.9135837357473520	-52.0236782957771382
630.9167630057106635	-59.9399999999999977
630.9168481673190172	-59.9399999999999977
635.9167983145833887	-59.9999400000134102
635.9176083312515857	-58.5645295558414816
635.9196637491919546	-55.7578178986443191
635.9235355517346306	-52.0115559738185880
635.9266739696873856	-59.9399999999999977
635.9267528720207565	-59.9399999999999977
640.9267072287752853	-59.9999400000621748
640.9274936409207157	-58.5222711971816167
640.9295139375608414	-55.5765001480650156
640.9332632442284421	-51.6632990396584333
640.9355243970805986	-59.9399999999999977
640.9355968880558976	-59.9399999999999977
645.9355510923713837	-59.9999400000701044
645.9362310924919939	-58.4125183065522791
645.9380315863456872	-55.0970770704995800
645.9412585532058984	-50.7432415339058736
645.9419621265167279	-59.9399999999999977
645.9420170781914976	-59.9399999999999977
650.9419901775803510	-59.9999399999889746
650.9426972956745203	-58.4284184337123946
650.9445616667059085	-55.1673764142111267
650.9479189128949201	-50.8783068181630327
650.9488076135570509	-59.9399999999999977
650.9488658047174567	-59.9399999999999977
655.9488425119113799	-59.9999400000858429
655.9496456269982900	-58.5601984354903706
655.9514078865157671	-56.0660493137782936
655.9552849412202704	-52.0603776352335288
655.9582841979408840	-59.9399999999999977
655.9583582612598320	-59.9399999999999977
660.9583181381130998	-59.9999400000677809
660.9591136316494158	-58.5346902401394260
660.9611499457528225	-55.6299766060878369
660.9649452470625874	-51.7659292570953795
660.9674469194483208	-59.9399999999999977
660.9675214236340253	-59.9399999999999977
665.9674753487012140	-59.9999400001144352
665.9681626487290487	-58.4903320694576507
665.9696653730102298	-55.8488902492482495
665.9729067748205580	-51.6167936061386143
665.9746183388787131	-59.9399999999999977
665.9746758367091388	-59.9399999999999977
670.9746486114900108	-59.9999400000543446
670.9753665088717298	-58.5180446241596286
670.9772131478141546	-55.5580098735389782
670.9812944204586529	-51.1119848713868592
670.9827736918177834	-59.9399999999999977
670.9828476436603069	-59.9399999999999977
675.9828123509626039	-59.9999400000380447
675.9836733080836666	-58.6047794838600282
675.9858315195325531	-55.9288789880657262
675.9899588125664422	-52.3404089069635319
675.9943706358501458	-59.9399999999999977
675.9944982235136877	-59.9399999999999977
680.9944091155800834	-59.9999400000225407
680.9952610194960698	-58.6126573227048553
680.9973913767308886	-55.9621046827625648
681.0011675326105660	-52.6002538749157367
681.0058681933667231	-59.9399999999999977
681.0059511594892001	-59.9399999999999977
686.0058993150383913	-59.9999400000590128
686.0066303041198807	-58.5316337594757528
686.0085032787632144	-55.6165895602907909
686.0119905034708836	-51.7399744844173810
686.0142385255053341	-59.9399999999999977
686.0143067155555627	-59.9399999999999977
691.0142783686908388	-59.9999400000478929
691.0151274757923829	-58.6623060018661207
691.0172178033482169	-56.1700958485757482
691.0213097397737556	-52.8040880168060056
691.0267073365828310	-50.3004384328923635
691.0276488347396935	-59.9399999999999977
691.0278335578818769	-59.9399999999999977
696.0276854430312596	-59.9999399999153695
696.0285077057091030	-58.5933248896564862
696.0305761538045317	-55.8804175924570146
696.0345143702626274	-52.2473926653800547
696.0384026434423959	-59.9399999999999977
696.0384859500937864	-59.9399999999999977
701.0384385931932911	-59.9999400000219154
701.0392365891300415	-58.6091068239208326
701.0412344391763781	-55.9469186573331996
701.0450616246048412	-52.3747285641086648
701.0492766876473070	-59.9399999999999977
701.0493593322856896	-59.9399999999999977
706.0493103529474865	-59.9999400000504721
706.0500974921687884	-58.5380941196572806
706.0521104289073264	-55.6446304189982115
706.0558665539659842	-51.7942247949078336
706.0584031646919811	-59.9399999999999977
706.0584772153400763	-59.9399999999999977
711.0584407655398991	-59.9999399999441678
711.0592912242692591	-58.5839226713417389
711.0614367091432086	-55.8405044738720804
711.0655071738804054	-52.1705832953661854
711.0692742009194944	-59.9399999999999977
711.0693592513197245	-59.9399999999999977
716.0693134406925537	-59.9999400000273937
716.0701948932174901	-58.5932326282535598
716.0724122262057563	-55.8801320355183790
716.0766337519149829	-52.2469089848887549
716.0807996690780328	-59.9399999999999977
716.0809125813686933	-59.9399999999999977
721.0808299532794763	-59.9999399999932166
721.0815581554717255	-58.4981854049609993
721.0834418438153079	-55.4721607133100534
721.0869094990143822	-51.4627178500639459
721.0886539304361804	-59.9399999999999977
721.0887190513027463	-59.9399999999999977
726.0886830610014613	-59.9999400000194569
726.0893914880591637	-58.4817643616202005
726.0912324657012960	-55.4008065972048129
726.0946033160405477	-51.3258303257852688
726.0960897113695864	-59.9399999999999977
726.0961518006580491	-59.9399999999999977
731.0961258971947245	-59.9999399999404801
731.0969367012979774	-58.5965725392438941
731.0989743996959760	-55.8939926186839458
731.1028590282738833	-52.2731159929047422
731.1067785978458460	-59.9399999999999977
731.1068611068474183	-59.9399999999999977
736.1068141016288564	-59.9999400000158403
736.1076142618867379	-58.5887281924118923
736.1096300242254529	-55.8607224242852283
736.1134613998925715	-52.2091587480765753
736.1171237721496254	-59.9399999999999977
736.1172043172541635	-59.9399999999999977
741.1171508146992437	-59.9999399999646315
741.1178428882109301	-58.4053731964226870
741.1196787564199440	-55.0655597082752450
741.1229621841757762	-50.6829613764174027
741.1236123561564000	-59.9399999999999977
741.1236678370859181	-59.9399999999999977
746.1236396707427048	-59.9999400000664664
746.1243357473031210	-58.4118778116567086
746.1261790820459510	-55.0943415251262607
746.1294821547708125	-50.7381737534192254
746.1301967122919905	-59.9399999999999977
746.1302529246021322	-59.9399999999999977
751.1302230444794077	-59.9999399998916516
751.1309050282826547	-58.3869312350979470
751.1327228139775798	-54.9838176689698699
751.1359565680921833	-50.5264340601295388
751.1364358269813692	-59.9399999999999977
751.1364893918811276	-59.9399999999999977
756.1364651826489762	-59.9999400001055818
756.1371888259416210	-58.4618765747280449
756.1390648994375852	-55.3348170640668613
756.1427067993762421	-50.9115489036425473
756.1437014675835826	-59.9399999999999977
756.1437638931822676	-59.9399999999999977
761.1437331968494391	-59.9999400000561991
761.1445013493373608	-58.4883909113757241
761.1464937287088333	-55.4298795323052502
761.1501495628905332	-51.3819438795110912
761.1518527170878770	-59.9399999999999977
761.1519205924505513	-59.9399999999999977
766.1518880788009938	-59.9999400000519429
766.1527200457637719	-58.5293710691283167
766.1548529076776504	-55.6072849466159767
766.1588206805865866	-51.7227191722513311
766.1613407016410520	-59.9399999999999977
766.1614180969810377	-59.9399999999999977
771.1613677395336026	-59.9999399999384124
771.1620562663699729	-58.4129756702532532
771.1638790920605970	-55.0991717420814950
771.1671464725928899	-50.7474259999353805
771.1678634728107227	-59.9399999999999977
771.1679191444366097	-59.9399999999999977
776.1678962289369110	-59.9999399999959735
776.1686839076056685	-58.4981750812415058
776.1707213218418246	-55.4723808718841056
776.1744718242969157	-51.4635357393931017
776.1763600147393163	-59.9399999999999977
776.1764304598409581	-59.9399999999999977
781.1763895884855629	-59.9999399999332823
781.1771309876654641	-58.4367775108397183
781.1790813225175043	-55.2042661814190723
781.1826022738266602	-50.9490808742548253
781.1836241945756001	-59.9399999999999977
781.1836857980126751	-59.9399999999999977
786.1836538062291311	-59.9999400000793202
786.1843930598142833	-58.4430478676412264
786.1863344910564138	-55.2317883504227680
786.1898460832730962	-51.0018817926473744
786.1909340308146739	-59.9399999999999977
786.1909959058484674	-59.9399999999999977
791.1909671572266234	-59.9999400000970056
791.1917463888069051	-58.5295918799419610
791.1937440121100735	-55.6080814187774948
791.1974605322587877	-51.7240807878153532
791.1998238290830159	-59.9399999999999977
791.1998963366021371	-59.9399999999999977
796.1998579222049557	-59.9999400000273724
796.2006826239912698	-58.4896381769029148
796.2028207831656346	-55.4355820593568183
796.2067455747223903	-51.3932843262340882
796.2085941797338364	-59.9399999999999977
796.2086671698390319	-59.9399999999999977
801.2086281426122696	-59.9999399999792900
801.2094476782871197	-58.4931894388615774
801.2114525259471520	-55.5935490311420466
801.2155789631644893	-51.2333678937325629
801.2171769301354516	-59.9399999999999977
801.2172491370962462	-59.9399999999999977
806.2172077632222909	-59.9999400000834200
806.2179529050457631	-58.4909243778961709
806.2198842999599719	-55.4407468824911476
806.2233244134617962	-51.4931247125106921
806.2250454519554523	-59.9399999999999977
806.2251087418756015	-59.9399999999999977
811.2250745012536299	-59.9999400000639511
811.2258002394786445	-58.4419561791149391
811.2277067285717749	-55.2270263331836588
811.2311539236847011	-50.9928609172773477
811.2322103203788402	-59.9399999999999977
811.2322709886256007	-59.9399999999999977
816.2322388656857584	-59.9999400001065837
816.2329496142550624	-58.4469753682241802
816.2348142635084969	-55.2488933798850042
816.2381911158120147	-51.0344831756002435
816.2392788993212207	-59.9399999999999977
816.2393386595703078	-59.9399999999999977
821.2393147381321796	-59.9999399999443952
821.2401396338875657	-58.5599886238882235
821.2422355620561802	-55.7385432858932148
821.2461771091560649	-51.9747050020903814
821.2492755019445667	-59.9399999999999977
821.2493553714466543	-59.9399999999999977
826.2493127732666380	-59.9999399999799010
826.2501475230020560	-58.5971979524986608
826.2522449446480550	-55.8967420200895546
826.2562443193572790	-52.2785662102898669
826.2602984994595090	-59.9399999999999977
826.2603835230263485	-59.9399999999999977
831.2603317212162892	-59.9999400000651448
831.2611200142126791	-58.5172857517343132
831.2631479693202436	-55.5550998216189029
831.2669024573231127	-51.6242792230137226
831.2690900472142630	-59.9399999999999977
831.2691622280531192	-59.9399999999999977
836.2691230594750778	-59.9999399999039937
836.2698992299300471	-58.5302710264911994
836.2718942099875221	-55.6041594481610844
836.2755835562495577	-51.7401530241994578
836.2779663809358226	-59.9399999999999977
836.2780570743891531	-59.9399999999999977
841.2779995418709404	-59.9999399999956537
841.2788007246554116	-58.4913696660536431
841.2808769672002427	-55.4429661640660854
841.2846903515114718	-51.4072140991219655
841.2865106029712479	-59.9399999999999977
841.2865816584534286	-59.9399999999999977
846.2865406709679519	-59.9999399998835585
846.2872774982862438	-58.4706170610854272
846.2891981038183076	-55.3524053883629747
846.2927021340964302	-51.2331730284409232
846.2941084161607250	-59.9399999999999977
846.2941721329353868	-59.9399999999999977
851.2941377854618850	-59.9999400000294614
851.2948630843212641	-58.4591785320435591
851.2967596011209253	-55.3023766867100832
851.3002072114065868	-51.1371319046861146
851.3014556723400119	-59.9399999999999977
851.3015175405721493	-59.9399999999999977
856.3014885238026181	-59.9999399999741598
856.3022795255423034	-58.4962983383303339
856.3043265918013276	-55.4642936570676426
856.3080924859712013	-51.4481221717487927
856.3099612464286565	-59.9399999999999977
856.3100318264987436	-59.9399999999999977
861.3099945705862410	-59.9999399999245284
861.3107704253804968	-58.5440350132945611
861.3127511200252684	-55.6700231999513875
861.3164549190286152	-51.8427186664799251
861.3190611211908845	-59.9399999999999977
861.3191346714535257	-59.9399999999999977
866.3190940192482685	-59.9999399999150569
866.3198636333205513	-58.5373227897643389
866.3218322370108808	-55.6412309092222443
866.3255046900104617	-51.7875651591682242
866.3279707283001017	-59.9399999999999977
866.3280430556047804	-59.9399999999999977
871.3280013610425385	-59.9999400000987180
871.3287473732841590	-58.4797562900727428
871.3306546161395545	-55.4495978461734822
871.3341596081934313	-51.4422907385675146
871.3358961876404010	-59.9399999999999977
871.3359620439155151	-59.9399999999999977
876.3359297313693332	-59.9999400000063190
876.3367073334621864	-58.5500567833686034
876.3386889819011003	-55.6958727796160673
876.3424024290447960	-51.8925098416931192
876.3451275287231965	-59.9399999999999977
876.3452018318732826	-59.9399999999999977
881.3451658337764911	-59.9999400000062408
881.3460426622982595	-58.5675952119448624
881.3482654081313967	-55.7712103527292911
881.3524568995076152	-52.0377725232932988
881.3559295670071378	-59.9399999999999977
881.3560153398308330	-59.9399999999999977
886.3559669284070424	-59.9999399999250187
886.3568363390760396	-58.5448148911985555
886.3590551541014975	-55.6737294701056342
886.3632052137700157	-51.8502828447149540
886.3661440873715947	-59.9399999999999977
886.3662249128568646	-59.9399999999999977
891.3661753764216655	-59.9999399999393077
891.3669484740782991	-58.4584806245994315
891.3689702618489719	-55.2995201962132725
891.3726447273905933	-51.1318842095618891
891.3739676380621404	-59.9399999999999977
891.3740335320300119	-59.9399999999999977
896.3739927826726444	-59.9999400000057861
896.3746603635353267	-58.3478867446215190
896.3764575428023136	-54.8095888869077257
896.3796199958619582	-50.1926227469583495
896.3797817152685639	-59.9399999999999977
896.3798319839941087	-59.9399999999999977
901.3798137255397478	-59.9999400000790502
901.3805812636136352	-58.5022890229583155
901.3825643092070550	-55.4901395666731219
901.3859340144431371	-51.7327172917280222
901.3880370052801254	-59.9399999999999977
901.3881021742770372	-59.9399999999999977
906.3880693755161246	-59.9999400000517511
906.3888202434646928	-58.5491629876987716
906.3907343189872563	-55.6919381149259323
906.3943200358355625	-51.8848268418743288
906.3969344980228016	-59.9399999999999977
906.3970061603181421	-59.9399999999999977
911.3969597460782097	-59.9999400000228746
911.3975948149376336	-58.4316287679436002
911.3991007271129092	-55.4594674807189350
911.4021623968865242	-50.9611023193027819
911.4030153950762951	-59.9399999999999977
911.4030662232843270	-59.9399999999999977
916.4030426676880552	-59.9999400000770322
916.4037310435140853	-58.4264558428981005
916.4055469970214745	-55.1586108511903603
916.4088151751370788	-50.8613193834063821
916.4096606279962316	-59.9399999999999977
916.4097171472308219	-59.9399999999999977
921.4096891666395095	-59.9999400000485252
921.4103985692275955	-58.4494557858483859
921.4122584279899684	-55.2597923371525681
921.4156291873010787	-51.0553998198269596
921.4167419663805276	-59.9399999999999977
921.4168017873112149	-59.9399999999999977
926.4167695487246874	-59.9999399999004908
926.4174538327417849	-58.4523547363633682
926.4192465107032604	-55.2723151547113716
926.4224984803058760	-51.0792324144791436
926.4236019874689418	-59.9399999999999977
926.4236598853167379	-59.9399999999999977
931.4236322124463641	-59.9999400000497474
931.4243922457384315	-58.4322230859514136
931.4262637082298397	-55.4113286091583177
931.4296555059956972	-51.4977156270029468
931.4314659633242854	-59.9399999999999977
931.4315314619753963	-59.9399999999999977
936.4314981865825303	-59.9999400000910725
936.4322652418176176	-58.5126977238841661
936.4342412086809873	-55.5351839626806836
936.4378963023604001	-51.5840474570256049
936.4399511224262369	-59.9399999999999977
936.4400209784605522	-59.9399999999999977
941.4399806068189491	-59.9999400000158545
941.4407116106719968	-58.4533594950094937
941.4426260636454344	-55.2769301745066173
941.4460999447143195	-51.0883600600267229
941.4472910877809682	-59.9399999999999977
941.4473530154265291	-59.9399999999999977
946.4473192364459919	-59.9999400000068945
946.4480192943788097	-58.4486987204704675
946.4498550729886119	-55.2563805788064997
946.4531814325683854	-51.0487621692850055
946.4542710847232456	-59.9399999999999977
946.4543300641972792	-59.9399999999999977
951.4542989230269541	-59.9999399999274274
951.4549873743557100	-58.4570651379383790
951.4567886475776959	-55.2929779958069503
951.4600609919403951	-51.1189353166505853
951.4612223479306294	-59.9399999999999977
951.4612809242246385	-59.9399999999999977
956.4612663176239948	-59.9999399999931526
956.4621822729848191	-58.6911174448341058
956.4644158736324471	-56.2897631281784001
956.4688434123393108	-53.0345738325096292
956.4747791671086361	-50.6261463624133796
956.4772193748539166	-59.9399999999999977
956.4774342596533643	-59.9399999999999977
961.4772531742413548	-59.9999399999310086
961.4780465576420738	-58.5325787998563598
961.4800787131299558	-55.6209077710974711
961.4838634412207057	-51.7486046136730806
961.4863214135599492	-59.9399999999999977
961.4863955199288057	-59.9399999999999977
966.4863566950864424	-59.9999400000727192
966.4871736873164991	-58.5516086684529924
966.4892547136892063	-55.7026175748430106
966.4931565082948737	-51.9055827062156467
966.4960513527612420	-59.9399999999999977
966.4961295815786571	-59.9399999999999977
971.4960846826310217	-59.9999400000461733
971.4968568748720372	-58.5508661007636917
971.4988242830576155	-55.6993155708888068
971.5025121118966354	-51.8991070522894731
971.5052334689098643	-59.9399999999999977
971.5053073335967611	-59.9399999999999977
976.5052649681807679	-59.9999399999061325
976.5060159650448668	-58.5104419000596252
976.5079518511387278	-55.5253396160796910
976.5115301260308343	-51.5650123045044282
976.5135075821518740	-59.9399999999999977
976.5135757798107079	-59.9399999999999977
981.5135377125868672	-59.9999400000251342
981.5142679971502275	-58.4866800210121625
981.5161631439348184	-55.4222510674469646
981.5196387420767223	-51.3669515644635339
981.5212344795318131	-59.9399999999999977
981.5212988684171478	-59.9399999999999977
986.5212719351698070	-59.9999400000177516
986.5221213311542670	-58.5803638115331538
986.5242664292849213	-55.8253824768972748
986.5278025611165731	-52.4999835781410198
986.5318427862541739	-59.9399999999999977
986.5319696213163070	-59.9399999999999977
991.5318830212784178	-59.9999399999830842
991.5327476085680019	-58.6516898703769769
991.5348832786361299	-56.1259173515894076
991.5390452370648973	-52.7192748950728358
991.5441260004363357	-50.2884110486142148
991.5449201195174282	-59.9399999999999977
991.5450831764566146	-59.9399999999999977
996.5449551365791194	-59.9999400000929910
996.5457522226381570	-58.5752031200522367
996.5477684263920537	-55.8032729914580514
996.5515812750732039	-52.0988552918333454
996.5549049225903673	-59.9399999999999977
996.5549836897147316	-59.9399999999999977
