0.0000000000000000	0.0000000000000000
0.0000000006926158	0.0000200000000000
0.0000060497277260	0.0873660798365487
0.0000315044905074	0.4549155545826955
0.0000477793396219	0.6898935215300622
0.0000614412828379	0.8871264356082398
0.0000736574492068	1.0634680572568942
0.0000852677386308	1.2310440470733455
0.0000968548330678	1.3982617947232878
0.0001085256213898	1.5666604524502949
0.0001201589528306	1.7344885269024590
0.0001318659599760	1.9033459017709311
0.0001435910051954	2.0724263685988045
0.0001553186895714	2.2415045211087401
0.0001670694384491	2.4108713646983406
0.0001788100351565	2.5800447860101676
0.0001905789622001	2.7495758578434621
0.0002023274049602	2.9187580428936242
0.0002141090290746	3.0883607603854570
0.0002258950667782	3.2579662457105374
0.0002376838000892	3.4275464308039809
0.0002494828186897	3.5972070200530402
0.0002612761859377	3.7667155043251705
0.0002730851939829	3.9363744857970793
0.0002848811824775	4.1057688367922092
0.0002966974768158	4.2753737350273902
0.0003085141156714	4.4448990796420658
0.0003203350512307	4.6143982141271058
0.0003321605424537	4.7838713794534780
0.0003439845249641	4.9532283024366102
0.0003558173893445	5.1226143748850124
0.0003676437176426	5.2918055081821320
0.0003794826510565	5.4610721522095584
0.0003913182774700	5.6301833074413512
0.0004031622168988	5.7993016290737067
0.0004150056737071	5.9682980470002978
0.0004268534345369	6.1372374772455771
0.0004387033877027	6.3060863634082818
0.0004505545390403	6.4748271359991127
0.0004624111065282	6.6435164402632623
0.0004742593229100	6.8119550864724951
0.0004861222666501	6.9804677619315436
0.0004979784160333	7.1487452564558138
0.0005098475139642	7.3170643659187542
0.0005217107505108	7.4851548655662627
0.0005335851451472	7.6532544699772531
0.0005454556728362	7.8211470209491614
0.0005573104075781	7.9886608809871147
0.0005691892943380	8.1563570487149377
0.0005810524945099	8.3236695979706230
0.0005929400108061	8.4911592394561719
0.0006048115066224	8.6582541347569499
0.0006167078257363	8.8255256832903939
0.0006285871623433	8.9923825467478746
0.0006404921323715	9.1594197959466790
0.0006523811676329	9.3260506680397643
0.0006642419294164	9.4920999424711585
0.0006761416137919	9.6585048389233865
0.0006880110192180	9.8242941207236782
0.0006999222053161	9.9904707491086420
0.0007118003868697	10.1559878364538871
0.0007237234985062	10.3219277835313079
0.0007356106999946	10.4871619217575880
0.0007475475088028	10.6528753249826984
0.0007594449010365	10.8178285122030466
0.0007713970511404	10.9833234999313163
0.0007833311017434	11.1483476027171413
0.0007952174977803	11.3124904074639741
0.0008070940583090	11.4762722579571825
0.0008189815396477	11.6399763646238394
0.0008308585480328	11.8033045798457579
0.0008427463305615	11.9665460667084051
0.0008546239561757	12.1294098977804481
0.0008665127521800	12.2921854897442984
0.0008783910255857	12.4545723305971485
0.0008902806498437	12.6168664552750762
0.0009021591724172	12.7787578797928809
0.0009140492130892	12.9405519335490506
0.0009259270033484	13.1019216672948122
0.0009378162040353	13.2631856307215354
0.0009496955252888	13.4237830211745877
0.0009615851620920	13.5847897640634265
0.0009734630292351	13.7450983970891958
0.0009853526051707	13.9052914041970759
0.0009972279580992	14.0647345660763445
0.0010091176404159	14.2246530942782954
0.0010209884034718	14.3837530223019421
0.0010328759548559	14.5427917636919020
0.0010447608896558	14.7012116136804192
0.0010566372487265	14.8595150461587338
0.0010685159082678	15.0178534666736425
0.0010803910349663	15.1755487718983950
0.0010922684574716	15.3329722020573005
0.0011041403631866	15.4897074590903667
0.0011160171782071	15.6468186529647504
0.0011278810916780	15.8031381527754675
0.0011397549648254	15.9592741912550000
0.0011516267254275	16.1147420883458139
0.0011634997159953	16.2705493204665039
0.0011753686130208	16.4256562122139407
0.0011872278799298	16.5799783790109956
0.0011990858429439	16.7346163250825910
0.0012109325447401	16.8884430307115707
0.0012227885766429	17.0420546006558773
0.0012346419437168	17.1949480697185102
0.0012464949854844	17.3481821057181911
0.0012583423151885	17.5006525358202687
0.0012701744318568	17.6522253823224311
0.0012820093604814	17.8041887402816030
0.0012938432618706	17.9554311158415274
0.0013056664266268	18.1058163509723045
0.0013174933369906	18.2566125050581967
0.0013292937575029	18.4063458124620638
0.0013411030189615	18.5558248878824301
0.0013529102393706	18.7045341467430930
0.0013647032727714	18.8530625607709226
0.0013764997974497	19.0016390501383086
0.0013882861280673	19.1493313835523082
0.0014000594558416	19.2960931718882485
0.0014118349324418	19.4432687643849320
0.0014235967904344	19.5895008197929350
0.0014353439894528	19.7347654826388670
0.0014470920356259	19.8804363444090733
0.0014588256255188	20.0251371561095191
0.0014705444893804	20.1688538214739488
0.0014822637351672	20.3129795470568482
0.0014939670555966	20.4561012902038257
0.0015056568189297	20.5982373600663458
0.0015173392928835	20.7406974082030295
0.0015290070417234	20.8821526344052018
0.0015406608004823	21.0226011399073371
0.0015523006793344	21.1633034047155775
0.0015639056903103	21.3027432942443404
0.0015755208143618	21.4418802824665526
0.0015871073630884	21.5802470709500049
0.0015986904938918	21.7181428790858426
0.0016102563257355	21.8553991335613453
0.0016218033977723	21.9919964393210279
0.0016333310142239	22.1279245768831068
0.0016448392596815	22.2631825796652549
0.0016563283833469	22.3977714004409520
0.0016677979684703	22.5316841637076024
0.0016792475564459	22.6649135364355132
0.0016906766331366	22.7974515780912732
0.0017020843022708	22.9292859723687705
0.0017134494649474	23.0597109043223263
0.0017247999148090	23.1899655240221598
0.0017361239292202	23.3194543062557322
0.0017474261181652	23.4482282551296350
0.0017587064778131	23.5767568623826236
0.0017699574792286	23.7040123178736124
0.0017811691276964	23.8298736036558658
0.0017923655222059	23.9560409041303473
0.0018035286334721	24.0808797023679553
0.0018146563685162	24.2048421219856280
0.0018257514913836	24.3274728703274583
0.0018368307602747	24.4504152305810969
0.0018478701350452	24.5719415938857679
0.0018588680813084	24.6920281868728395
0.0018698528186643	24.8124646334465595
0.0018807561613193	24.9310245098911913
0.0018916594959130	25.0485872659166340
0.0019025471114514	25.1664810041412430
0.0019133667663431	25.2826389088812213
0.0019241711212244	25.3981277240023218
0.0019349222247326	25.5120305885846186
0.0019456604792496	25.6263074753212443
0.0019563268769127	25.7388018122095765
0.0019669817754918	25.8506608875523014
0.0019775848296650	25.9609406867258592
0.0019881364577335	26.0706834338744429
0.0019986643055154	26.1796594434171901
0.0020091433293180	26.2876084909580712
0.0020196015199118	26.3953457467801087
0.0020299911337938	26.5013280303032488
0.0020403421318433	26.6058571474706973
0.0020506866963149	26.7108539383611898
0.0020609521846145	26.8139874758153418
0.0020711854803090	26.9157258035751532
0.0020814194764230	27.0180094817272902
0.0020915637718135	27.1183238413581336
0.0021016800627193	27.2172769900706477
0.0021117678344744	27.3159497826457134
0.0021218288109527	27.4143619371666567
0.0021318279965787	27.5110784224385938
0.0021417808475879	27.6062463835782275
0.0021517115339088	27.7017551499404071
0.0021615604851919	27.7953790443447311
0.0021713600474760	27.8874245601509223
0.0021812058701428	27.9804660337451807
0.0021909680851456	28.0716038883246881
0.0022007134361898	28.1620229050543891
0.0022103946639648	28.2507202241959092
0.0022200606253336	28.3398434189513821
0.0022296443838367	28.4270839873921837
0.0022392108668042	28.5130315646498076
0.0022487641338088	28.5994320044570109
0.0022582332305451	28.6839369712050818
0.0022676918560145	28.7672032146607641
0.0022771422670675	28.8509742595750289
0.0022865083645646	28.9328537303714732
0.0022958690669561	29.0135307864835212
0.0023052266399350	29.0947628485191636
0.0023144988753891	29.1740998656261858
0.0023237686562627	29.2522506940953626
0.0023330375936034	29.3309809185081249
0.0023422193437495	29.4078068328617199
0.0023514049141476	29.4834900995259765
0.0023606191526512	29.5599996072751097
0.0023697508351775	29.6346462628234875
0.0023788938107818	29.7087910377158053
0.0023879419411274	29.7809797262803606
0.0023970390862996	29.8541599549735430
0.0024060333087341	29.9253284280682657
0.0024150380371735	29.9953849905865155
0.0024240855807591	30.0663764365156396
0.0024330479437380	30.1355017877021396
0.0024420300599837	30.2041751003512040
0.0024509381317101	30.2710748356496673
0.0024598764310325	30.3388107729960339
0.0024687270093323	30.4046777467815232
0.0024776385929840	30.4703908346494359
0.0024865272966747	30.5353221959560166
0.0024953652875847	30.5986614866569617
0.0025042345209044	30.6628390802333612
0.0025130458213137	30.7253749695194962
0.0025218834552687	30.7874808553642829
0.0025306609838546	30.8479329302813099
0.0025394834704936	30.9093150027732868
0.0025482514130132	30.9690848084400479
0.0025569696361205	31.0272800183421325
0.0025657769045055	31.0866970269894018
0.0025745024329236	31.1443250473742452
0.0025832756418259	31.2016434225428618
0.0025919988482139	31.2573866579985875
0.0026008023362693	31.3142715667450524
0.0026094722604439	31.3690523922482747
0.0026181883588923	31.4228725757738410
0.0026269834896491	31.4778122979643982
0.0026356848749414	31.5309116367435713
0.0026444001929335	31.5828355459816237
0.0026531966585464	31.6358783821233231
0.0026618220154187	31.6866403566790495
0.0026705505794664	31.7373797362333256
0.0026793084000491	31.7876517398946561
0.0026880320404584	31.8364549213513541
0.0026968607867325	31.8864865184384065
0.0027055201859828	31.9342972332915949
0.0027142820591240	31.9820374102304434
0.0027230669181689	32.0292596198101975
0.0027318280166742	32.0757127691828359
0.0027406320641371	32.1217496340087578
0.0027494029624257	32.1663271299583826
0.0027582683811896	32.2120325523864395
0.0027670090245714	32.2558159046752237
0.0027758405641721	32.2994105804672387
0.0027846694329933	32.3423454736878426
0.0027935289272798	32.3847811600255042
0.0028023887632704	32.4265699624370285
0.0028112792680688	32.4678534051835541
0.0028201713267968	32.5084937518136812
0.0028290966196856	32.5486341601070208
0.0028380232509476	32.5881285068783484
0.0028469851283865	32.6271253782926891
0.0028559520936940	32.6654905483706841
0.0028649560039193	32.7033585282458859
0.0028739702418022	32.7406142086197463
0.0028830278231768	32.7773916395571803
0.0028920718926676	32.8128016455720228
0.0029012563082656	32.8494214405345346
0.0029102989469951	32.8841701519089256
0.0029194355706167	32.9186232627641857
0.0029286129254711	32.9525689093326406
0.0029378065936983	32.9859135330501232
0.0029470482211182	33.0187691480047150
0.0029562866296950	33.0509513247652293
0.0029655895287283	33.0826932243675245
0.0029749115184527	33.1138353027615224
0.0029842646647990	33.1444164094170546
0.0029936660212708	33.1744875598001201
0.0030030900798305	33.2039643015649872
0.0030125512394183	33.2328898390048622
0.0030220585331464	33.2612866264629190
0.0030315928578639	33.2890951069411116
0.0030411597784849	33.3163296348223028
0.0030507758311168	33.3430336199689066
0.0030604206903421	33.3691473561142402
0.0030701113616985	33.3947143530568340
0.0030798480087680	33.4197303183819798
0.0030896261722012	33.4441805882963621
0.0030994503886566	33.4680731147064918
0.0031093208697421	33.4914046604078521
0.0031192354355049	33.5141664638917121
0.0031292004720405	33.5363688516958049
0.0031392119816060	33.5579995846628023
0.0031492740356516	33.5790638697834751
0.0031593771986042	33.5995383752261745
0.0031695500954966	33.6194769663956521
0.0031797697417633	33.6388300526014206
0.0031900176901042	33.6575610019790616
0.0032003223366636	33.6757200887122181
0.0032106848850816	33.6933050541396284
0.0032211060541889	33.7103127095506920
0.0032315868746623	33.7267403284901519
0.0032421283868872	33.7425851037216091
0.0032527316370322	33.7578441409041972
0.0032633976788430	33.7725144615397639
0.0032741275720897	33.7865930008833217
0.0032849223846245	33.8000766109271993
0.0032957734892180	33.8129502463046592
0.0033067160558804	33.8252499306689032
0.0033177296897441	33.8369468584362636
0.0033287995615437	33.8480211777037496
0.0033399398451844	33.8584836048955111
0.0033511598998093	33.8683379780201221
0.0033624539901259	33.8775739819760346
0.0033738205390628	33.8861853162283424
0.0033852640197238	33.8941708190176598
0.0033967872641677	33.9015280749878158
0.0034083875702541	33.9082498724163131
0.0034200868459545	33.9143435981476387
0.0034318513691066	33.9197858098010769
0.0034436939723916	33.9245789887630593
0.0034556285354689	33.9287238238795297
0.0034676437187616	33.9322115455056306
0.0034797441122074	33.9350382938613038
0.0034919379768615	33.9372019471900401
0.0035042214455449	33.9386955057233024
0.0035165993620755	33.9395154396435217
0.0035290504653351	33.9396545847802571
0.0035290504653351	33.9396545847802571
0.0035415265295772	33.9391165924160774
0.0035541801772058	33.9378880129925875
0.0035669428595754	33.9359621620961462
0.0035797933446338	33.9333376555240704
0.0035927655966779	33.9300013218934282
0.0036058283369516	33.9259558826723620
0.0036190027443275	33.9211892786410445
0.0036322744197004	33.9157018233652039
0.0036456523681043	33.9094841529649926
0.0036591385162941	33.9025309904328225
0.0036727361413612	33.8948341564790425
0.0036864437795906	33.8863899489937097
0.0037002889097016	33.8771744748658818
0.0037142276479807	33.8672109686838354
0.0037282885442564	33.8564756634915511
0.0037424557536095	33.8449739051269205
0.0037567498754034	33.8326851306915160
0.0037711669347773	33.8196053884977275
0.0037856990204132	33.8057372658814828
0.0038003680649969	33.7910548386366045
0.0038151713681460	33.7755532459155035
0.0038300718817185	33.7592666584223480
0.0038451359379358	33.7421167221944955
0.0038603485892659	33.7241114384449787
0.0038756491745087	33.7053191580604121
0.0038911231271243	33.6856297849330844
0.0039067004804634	33.6651254184338526
0.0039223881393199	33.6437949611782585
0.0039382414121912	33.6215587277421832
0.0039542257184337	33.5984567216909511
0.0039702996494231	33.5745452663542565
0.0039865583652170	33.5496798947024999
0.0040029754242660	33.5238915334385013
0.0040195228911608	33.4972178263969269
0.0040361901946618	33.4696715274990311
0.0040529744728064	33.4412539377757838
0.0040699051565298	33.4119127949834933
0.0040869316278471	33.3817293353624081
0.0041043070006851	33.3502458361493055
0.0041216624394694	33.3181200762098655
0.0041391297071681	33.2851131862898555
0.0041568003787265	33.2510453065774811
0.0041745552346473	33.2161415712406907
0.0041924584551314	33.1802732577850321
0.0042104199486632	33.1436172685501731
0.0042287615487621	33.1055092707577145
0.0042470019127210	33.0669392075052855
0.0042653946041463	33.0273782496834514
0.0042839577581464	32.9867794642200636
0.0043026690982286	32.9451859638213591
0.0043215274052972	32.9025953020160173
0.0043403461973803	32.8594301034422074
0.0043593277136917	32.8152306694570157
0.0043784424897953	32.7700575796934501
0.0043976701085608	32.7239547840030482
0.0044169982147980	32.6769495929080733
0.0044364089815367	32.6290836070672512
0.0044559377661429	32.5802670899560383
0.0044755629093477	32.5305494969997042
0.0044952774200090	32.4799466770235767
0.0045150684188426	32.4284906931262427
0.0045349031264927	32.3762666611073371
0.0045548306908360	32.3231448159458168
0.0045748321393839	32.2691721535553029
0.0045948892467726	32.2143971983015689
0.0046149888986777	32.1588567409689219
0.0046351459782880	32.1025108066108302
0.0046552866743384	32.0455640458690922
0.0046755061348030	31.9877511147612097
0.0046958051493994	31.9290672523614987
0.0047161011075018	31.8697496120324395
0.0047364735507517	31.8095649927661910
0.0047569273799791	31.7484935926568070
0.0047775078313777	31.6863952271067753
0.0047979960102775	31.6239317586113877
0.0048184328390074	31.5603562606835446
0.0048391967314488	31.4963926093952722
0.0048593786481889	31.4329694241236730
0.0048798208012597	31.3680969158415976
0.0049002327034983	31.3026877714824536
0.0049205874144896	31.2368333463363506
0.0049409323009630	31.1703854801059208
0.0049612696364266	31.1033355937317637
0.0049815402349027	31.0358815670623933
0.0050019802054912	30.9672365725551550
0.0050223003352343	30.8977516411066944
0.0050426733882035	30.8287015060008471
0.0050625898866715	30.7599784798837916
0.0050828034865894	30.6896142578395050
0.0051029585547691	30.6188351003587371
0.0051230201919236	30.5477693867178850
0.0051429827520774	30.4764439565557765
0.0051629410875759	30.4045245224432321
0.0051828198900732	30.3322838065265614
0.0052029085281302	30.2586657568489201
0.0052228392437581	30.1850145328532520
0.0052425575657176	30.1109414056755824
0.0052624559375930	30.0367964467853135
0.0052819713950935	29.9628859030046684
0.0053016572254746	29.8877296278960785
0.0053212650704585	29.8122699296865861
0.0053407912052136	29.7365259932469073
0.0053602654655210	29.6603857817319927
0.0053796717139125	29.5839162965902247
0.0053989596255076	29.5073218764631768
0.0054184074773394	29.4294966041255179
0.0054376975399683	29.3517094672512648
0.0054569887822078	29.2733236816389422
0.0054762179120309	29.1945984958965781
0.0054953497580791	29.1156842954840727
0.0055144095783147	29.0359029544695240
0.0055334668278451	28.9567119834824638
0.0055522129432319	28.8776651471180728
0.0055710858198403	28.7969326100253831
0.0055900622691787	28.7163321477159883
0.0056087856656875	28.6356612042327967
0.0056275389157422	28.5542889602881260
0.0056462378393217	28.4725796839708707
0.0056648938139207	28.3904865862607316
0.0056835049508735	28.3080216570036427
0.0057020478215646	28.2252929440354023
0.0057206630028873	28.1416733615184675
0.0057391837770015	28.0579108967223583
0.0057577111744863	27.9735522476956397
0.0057761815319743	27.8888891880332430
0.0057946004327492	27.8039015174918838
0.0058129784609038	27.7185450940166227
0.0058312482740682	27.6325849697750421
0.0058495478452549	27.5470388182440900
0.0058677511580585	27.4608418506312830
0.0058859913684044	27.3733737851283863
0.0059042734862334	27.2862523052990120
0.0059224215175703	27.1986803622186990
0.0059405407862872	27.1101623998976109
0.0059587081392358	27.0214123855094606
0.0059768425641068	26.9322818601256841
0.0059949804284465	26.8425948629128186
0.0060131134017886	26.7529290616295086
0.0060311743839357	26.6625489480579247
0.0060491201858294	26.5716820015113058
0.0060672520991363	26.4804125023777459
0.0060853209691238	26.3878706769884275
0.0061034753346413	26.2954185531877549
0.0061215396335381	26.2018479237865769
0.0061396541193235	26.1085410987156443
0.0061577018122702	26.0140116341300356
0.0061758293185194	25.9195848864158975
0.0061939033424157	25.8243981657998702
0.0062120259628509	25.7284385048536386
0.0062301167066235	25.6316203888898997
0.0062482417034165	25.5351322198193742
0.0062663501170621	25.4377088921782999
0.0062845189171151	25.3389447938300556
0.0063027537637749	25.2403290351658889
0.0063209721969495	25.1407897552353816
0.0063391886360561	25.0402573171217568
0.0063574684177037	24.9393779294417897
0.0063757965974186	24.8377306690700195
0.0063941985494194	24.7351746664331422
0.0064125958929578	24.6326409183603694
0.0064309911978906	24.5286405604007065
0.0064494542518454	24.4247490703694972
0.0064679400384483	24.3192629766085062
0.0064865313811178	24.2136631471868284
0.0065051619836849	24.1068679089004583
0.0065238697637097	23.9986676046801044
0.0065426124127456	23.8902677699169566
0.0065614377783857	23.7809101263664360
0.0065803831076729	23.6703772872584040
0.0065993564970294	23.5596778770786415
0.0066184014866925	23.4476143903319105
0.0066375079916007	23.3347203001748618
0.0066567095269513	23.2207976863026246
0.0066760374957010	23.1051975769746107
0.0066955230409278	22.9886591613012499
0.0067149326785069	22.8721141535480577
0.0067345575883839	22.7542819689150804
0.0067542812355677	22.6349421540042854
0.0067741727043404	22.5141339711273964
0.0067942431435423	22.3913396128119508
0.0068145324898697	22.2672105576468660
0.0068349848607697	22.1416342888071114
0.0068554526574858	22.0159591881321361
0.0068761219347864	21.8881590105968549
0.0068970477879379	21.7578978165508836
0.0069182546687405	21.6258916652084352
0.0069395041081099	21.4936182119473074
0.0069609870053595	21.3590238523517293
0.0069828107797717	21.2214399840594012
0.0070046600111198	21.0841225163376826
0.0070269964947135	20.9428930366117250
0.0070496078446888	20.7990891563585834
0.0070727908819637	20.6516568850387436
0.0070961694113315	20.5029749551580451
0.0071198205881243	20.3517291939344709
0.0071439581167504	20.1969732592350546
0.0071686993806281	20.0375387805254803
0.0071939664816551	19.8751241806847538
0.0072200776037499	19.7064680824590397
0.0072465859562243	19.5348505985090739
0.0072742192814538	19.3551657323829218
0.0073027748071696	19.1694952687518168
0.0073323376830862	18.9768898757315938
0.0073630813382629	18.7765868621881999
0.0073962485033062	18.5596990103360362
0.0074312581164717	18.3303883055395822
0.0074692621967988	18.0810953005109205
0.0075130643077278	17.7930425713707976
0.0075658314639809	17.4464536878855050
0.0077286122747710	16.3756261479694203
0.0077702547584515	16.1022651309723059
0.0078054445624407	15.8715827761401229
0.0078372995076021	15.6630729251841743
0.0078670134838265	15.4688858291471636
0.0078948290324091	15.2874127402606526
0.0079211893669440	15.1157404283498114
0.0079464869322732	14.9512904714259314
0.0079706489691074	14.7945256270643490
0.0079937385599774	14.6450128936244894
0.0080162478717335	14.4995546732589702
0.0080378743702384	14.3600949649154543
0.0080589232611523	14.2246456482825376
0.0080794080987980	14.0931147930981364
0.0080992487236172	13.9660040051588670
0.0081188070789898	13.8409824582422463
0.0081370932072847	13.7246339072003085
0.0081552534908568	13.6090732437047741
0.0081729973972944	13.4964246254244280
0.0081908060803091	13.3833662128867150
0.0082082841852214	13.2729413302155379
0.0082255396702019	13.1641922239112716
0.0082424714309922	13.0577516519764742
0.0082590712351780	12.9536624061342529
0.0082753889198155	12.8516040192875476
0.0082914352528321	12.7515028662741532
0.0083072214806618	12.6532825404444313
0.0083228083347318	12.5565593499363004
0.0083378575841406	12.4636692355706025
0.0083528749736012	12.3707233051016914
0.0083676484117513	12.2797775140960468
0.0083822148243156	12.1905929966938213
0.0083965704670928	12.1026978817069910
0.0084107920766211	12.0158627739485269
0.0084248481172521	11.9302777809585994
0.0084388527389590	11.8450106429098234
0.0084525536728535	11.7620611012706977
0.0084661419115643	11.6802609230468004
0.0084796182623421	11.5991337632120892
0.0084929077820601	11.5193633936952473
0.0085060238231758	11.4408643891232895
0.0085190781806912	11.3627378732415742
0.0085319700811426	11.2860361933311548
0.0085448079310685	11.2101061085388469
0.0085574428746187	11.1353794355905649
0.0085698204227683	11.0623947725885579
0.0085821906934989	10.9896720035281596
0.0085944996118290	10.9175296494870704
0.0086066662347136	10.8464407655099766
0.0086187392206312	10.7759025021273391
0.0086307005237917	10.7064469004676148
0.0086426006445892	10.6377740465278023
0.0086543744935045	10.5698332205444991
0.0086660222553711	10.5026208449681473
0.0086776046734814	10.4362066695120248
0.0086890528009108	10.3709801415079941
0.0087003252461132	10.3067548718059676
0.0087116206880874	10.2426044633283642
0.0087228054414616	10.1792891478821819
0.0087338525380488	10.1169554648196964
0.0087449228888052	10.0546934630757328
0.0087558575784735	9.9933976621416818
0.0087666856958322	9.9328985053051682
0.0087774840691337	9.8727650563356271
0.0087881651910157	9.8134838475413364
0.0087987479935279	9.7549440433851800
0.0088093105647943	9.6967122823507736
0.0088196167501123	9.6400858936586804
0.0088300652100934	9.5828697036588029
0.0088403892141089	9.5265290943778655
0.0088506329583687	9.4708166070262614
0.0088608387162945	9.4155012458001863
0.0088708373145538	9.3614954147487683
0.0088809007485003	9.3073258930567473
0.0088908764078390	9.2538165823990752
0.0089007398265662	9.2010936726410151
0.0089106120346223	9.1485084514114021
0.0089202858019057	9.0971617782986627
0.0089300633707943	9.0454457857925537
0.0089396045136020	8.9951595218554274
0.0089492448624916	8.9445294201782612
0.0089587990778697	8.8945322298303520
0.0089682788900021	8.8451019523998671
0.0089777273590365	8.7960130061936290
0.0089870397213462	8.7478062087886901
0.0089963906713517	8.6995748534473698
0.0090055375525178	8.6525685884775712
0.0090147890660617	8.6051970324522866
0.0090239523535991	8.5584513921631338
0.0090331103210425	8.5119044626089160
0.0090420625491090	8.4665720191114886
0.0090511094690805	8.4209287266775927
0.0090600753231184	8.3758645427143943
0.0090690038334856	8.3311556306261778
0.0090778709632698	8.2869220929858258
0.0090866822084788	8.2431329144538115
0.0090954549724861	8.1997009201168023
0.0091041536950063	8.1567991481156596
0.0091128348219461	8.1141481108205120
0.0091214678682164	8.0718954961455189
0.0091300624500941	8.0299937791827460
0.0091386403006463	7.9883344352721668
0.0091471489885214	7.9471723862853318
0.0091556357620629	7.9062754823571835
0.0091640560601270	7.8658585551476614
0.0091724524514148	7.8257138483038524
0.0091807866444628	7.7860244848739724
0.0091890970827256	7.7466041125737544
0.0091973471070354	7.7076266680913097
0.0092055777404802	7.6688951702951114
0.0092137480524408	7.6306023948056039
0.0092219055749007	7.5925224199434123
0.0092299553819586	7.5550964917760419
0.0092380333425726	7.5176910071635907
0.0092460506131132	7.4807166933678415
0.0092540475770825	7.4439865094248230
0.0092620016336289	7.4076022139890494
0.0092699208064920	7.3715266910205308
0.0092778115299712	7.3357282644642634
0.0092856548896597	7.3002926683019131
0.0092934839991273	7.2650676600085893
0.0093012537901348	7.2302562697153041
0.0093090093861169	7.1955093856667904
0.0093166603109661	7.1615173852989145
0.0093243449023924	7.1276616633925327
0.0093319987146069	7.0939414846710207
0.0093396150460055	7.0605295367063245
0.0093472175860442	7.0273194931648844
0.0093546955056330	6.9947935462735185
0.0093622274301605	6.9621722804037232
0.0093696720860417	6.9300677389592673
0.0093771338218879	6.8980284239620069
0.0093845445458271	6.8663459425825524
0.0093919379292598	6.8348757223254326
0.0093993113967197	6.8036270868522486
0.0094066390763702	6.7727097948980397
0.0094139529242593	6.7419864918421037
0.0094212082917635	6.7116434525742754
0.0094284598692394	6.6814511588323571
0.0094356968910085	6.6514532522858687
0.0094428489203174	6.6219401744242976
0.0094500241049921	6.5924641561303998
0.0094571574998244	6.5632915656389468
0.0094642697438425	6.5343375927544054
0.0094713682797640	6.5055702645889619
0.0094783595009308	6.4773672421367889
0.0094853975303516	6.4491046702340329
0.0094923792817862	6.4211968396110946
0.0094993566022125	6.3934357398260069
0.0095063199099101	6.3658584024152338
0.0095131752347404	6.3388353077045947
0.0095200833598108	6.3117304607779747
0.0095269742088889	6.2848197452685479
0.0095337610325329	6.2584402435141699
0.0095406021869819	6.2319743034174815
0.0095474047019463	6.2057823960659109
0.0095541887386088	6.1797865682146087
0.0095609598696493	6.1539639244563276
0.0095676501344876	6.1285722711391912
0.0095743663195895	6.1032048835226513
0.0095810570234263	6.0780558230760571
0.0095877189943312	6.0531372899203006
0.0095943685034857	6.0283865628581701
0.0096009582668380	6.0039784914748200
0.0096075546041501	5.9796665478366178
0.0096141378984088	5.9555223903803363
0.0096206598676356	5.9317219265626413
0.0096271957135334	5.9079897589953632
0.0096337186009239	5.8844229211493557
0.0096401933088844	5.8611476298339324
0.0096466676193356	5.8379915218131790
0.0096531296621987	5.8149961665816567
0.0096595157392598	5.7923869756927635
0.0096659287130100	5.7697984362417127
0.0096723277290365	5.7473745549073012
0.0096786922123079	5.7251876809306799
0.0096850450867525	5.7030418343117262
0.0096913663487342	5.6812341164825941
0.0096976713846224	5.6597099597201082
0.0097039650628559	5.6382244596762030
0.0097102168050160	5.6169947227635948
0.0097164660365649	5.5958864149638430
0.0097227039614620	5.5749283224087520
0.0097289292563789	5.5541242554883636
0.0097350633060590	5.5337355712779690
0.0097412486479709	5.5131763639459885
0.0097474197207928	5.4928853437190499
0.0097535604338256	5.4729144463983568
0.0097596903974003	5.4528693461022790
0.0097657990681329	5.4331120174597691
0.0097718853651787	5.4136448430432669
0.0097779611742009	5.3942111121683700
0.0097840106470694	5.3749694622186537
0.0097900437864919	5.3558880217525990
0.0097960666446563	5.3369463136352513
0.0098020605466746	5.3182023419089308
0.0098080417476363	5.2996051499247585
0.0098140128644174	5.2811453989856831
0.0098199729105257	5.2628255814750764
0.0098258745346932	5.2447902493000322
0.0098317983963536	5.2267919627229578
0.0098377120000808	5.2089294667417567
0.0098435998826009	5.1912487882979033
0.0098494746517533	5.1737120239161767
0.0098553398128969	5.1563075036415027
0.0098611830370219	5.1390711862880076
0.0098670094458084	5.1219880124200623
0.0098728264687208	5.1050348847934712
0.0098786275580435	5.0882303236310102
0.0098844066783217	5.0715920085493824
0.0098901766187211	5.0550816394127178
0.0098959366739632	5.0387007358938520
0.0099016153351020	5.0226515225134456
0.0099073393447997	5.0064741000149846
0.0099130537891371	4.9905242019978413
0.0099187302943861	4.9748793248609546
0.0099244121037787	4.9592198366477742
0.0099300850976365	4.9436839075602119
0.0099357488762363	4.9282721622411403
0.0099413628177892	4.9130943064917023
0.0099469933682074	4.8979699931696068
0.0099526152483213	4.8829670037234321
0.0099582042619855	4.8681492448741164
0.0099637919805269	4.8534327729305620
0.0099693713867279	4.8388353358971434
0.0099749356901556	4.8243742028040995
0.0099804816161483	4.8100580961361992
0.0099860194806406	4.7958590729363433
0.0099915488651872	4.7817777776825388
0.0099970158912611	4.7679505167215037
0.0100025131561265	4.7541420457465762
0.0100080023343412	4.7404490381196247
0.0100134687303096	4.7269076074139198
0.0100189285596084	4.7134776004687060
0.0100243807636743	4.7001606871728665
0.0100298250261934	4.6869572384190672
0.0100352559862285	4.6738798029746240
0.0100406715141765	4.6609337753757165
0.0100460796642893	4.6480986689154316
0.0100514801404279	4.6353747991724967
0.0100568299883771	4.6228626079002568
0.0100622006184790	4.6103943520043806
0.0100675639747299	4.5980352525362891
0.0100729078121212	4.5858130464408884
0.0100782418202165	4.5737056673174550
0.0100835688865333	4.5617055800435127
0.0100888887838709	4.5498129344840184
0.0100941566314491	4.5381273120740682
0.0100994482084452	4.5264798379224214
0.0101047329528590	4.5149379905258717
0.0101100081479746	4.5035073296514412
0.0101152668811345	4.4922031918826661
0.0101205190926848	4.4810029740583364
0.0101257646009970	4.4699067254593263
0.0101310036127227	4.4589136706497703
0.0101362017343533	4.4480953526584672
0.0101414162192019	4.4373321227787192
0.0101466244008247	4.4266707036876332
0.0101518262356197	4.4161108620465042
0.0101569594101549	4.4057782435964725
0.0101621352334794	4.3953596406016473
0.0101673048747887	4.3851294489286463
0.0101724514485092	4.3751200140203323
0.0101775955887706	4.3651156483934184
0.0101827338996127	4.3552099723777884
0.0101878662780794	4.3454028855362195
0.0101929573296423	4.3357614208798223
0.0101980650138202	4.3261753219563834
0.0102031670508270	4.3166863929228203
0.0102082634289554	4.3072943684642704
0.0102133116050588	4.2980770045774577
0.0102183857029435	4.2888982553551811
0.0102234543560635	4.2798151789593559
0.0102285175999785	4.2708274364733150
0.0102335755259760	4.2619345938258215
0.0102385704055193	4.2532373932904441
0.0102436072809232	4.2444669068998095
0.0102486389407167	4.2358754101882434
0.0102536577709446	4.2274750624393480
0.0102586667721809	4.2190917839596045
0.0102636708441684	4.2108011792274986
0.0102686699297010	4.2026030927807287
0.0102736494955610	4.1945209854654602
0.0102786266471707	4.1865271782298770
0.0102835990862249	4.1786247104494798
0.0102885667738903	4.1708134052681922
0.0102935100050721	4.1631238436714026
0.0102984564594834	4.1555129203224350
0.0103033984138356	4.1479920694058654
0.0103083358477678	4.1405610947456939
0.0103132598121680	4.1332331635818358
0.0103181785748905	4.1259962159613464
0.0103230930572019	4.1188481223127686
0.0103280032343548	4.1117887027751374
0.0103329092027422	4.1048176045010658
0.0103378034691310	4.0979452013114512
0.0103426909616674	4.0911648639985652
0.0103475744329941	4.0844719625524162
0.0103524538681410	4.0778663153188885
0.0103573234321585	4.0713555714314786
0.0103621836766271	4.0649393245599708
0.0103670401106320	4.0586094390416347
0.0103718927265674	4.0523657335264884
0.0103767398247219	4.0462101905739045
0.0103815738988016	4.0401527847355645
0.0103864043699432	4.0341000442592447
0.0103912312383498	4.0282132717022661
0.0103960545834637	4.0224918382943624
0.0104008239966878	4.0168347713756223
0.0104056296051512	4.0112148704589634
0.0104104318308445	4.0056791777312295
0.0104152307375360	4.0002274517816705
0.0104200241888595	3.9948619364174927
0.0104248082625773	3.9895874826236772
0.0104295891895277	3.9843166292230507
0.0104343669822240	3.9792086819939558
0.0104391417112351	3.9742631039472887
0.0104439127127567	3.9693213680023116
0.0104486713964802	3.9644724494727792
0.0104534271825871	3.9596266039474126
0.0104581800898314	3.9549421486629952
0.0104629301847092	3.9504185947651118
0.0104676383460351	3.9459352781271408
0.0104723727366691	3.9415058545258628
0.0104771044644614	3.9371577744469723
0.0104818335750823	3.9328908640284359
0.0104865385271823	3.9287242501004687
0.0104912525140465	3.9246284865382886
0.0104959640476605	3.9206133675439530
0.0105006731601421	3.9166787440230832
0.0105053773352720	3.9128265774292812
0.0105100726468486	3.9090605454203966
0.0105147657044224	3.9052964146809970
0.0105194565379007	3.9016903354509842
0.0105241452052203	3.8982419371661265
0.0105288317541919	3.8947950798410567
0.0105335074415676	3.8914340508575282
0.0105381823576030	3.8881519069415527
0.0105428553066000	3.8849489235051382
0.0105475263226491	3.8818249798936337
0.0105521954606689	3.8787799442829556
0.0105568256578332	3.8758375866076578
0.0105614816976785	3.8729562771927966
0.0105661360047635	3.8701535135785545
0.0105707886248420	3.8674291828613443
0.0105754289649937	3.8647893162069398
0.0105800690504148	3.8622273379390699
0.0105847076005011	3.8597434647604434
0.0105893446542580	3.8573376000907538
0.0105939802629052	3.8550096438989394
0.0105985813436345	3.8527758633716451
0.0106032050931847	3.8506081462736348
0.0106078275413761	3.8485180622764696
0.0106124487332049	3.8465055271264297
0.0106170687168541	3.8445704582605100
0.0106216755727317	3.8427176893405419
0.0106262865415796	3.8409405293348544
0.0106308964454740	3.8392406074870093
0.0106355053270941	3.8376178559007745
0.0106401132348308	3.8360722076483165
0.0106447202147737	3.8346035997510937
0.0106492946258484	3.8332218096609765
0.0106538914093797	3.8318333094416532
0.0106584874059897	3.8305983406879411
0.0106630826614479	3.8295167787802096
0.0106676772227811	3.8284353751954665
0.0106722235074291	3.8274415114317271
0.0106768082498989	3.8264389560483121
0.0106813924369354	3.8255895943185885
0.0106859761154499	3.8248933399375318
0.0106905501448700	3.8241986248010447
0.0106951245399117	3.8235043062289678
0.0106996985654716	3.8229629939454379
0.0107042722672777	3.8225746326687569
0.0107088456915435	3.8221098504301341
0.0107134160575471	3.8217981991210381
0.0107179824645125	3.8215638146904549
0.0107225487316178	3.8214058698905138
0.0107271149044559	3.8213243572615392
0.0107316810287519	3.8213192723969036
0.0107316810287519	3.8213192723969036
0.0107362471500243	3.8213906139464178
0.0107408133142090	3.8215383836243850
0.0107453519213003	3.8217614601718757
0.0107499109352413	3.8220620368723748
0.0107544701286110	3.8224390651440876
0.0107590295469616	3.8228925589200924
0.0107635892358978	3.8234225351954478
0.0107681177806518	3.8240250935931983
0.0107726702508565	3.8247072988718318
0.0107772231272448	3.8254660557566447
0.0107817764552081	3.8263779202188446
0.0107863302807237	3.8272133442256755
0.0107908523616583	3.8281952062615834
0.0107953995809717	3.8292590480243827
0.0107999474320955	3.8304762262238339
0.0108044959606057	3.8316935921823090
0.0108090452114633	3.8329877792450011
0.0108135788608319	3.8343540433331942
0.0108181235947304	3.8358005953453254
0.0108226691865258	3.8373241292029765
0.0108272156799725	3.8389247041192260
0.0108317631215785	3.8406023833004506
0.0108363115567999	3.8423572326888711
0.0108408610311018	3.8441893213116849
0.0108453948323046	3.8460918313896557
0.0108499397844356	3.8480761918507298
0.0108544859100609	3.8501380162757339
0.0108590332514412	3.8522773845153986
0.0108635818560783	3.8544943818806243
0.0108681220652761	3.8567842838636057
0.0108726660924281	3.8591536288236812
0.0108772115173369	3.8616008738385412
0.0108817583799054	3.8641261126351467
0.0108863067289332	3.8667294468135642
0.0108908558198583	3.8694105204221834
0.0108954001984971	3.8720893108258223
0.0108999461977685	3.8749238996083184
0.0109044938565178	3.8779145649129738
0.0109090432245384	3.8809063695423833
0.0109135943463712	3.8839769306048737
0.0109181472685747	3.8871263704282870
0.0109226613267943	3.8903263058599964
0.0109272130325185	3.8935525584346302
0.0109317666641493	3.8969358692356972
0.0109363222741218	3.9004765803624259
0.0109408799077414	3.9040188822838782
0.0109454396095523	3.9076408541790850
0.0109499998881432	3.9113414056252016
0.0109545573339825	3.9151184119917044
0.0109591169851985	3.9188971508705870
0.0109636788718656	3.9228344408870819
0.0109682430504767	3.9269306837028228
0.0109728095658159	3.9310290443865759
0.0109773548580734	3.9351867546714501
0.0109819195827042	3.9394410154804516
0.0109864867754436	3.9437763440701685
0.0109910564725107	3.9481929035535841
0.0109956287275369	3.9526908768262188
0.0110002015502608	3.9572684220873944
0.0110047726245888	3.9619238663404781
0.0110093463953782	3.9665819396494739
0.0110139228844462	3.9714013739302909
0.0110185021538997	3.9763826667153030
0.0110230842484439	3.9813670576588929
0.0110276692126444	3.9864341723283898
0.0110322570940098	3.9915842139675632
0.0110368479378101	3.9968173866513825
0.0110414392738362	4.0021310084088126
0.0110460312360013	4.0075258979829904
0.0110506263038502	4.0129243006152819
0.0110552244905342	4.0184868023524363
0.0110598258640967	4.0242139843366305
0.0110644304692527	4.0299452172643164
0.0110690255707425	4.0357450793743652
0.0110736307239172	4.0416386144310916
0.0110782392504676	4.0476172699712745
0.0110828511624480	4.0536812396398361
0.0110874665276193	4.0598307925812858
0.0110920853920771	4.0660661733975569
0.0110966883023400	4.0723611346132920
0.0111013084121967	4.0787611867732210
0.0111059321581842	4.0852478191336292
0.0111105595574188	4.0918212487978822
0.0111151906778050	4.0984817675318759
0.0111198255655889	4.1052296403345148
0.0111244642670557	4.1120651356947473
0.0111291068285270	4.1189885255982217
0.0111337532963613	4.1260000855380579
0.0111383755294019	4.1330573093939833
0.0111430264891813	4.1402409444675339
0.0111476814778145	4.1475135710614053
0.0111523405361996	4.1548754693034260
0.0111570037273768	4.1623269578541926
0.0111616710979052	4.1698683332855548
0.0111663171951642	4.1774584676037447
0.0111709875673698	4.1851717777757145
0.0111756622449752	4.1929758632508589
0.0111803412539048	4.2008709994911948
0.0111850246655333	4.2088575417249254
0.0111897125266194	4.2169358078815602
0.0111943883682100	4.2250775108159049
0.0111990799551479	4.2333312906654026
0.0112037761401869	4.2416777852018566
0.0112084769100682	4.2501172195662340
0.0112131823536061	4.2586500038279880
0.0112178925177752	4.2672764777159848
0.0112226074495935	4.2759969846926316
0.0112273271961264	4.2848118719732309
0.0112320518044859	4.2937214905378918
0.0112367813218328	4.3027261951483533
0.0112415005654438	4.3117972092615195
0.0112462369258301	4.3209875299353966
0.0112509783563197	4.3302740623536780
0.0112557248228642	4.3396570166272443
0.0112604764284229	4.3491368747630679
0.0112652332204233	4.3587140142775294
0.0112699952463375	4.3683888165553286
0.0112747326985515	4.3781007382268173
0.0112795005080565	4.3879622865930266
0.0112842736482549	4.3979225702966618
0.0112890521737551	4.4079819990757994
0.0112938361604267	4.4181410321083945
0.0112986256560103	4.4284000739945890
0.0113034207082999	4.4387595333215444
0.0113081291375381	4.4490197180476887
0.0113129312035636	4.4595721847135010
0.0113177388900272	4.4702261401938923
0.0113225522990076	4.4809821264812433
0.0113273714945426	4.4918406073112962
0.0113321965247137	4.5028020151701558
0.0113370274376619	4.5138667866534918
0.0113418642815867	4.5250353624801551
0.0113467071047451	4.5363081875067461
0.0113515559554532	4.5476857107476443
0.0113564108820853	4.5591683853891132
0.0113612719330758	4.5707566688119803
0.0113661391569185	4.5824510226052269
0.0113710126021681	4.5942519125880832
0.0113758923174399	4.6061598088252573
0.0113808017409694	4.6182324830398409
0.0113856897668759	4.6303450240920716
0.0113905841153718	4.6425657780102814
0.0113954848827007	4.6548953470376437
0.0114003921521489	4.6673343078916343
0.0114053059726578	4.6798831560605727
0.0114102263932349	4.6925423914161346
0.0114151534629530	4.7053125182319002
0.0114200872309505	4.7181940452021891
0.0114250277464309	4.7311874854586691
0.0114299686946276	4.7442765585548425
0.0114349222881159	4.7574955346892569
0.0114398828779595	4.7708282655743650
0.0114448502360887	4.7842745359274428
0.0114498245878070	4.7978353521241326
0.0114548059827343	4.8115112544169811
0.0114597944705247	4.8253027875488907
0.0114647901009156	4.8392105009065132
0.0114697929237129	4.8532349485022390
0.0114748029887919	4.8673766889952716
0.0114798410477983	4.8816949202212037
0.0114848625676258	4.8960637968924141
0.0114898914029003	4.9105514549346925
0.0114949275766516	4.9251583895986304
0.0114999712331410	4.9398854528089018
0.0115050224226424	4.9547332312095094
0.0115100811954934	4.9697023162229392
0.0115151476021112	4.9847933041180674
0.0115202216929905	5.0000067960260246
0.0115253035186967	5.0153433979430968
0.0115303931298736	5.0308037207762091
0.0115354905772384	5.0463883803493168
0.0115405959115838	5.0620979974340168
0.0115457091837796	5.0779331977758693
0.0115508304447727	5.0938946121186648
0.0115559597455858	5.1099828762239285
0.0115610971373206	5.1261986309029748
0.0115662426711549	5.1425425220329171
0.0115713963983477	5.1590152005952206
0.0115765583702353	5.1756173226892805
0.0115817286382331	5.1923495495605065
0.0115869072538369	5.2092125476302273
0.0115920942686222	5.2262069885164033
0.0115972897342478	5.2433335490726689
0.0116024937024498	5.2605929113907441
0.0116077062250476	5.2779857628481741
0.0116129273539426	5.2955127961266166
0.0116181571411191	5.3131747092419364
0.0116233956386428	5.3309722055657547
0.0116286428986645	5.3489059938610879
0.0116338989734174	5.3669767883020647
0.0116391881593386	5.3852689083586487
0.0116444664637259	5.4036310880142659
0.0116497535916162	5.4221319415471809
0.0116550495717026	5.4407721131712341
0.0116603546427273	5.4595529942204344
0.0116656688574822	5.4784753325317945
0.0116709922688045	5.4975398814082705
0.0116763249296537	5.5167473999211438
0.0116816668930747	5.5360986528066203
0.0116870182122030	5.5555944105121506
0.0116923789402610	5.5752354492123386
0.0116977491305587	5.5950225508398947
0.0117031288364967	5.6149565031235884
0.0117085181115657	5.6350380996170983
0.0117139170093445	5.6552681397206310
0.0117193255835030	5.6756474287188841
0.0117247240386460	5.6961017794994602
0.0117301573834657	5.7168019891030619
0.0117356002559217	5.7376527261140398
0.0117410528118760	5.7586551952488660
0.0117465153312359	5.7798110947729970
0.0117519878682434	5.8011212665527445
0.0117574866231255	5.8226496014710944
0.0117629831508302	5.8442854423957433
0.0117684900159834	5.8660787513045998
0.0117740065633378	5.8880275784100791
0.0117795334132093	5.9101350291768169
0.0117850706206860	5.9324019841035449
0.0117906182405421	5.9548293283547924
0.0117961763278272	5.9774179541504102
0.0118017449376839	6.0001687600697906
0.0118073499689536	6.0231885136108323
0.0118129442722938	6.0462847075555466
0.0118185487093477	6.0695435421779971
0.0118241636286106	6.0929671338552023
0.0118298009700393	6.1166061079998082
0.0118354441865673	6.1403916823995370
0.0118410988357722	6.1643481347126539
0.0118467635335085	6.1884703110033534
0.0118524392915954	6.2127632088826363
0.0118581261668576	6.2372277967558203
0.0118638350071813	6.2619115897172604
0.0118695489185970	6.2867421632859593
0.0118752747226716	6.3117500306452650
0.0118810107510943	6.3369286462380492
0.0118867581943747	6.3622839499987185
0.0118925171102000	6.3878169531800912
0.0118982909717783	6.4135438545469388
0.0119040779780784	6.4394570150888262
0.0119098775886687	6.4655552816306017
0.0119156873705447	6.4918284814379978
0.0119215089268185	6.5182845966122844
0.0119273710049885	6.5450553795875708
0.0119332246806829	6.5719187499122453
0.0119390890359956	6.5989624194293164
0.0119449651227420	6.6261919952240298
0.0119508717805490	6.6536957890942441
0.0119567786130634	6.6813332844795257
0.0119626975975168	6.7091611212184983
0.0119686277143672	6.7371753073633158
0.0119745701761061	6.7653823672797060
0.0119805390471399	6.7938500604154948
0.0119865126489351	6.8224758830477263
0.0119924993597728	6.8513008309288441
0.0119984969724572	6.8803151169335663
0.0120045072439681	6.9095280477413921
0.0120105522415714	6.9390480040778506
0.0120165960987447	6.9687010689260864
0.0120226519874712	6.9985523773827971
0.0120287287565198	7.0286464876664771
0.0120348180435175	7.0589427106806442
0.0120409218386212	7.0894521497608940
0.0120470361968672	7.1201559857152095
0.0120531744165081	7.1511219463873266
0.0120593224766399	7.1822801625831705
0.0120654852023245	7.2136561972753253
0.0120716586133160	7.2452307038279242
0.0120778502775599	7.2770432909544134
0.0120840579999608	7.3090833648325635
0.0120902815304064	7.3413510645706097
0.0120965151722288	7.3738178090282869
0.0121027666103232	7.4065245129448360
0.0121090356060594	7.4394706280924900
0.0121153209878707	7.4726515004011471
0.0121216192127647	7.5060494419954047
0.0121279383113826	7.5397076014483293
0.0121342742697897	7.5736062101145336
0.0121406203730853	7.6077103477253640
0.0121469895178929	7.6420898292695396
0.0121533757604040	7.6767143005772445
0.0121597713276994	7.7115426279021504
0.0121661900497751	7.7466510843252845
0.0121726235672453	7.7819949199930374
0.0121790742655815	7.8175886156743282
0.0121855347367246	7.8533923292367902
0.0121920329608233	7.8895622917199999
0.0121985352638356	7.9259126789716854
0.0122050486879567	7.9624835247289028
0.0122115886440338	7.9993624273045612
0.0122181420993203	8.0364770631112989
0.0122247118923898	8.0738447646306462
0.0122313151158979	8.1115640697240821
0.0122379256847037	8.1494874623127558
0.0122445471850877	8.1876363082759891
0.0122512077211320	8.2261737606912018
0.0122578737073229	8.2649072832380561
0.0122645476688978	8.3038521567436163
0.0122712574602805	8.3431720385772010
0.0122779774579414	8.3827184587244137
0.0122847082596662	8.4224958476713656
0.0122914712432900	8.4626317054865492
0.0122982469046991	8.5030118681470004
0.0123050341139422	8.5436306439110989
0.0123118557670135	8.5846262756967633
0.0123186901706796	8.6258701215519746
0.0123255420125836	8.6673915237011379
0.0123324139956416	8.7092078365522863
0.0123393065921617	8.7513235675759908
0.0123462205720017	8.7937445067948516
0.0123531584304021	8.8363109760935092
0.0123601027607232	8.8792695712000302
0.0123670740787940	8.9227505084099406
0.0123740708421200	8.9663902076135003
0.0123810802168577	9.0102875921701724
0.0123881141009820	9.0545181938315764
0.0123951669615493	9.0990489719083332
0.0124022471823428	9.1439342375313899
0.0124093494267846	9.1891419299142338
0.0124164617754161	9.2345973987795134
0.0124236020379515	9.2804154527868832
0.0124307668053621	9.3265761680944763
0.0124379503205687	9.3730437161270448
0.0124451602539357	9.4198694150511315
0.0124523878806479	9.4669979931417423
0.0124596472821227	9.5145229911900433
0.0124669110024420	9.5622661267511617
0.0124742094513030	9.6104283053155921
0.0124815233154055	9.6588840978657693
0.0124888605715122	9.7076874640503164
0.0124962292729470	9.7568939588482220
0.0125036139960935	9.8064023041092536
0.0125110346670608	9.8563477145921841
0.0125184573493307	9.9065033133291021
0.0125259260374667	9.9571676614972109
0.0125334009738294	10.0080731118540154
0.0125409220249144	10.0592914434215981
0.0125484386910850	10.1108805698122186
0.0125560089940946	10.1632430622513521
0.0125635687796664	10.2155334704891203
0.0125711832454980	10.2684059468078051
0.0125787981331234	10.3214861685392627
0.0125864589193565	10.3750922870665594
0.0125941268668501	10.4289555147947279
0.0126018356094038	10.4833133974909245
0.0126095565678189	10.5379666112666612
0.0126173167587373	10.5931078300843229
0.0126250934297087	10.6485775748195799
0.0126329185878604	10.7046059804183606
0.0126407499692049	10.7608928644622122
0.0126486326686735	10.8177637737327998
0.0126565147192620	10.8748462317961838
0.0126644477820289	10.9325155041933701
0.0126723831460742	10.9904198796849002
0.0126803643998473	11.0488786728862269
0.0126883582886288	11.1076506226319864
0.0126963836296494	11.1668755166555247
0.0127044440456687	11.2265822456423976
0.0127125081185643	11.2865398438633004
0.0127206392000971	11.3472211012647453
0.0127287682524270	11.4081138668916537
0.0127369457379896	11.4695972707881815
0.0127451588227905	11.5315773779786124
0.0127533586596158	11.5936871083252893
0.0127616187173094	11.6564841645677006
0.0127698926938392	11.7196189295825164
0.0127782152153119	11.7833580813332492
0.0127865676479822	11.8475612917219379
0.0127949204424965	11.9120031862970066
0.0128033329491867	11.9771433724662568
0.0128117554144397	12.0425988420594585
0.0128202305570269	12.1087039876503670
0.0128287398584212	12.1753174115996643
0.0128372631939567	12.2422828470508058
0.0128458251211146	12.3097954627312607
0.0128544358424429	12.3779386892647629
0.0128630546282229	12.4463918642899731
0.0128717083082725	12.5153700547925002
0.0128804157064772	12.5850262303247824
0.0128891303507373	12.6549904517957224
0.0128978805040747	12.7254916505213416
0.0129066933097415	12.7967517137659765
0.0129155139711508	12.8683297453331491
0.0129243889802276	12.9403471333197597
0.0129333105668115	13.0132599552607857
0.0129422639515293	13.0869544326778335
0.0129512355025231	13.1607978506764915
0.0129602549269702	13.2350340328417246
0.0129693210045710	13.3101834150875664
0.0129783970033360	13.3859482113222672
0.0129875531935070	13.4621119698047096
0.0129967184255408	13.5388888545997723
0.0130059353668292	13.6166420051325616
0.0130151803730544	13.6946322383043189
0.0130244056756336	13.7727276551235374
0.0130337498347881	13.8518265573014983
0.0130431177525843	13.9316802590253062
0.0130525183538580	14.0123711221234206
0.0130619800841114	14.0935864701010303
0.0130714185676696	14.1748824886061850
0.0130809396608648	14.2568871896857789
0.0130905222286833	14.3399914731838258
0.0131001266711686	14.4235725636767107
0.0131097878041201	14.5082256386933519
0.0131194921272334	14.5932575710382171
0.0131292262564917	14.6788418467784307
0.0131389835879496	14.7649218321096214
0.0131487249123383	14.8511520874235821
0.0131585943887621	14.9385132199693764
0.0131685068523387	15.0271518942784805
0.0131784996362820	15.1162057000547723
0.0131885234638374	15.2061411980500267
0.0131985817151162	15.2966900757724638
0.0132086801410480	15.3879063104066969
0.0132188261505223	15.4798595301754620
0.0132290232471168	15.5725847064654790
0.0132392730689887	15.6661002208975297
0.0132495735561361	15.7603908723138115
0.0132599225707700	15.8554405588685139
0.0132703220999811	15.9512708517740780
0.0132807751011323	16.0479124941062530
0.0132912837355469	16.1453892002408494
0.0133018517123248	16.2437393093810023
0.0133124822570853	16.3429970820766854
0.0133231443743626	16.4428770496199093
0.0133338646659063	16.5436302911085775
0.0133446432796315	16.6452620970116740
0.0133554798653431	16.7477731069124260
0.0133663756106455	16.8511785201635647
0.0133773638982518	16.9557997017539428
0.0133883123385586	17.0607201473707839
0.0133993900201259	17.1665325646634095
0.0134105144920023	17.2734779154239213
0.0134217051306033	17.3814043116443173
0.0134329643359286	17.4903393394555557
0.0134443031433520	17.6003945357190368
0.0134557114275741	17.7114762996929507
0.0134671604568808	17.8233096717161779
0.0134786796125494	17.9361841051127016
0.0134903185540788	18.0505916716522030
0.0135019887864185	18.1656696484257445
0.0135137137467564	18.2816509199846671
0.0135255195279711	18.3987970717588709
0.0135374079543184	18.5171308849042404
0.0135493590301022	18.6364588299401674
0.0135613947974944	18.7570050107697419
0.0135734974737274	18.8785959033008552
0.0135856832213000	19.0013984967839491
0.0135979758147145	19.1256581672239925
0.0136103244800856	19.2508673494308233
0.0136227723143892	19.3774669939573521
0.0136352987510807	19.5052531550647963
0.0136479285261025	19.6344835451457556
0.0136606379997596	19.7649216712579943
0.0136734550582155	19.8968592098765988
0.0136863568505376	20.0300665128262665
0.0136994145783189	20.1652851251500884
0.0137125233142406	20.3014368475645348
0.0137257637740803	20.4393624313958959
0.0137391066077297	20.5787643805574874
0.0137525535723695	20.7196655479479901
0.0137661153885585	20.8621838717978996
0.0137798173407756	21.0065921881310196
0.0137936371406745	21.1526625676924276
0.0138075844526606	21.3005032367773133
0.0138216884036752	21.4504298383518339
0.0138359727125744	21.6027041863880562
0.0138503858278260	21.7567852836952120
0.0138649550467975	21.9129706558632336
0.0138796910065819	22.0713819117227708
0.0138946050603558	22.2321491125781314
0.0139097101568977	22.3954203110033028
0.0139250243574751	22.5613997451249340
0.0139405658278937	22.7302940182178617
0.0139563500971205	22.9022823002261937
0.0139723995758285	23.0776198560779378
0.0139886901077728	23.2560525331724399
0.0140052893292873	23.4383314864641576
0.0140222398953246	23.6249383909152506
0.0140395430079550	23.8158991925239647
0.0140572816932109	24.0121443638859411
0.0140754694098568	24.2138379181220529
0.0140942380810593	24.4224602913299869
0.0141136164763381	24.6383503753894395
0.0141337485882190	24.8631318636069558
0.0141548127995684	25.0988198963875320
0.0141770644341862	25.3482993938443144
0.0142009412277348	25.6165135455213999
0.0142270154155699	25.9099314920647501
0.0142568246609509	26.2459111948357524
0.0142954407104889	26.6817167177471752
0.0143804057012019	27.6413281107088622
0.0144087187048066	27.9602536945011444
0.0144325878946233	28.2280141407862253
0.0144540016080062	28.4687467503301370
0.0144735188632836	28.6870814705875894
0.0144917497161961	28.8904573395230244
0.0145089166467154	29.0813906832779345
0.0145252353889308	29.2623108687763782
0.0145408124512603	29.4344234008182859
0.0145557170517432	29.5979287168532146
0.0145702010932870	29.7573952618718742
0.0145840312837654	29.9085045138477099
0.0145974724766471	30.0541703634740891
0.0146106771847231	30.1978628962804372
0.0146233793006853	30.3349040272999630
0.0146358471080989	30.4688127963794422
0.0146480165217511	30.5989080192942247
0.0146599254645174	30.7256083123548258
0.0146716003254973	30.8492052167095743
0.0146830643820446	30.9699544420514776
0.0146943391576392	31.0880906286102210
0.0147054296564057	31.2036731234920559
0.0147163545796368	31.3169044943396671
0.0147271252948319	31.4279090451017105
0.0147377459398849	31.5367357148964551
0.0147481885578635	31.6424756196427772
0.0147585962228291	31.7484902714080164
0.0147687541979858	31.8507071273561913
0.0147788757213882	31.9519192559389076
0.0147888663334364	32.0511825914324859
0.0147987792845763	32.1490312844061776
0.0148086013480135	32.2453364934640874
0.0148183197657515	32.3399794908669236
0.0148279731119259	32.4333393033578830
0.0148375115044929	32.5242889229820094
0.0148470865900668	32.6162378173861001
0.0148564524757049	32.7048858712575594
0.0148658249850626	32.7929430005659981
0.0148751477379148	32.8798726685394840
0.0148844054408032	32.9655360961580612
0.0148936241272153	33.0501751503676715
0.0149027891855923	33.1336583315991646
0.0149119188636012	33.2161519748074596
0.0149209966938907	33.2975099536724599
0.0149300440287108	33.3779247825877832
0.0149390534931529	33.4573325953548135
0.0149480090067275	33.5355952343478236
0.0149569648763542	33.6131870513527389
0.0149658863565344	33.6898059027574206
0.0149747971717975	33.7656543897153156
0.0149836778085039	33.8405665156692379
0.0149925271142151	33.9145356398324083
0.0150013803993138	33.9878552539844847
0.0150102106751102	34.0603004448111690
0.0150190160486346	34.1318581093179816
0.0150278321956149	34.2028161286431072
0.0150366318617470	34.2729531678016741
0.0150454150641882	34.3422711304153481
0.0150542146650326	34.4110265831100079
0.0150630077200555	34.4790374831447721
0.0150717956677437	34.5463151439702685
0.0150805503483405	34.6126464909880269
0.0150893500214004	34.6786222201797614
0.0150981474771718	34.7438826586821037
0.0151069491001624	34.8084752013240575
0.0151157310520597	34.8722257758039547
0.0151245594155959	34.9356110606728265
0.0151333925576856	34.9983264887148593
0.0151422364321760	35.0604137558355546
0.0151510709061925	35.1217316440221836
0.0151599562871091	35.1826949248010834
0.0151688560050370	35.2430464184288468
0.0151777683051903	35.3027726270660196
0.0151867002878066	35.3619198342897363
0.0151956342437153	35.4203698788347054
0.0152046187381653	35.4784361643004189
0.0152136303375785	35.5359614591756028
0.0152226661678957	35.5929240289239672
0.0152317229133410	35.6493005186499730
0.0152408065614818	35.7051263973568922
0.0152499087780910	35.7603483961394559
0.0152590719015055	35.8152177450956444
0.0152682663866487	35.8695506525736576
0.0152774946572302	35.9233582635156949
0.0152867584854679	35.9766474265736278
0.0152960543567595	36.0293944911557560
0.0153053907712869	36.0816448170686428
0.0153147534112043	36.1333153457745411
0.0153241611645224	36.1845075724851029
0.0153336385979689	36.2353474488471790
0.0153431605669967	36.2856927942904619
0.0153527291484741	36.3355503281654393
0.0153623463211898	36.3849259050653302
0.0153720138818298	36.4338241042160860
0.0153817293553666	36.4822277802871611
0.0153914975374561	36.5301567532781846
0.0154013244728689	36.5776357419145413
0.0154111921765421	36.6245737798394941
0.0154211215013506	36.6710663574637366
0.0154311136723752	36.7171133498623448
0.0154411690409063	36.7627106336824596
0.0154512879152633	36.8078540481459555
0.0154614730130364	36.8525501581240107
0.0154717251617223	36.8967968792740564
0.0154820739209957	36.9407130406939359
0.0154924846172807	36.9841431319262242
0.0155029832751770	37.0271909888659323
0.0155135578789245	37.0697986965206496
0.0155242108192898	37.1119696514269606
0.0155349444416852	37.1537067180175811
0.0155457620743650	37.1950162397102346
0.0155566663254122	37.2359012707225574
0.0155676597807593	37.2763644570955108
0.0155787451300188	37.3164084901113071
0.0155899224842686	37.3560264886397633
0.0156011718102025	37.3951428355282758
0.0156125179782981	37.4338390826845284
0.0156239668347137	37.4721276582017140
0.0156355189757219	37.5100027507828457
0.0156471778657706	37.5474679607939876
0.0156589471084570	37.5845268887907054
0.0156708314506203	37.6211862094482186
0.0156828332937216	37.6574448421677914
0.0156949540026444	37.6932985137780605
0.0157071974507730	37.7287503997016742
0.0157195810028249	37.7638405036332259
0.0157320949153311	37.7985312604203116
0.0157447440161851	37.8328269941614366
0.0157575336162877	37.8667327103073674
0.0157704369508640	37.9001703201696714
0.0157834865776222	37.9332172348679109
0.0157966930474111	37.9658901555572470
0.0158100652360272	37.9982004245897969
0.0158235796564668	38.0300806979813970
0.0158372801301800	38.0616243631872138
0.0158511510886465	38.0927834036730530
0.0158651692209512	38.1234971183092313
0.0158793766071880	38.1538488948338284
0.0158937747823431	38.1838304769515986
0.0159083770341422	38.2134562884148608
0.0159231485673589	38.2426461117216832
0.0159381325864619	38.2714757348826353
0.0159533434106776	38.2999600714766189
0.0159687755960565	38.3280741565045489
0.0159844091578651	38.3557719907444294
0.0160003055860997	38.3831511909982410
0.0160163392636429	38.4099847009108686
0.0160327660545755	38.4366894606173233
0.0160494110149825	38.4629602433941216
0.0160663003986514	38.4888269731415349
0.0160835226873004	38.5144131735960684
0.0161009786943502	38.5395565600585712
0.0161188052963758	38.5644422478322966
0.0161367657023254	38.5887274536054292
0.0161552172227903	38.6128860882340916
0.0161738535847755	38.6364968969840632
0.0161929960310002	38.6599558058035200
0.0162123793492308	38.6829174523302086
0.0162322306943654	38.7056393834796708
0.0162524841596017	38.7280247066064263
0.0162731578335503	38.7500765766891746
0.0162942824656993	38.7718103111769139
0.0163159033796012	38.7932536402480252
0.0163379692752222	38.8143357155767603
0.0163605304927047	38.8350892844250950
0.0163836524966935	38.8555552765325487
0.0164073465230929	38.8757224193192030
0.0164316445972977	38.8955971581627935
0.0164565801548040	38.9151853944687431
0.0164821412504342	38.9344563424285113
0.0165084410799802	38.9534743625156992
0.0165354694223660	38.9722089690367071
0.0165632999084663	38.9906879870856002
0.0165919841351866	39.0089206237112478
0.0166215855454347	39.0269215804975218
0.0166521844342934	39.0447122686274639
0.0166838406161108	39.0622983638865691
0.0167166529493252	39.0797051861479048
0.0167506711094079	39.0969290967355221
0.0167860523944126	39.1140180076757531
0.0168228529957088	39.1309657330450875
0.0168612891446019	39.1478376253379992
0.0169015018785295	39.1646565752702145
0.0169436870941113	39.1814646449903989
0.0169880143966764	39.1982880270145628
0.0170348266004251	39.2152123722513366
0.0170844445647294	39.2323049697341588
0.0171372760717766	39.2496532095564277
0.0171938497505243	39.2673740355834440
0.0172548965478051	39.2856318868391483
0.0173212601734492	39.3046094094165497
0.0173943456765287	39.3246284319457047
0.0174762045343517	39.3461546890691523
0.0175698709208263	39.3698738201730265
0.0176815786366729	39.3972212580923369
0.0178272239872280	39.4318816753728711
0.0181205650629780	39.4995794158611702
0.0182340167498162	39.5264004410621368
0.0184522721304037	39.5786571842231396
0.0186197754326782	39.6197809109653960
0.0187681714431241	39.6571928672571588
0.0189058311640525	39.6928519909655648
0.0190365810535174	39.7276707952135553
0.0192135716907116	39.7759764634801130
0.0192507246803701	39.7845244709887425
0.0192931392645787	39.7934689662624237
0.0193376621100172	39.8020035626556137
0.0193845242917675	39.8101289375407887
0.0194339937653756	39.8178451663315016
0.0194863837160928	39.8251515703149011
0.0195420721016757	39.8320480588813624
0.0196015095577258	39.8385335892170502
0.0196652508737938	39.8446075572924343
0.0197339456335230	39.8502656560012767
0.0198084329637794	39.8555061420499683
0.0198894734071179	39.8603041691457491
0.0199780355484844	39.8646511212739014
0.0200764742838964	39.8685840668709233
0.0201914836456744	39.8722352687965937
0.0203126599434502	39.8751425644137285
0.0205203731550434	39.8787436460804940
0.0207118989387568	39.8808221444581079
0.0210036854455688	39.8827642635059689
0.0215096090694980	39.8842049890034289
0.0218187464317249	39.8845132006329308
0.0218187464317249	39.8848776906160438
0.0227831137478008	39.8840808382217631
0.0231955140075179	39.8845743218096018
0.0236936473467978	39.8851875351015934
0.0236936473467978	39.8855318032131905
0.0263386427868863	39.8847070190487045
0.0263386427868863	39.8853689818289752
0.0267891242974803	39.8850071741614940
0.0281817693871818	39.8853461629785855
0.0285039016358292	39.8850508244091984
0.0285039016358292	39.8852935035449576
0.0288877362673648	39.8847862007838287
0.0288877362673648	39.8848698323943580
0.0295341252309220	39.8851933113414461
0.0308274348909801	39.8848908700152833
0.0308274348909801	39.8846818856995498
0.0321051896599424	39.8853559131640907
0.0321051896599424	39.8857148812436435
0.0327176397449352	39.8850055202356728
0.0328518721864343	39.8845932366497209
0.0328518721864343	39.8845555668803939
0.0332127978613720	39.8852010750627244
0.0332127978613720	39.8844410500753952
0.0334458988257429	39.8851364425383821
0.0343114311940396	39.8851364061675611
0.0387458330609708	39.8852035198387966
0.0391272819417158	39.8851790327440341
0.0401068787033779	39.8851788492400772
0.0408555604535032	39.8851910410518258
0.0417156052131801	39.8851909799708437
0.0425386402216593	39.8852028646141790
0.0435088913624120	39.8852028240000607
0.0491011152629607	39.8852577111151874
0.0494271843921532	39.8852488916376799
0.0592752927124149	39.8853052844704550
0.0598205721743919	39.8853052716532090
0.0604561459170324	39.8853135078686591
0.0618134399730457	39.8853161284786353
0.0624692811140546	39.8851974601464079
0.0627939836355804	39.8854022441755021
0.0627939836355804	39.8853778262165974
0.0633718604114053	39.8853072593427029
0.0636803669573597	39.8855067188618619
0.0646469387820582	39.8853374883501530
0.0657010637927348	39.8853375150373992
0.0664382683566672	39.8853475519319005
0.0720743691738004	39.8853768976552345
0.0729131966276876	39.8853769127017799
0.0737503198672812	39.8853855357464511
0.0756075108059893	39.8853856817982333
0.0761589616821549	39.8853975492814072
0.0779299457290977	39.8854064758973692
0.0870687231565220	39.8857968357055412
0.0875116602582512	39.8856628209701398
0.0882563856992699	39.8852555456674693
0.0882563856992699	39.8854967976812205
0.0906829848629533	39.8856954597077831
0.0906829848629533	39.8854692312332517
0.0952477068552022	39.8860417771286961
0.0952477068552022	39.8860417771286961
0.0957319040931922	39.8858472994821724
0.0957319040931922	39.8854901018298733
0.1037774791219232	39.8862248677458950
0.1037774791219232	39.8862248677458950
0.1042293070901520	39.8855248021443032
0.1042293070901570	39.8858622582833746
0.1047661492325239	39.8855271913606799
0.1060184087223087	39.8855271990229596
0.1148066870048585	39.8856761755896656
0.1148066870048585	39.8856362834749518
0.1150888838747094	39.8855689600184036
0.1175906191332988	39.8855680853622516
0.1181318315221730	39.8855809505914820
0.1193953057472296	39.8855808518836312
0.1225564140702124	39.8856556891746692
0.1225564140702124	39.8848180993934065
0.1227686901751604	39.8854964632688720
0.1239323575502180	39.8858283002275584
0.1239323575502180	39.8858805715459255
0.1248546577941988	39.8853821182823793
0.1248546577941988	39.8850231495440610
0.1255855079005645	39.8857841284961978
0.1256730555994796	39.8865215247465414
0.1257737019901319	39.8855917600438090
0.1265060854762535	39.8856223846036571
0.1272433424689625	39.8857056435626660
0.1285161782707316	39.8853998508276533
0.1285161782707316	39.8855466341241112
0.1290997615268213	39.8859174397449650
0.1297720834316409	39.8854319368436876
0.1297720834316409	39.8861827590042637
0.1299954903038749	39.8857742011223451
0.1310112669194845	39.8853984733681060
0.1310112669194845	39.8859419404627786
0.1312967759882875	39.8856886211244372
0.1312967759882875	39.8848291903014456
0.1318477060805636	39.8858198093566259
0.1318477060805636	39.8854427906779989
0.1325110138450499	39.8855670425012647
0.1325110138450499	39.8853880474283713
0.1330472042748397	39.8859240091774510
0.1330472042748397	39.8862967078472082
0.1331635994888072	39.8856358755294167
0.1340629995385593	39.8858129174551195
0.1340629995385593	39.8856053319337107
0.1348446982292834	39.8858719375357680
0.1348446982292834	39.8856407764490228
0.1354944636929085	39.8857113560611793
0.1354944636929085	39.8859175472540741
0.1356821399324989	39.8858063908931371
0.1362204933196378	39.8859080447497618
0.1369693610033863	39.8854097679289552
0.1369693610033863	39.8855273085524473
0.1376593415454284	39.8859340891003171
0.1376593415454284	39.8862930621161809
0.1392354034867916	39.8857141413062664
0.1412242876600043	39.8854816368083789
0.1412242876600043	39.8859203779178060
0.1415804822410657	39.8853480262502060
0.1422009476230170	39.8858888841727648
0.1422009476230170	39.8857685215566775
0.1429062967882432	39.8853865689241402
0.1429062967882432	39.8850276000292681
0.1445153858571459	39.8858939919744202
0.1453844704171288	39.8854170099461811
0.1453844704171288	39.8856033900861107
0.1459058741829424	39.8859460486387505
0.1459058741829424	39.8855073035748688
0.1461913292888982	39.8857398308663136
0.1461913292888982	39.8854056386534381
0.1462555831260917	39.8856829090539691
0.1463027408966673	39.8857615324651178
0.1493254098687096	39.8856938305292203
0.1602437285923406	39.8856496668969740
0.1602437285923406	39.8857604184063206
0.1607360530689250	39.8858473892384708
0.1609844945907504	39.8857818170801153
0.1618860382718399	39.8861094263340803
0.1624512211142180	39.8858157442792631
0.1645577376128479	39.8860757488229609
0.1652127673829192	39.8855369475140691
0.1652127673829192	39.8855833729119880
0.1659722996895866	39.8859737577680491
0.1659722996895866	39.8863327311245328
0.1679098718146477	39.8853275856490725
0.1679098718146477	39.8849686179082283
0.1691168092424800	39.8861463125046640
0.1691168092424800	39.8865052882014623
0.1702763200031283	39.8854721623957857
0.1702763200031283	39.8851131933817271
0.1718055298429827	39.8861303193697907
0.1718055298429827	39.8856915729534123
0.1720657435166848	39.8858815149845043
0.1720657435166848	39.8869520594388831
0.1721650881974378	39.8856989521738399
0.1725482935537381	39.8858533188474524
0.1725482935537381	39.8857834454303486
0.1751933358488688	39.8861392261889307
0.1751933358488688	39.8857819541511489
0.1822648277556680	39.8858075551448863
0.1826230785000246	39.8857597758647202
0.1826230785000246	39.8860278632373166
0.1836080574342648	39.8859305986662775
0.1836080574342648	39.8858302476026054
0.1849420547542617	39.8861359944332108
0.1849420547542617	39.8858108011536672
0.1876986829170941	39.8858330364705722
0.1876986829170991	39.8860661552630589
0.1885559574983023	39.8858223944650305
0.1892284672112627	39.8858143248869865
0.1906281909636132	39.8858300844868694
0.1932560118137092	39.8858331607327017
0.1948454213078022	39.8858251626320524
0.2004914571084187	39.8858452453962755
0.2043088353789799	39.8859055845642061
0.2043981015840330	39.8858005096974253
0.2054103001099827	39.8857249604565141
0.2063388219764461	39.8856010825393952
0.2068370156881831	39.8859056263667071
0.2086286551022894	39.8857609113896245
0.2099648996131936	39.8858131792533612
0.2104475174177127	39.8858823764187989
0.2111742155039891	39.8858784172495717
0.2137745628490847	39.8859008870157794
0.2179027858686736	39.8860415178631840
0.2189689247839312	39.8856797538808223
0.2189689247839312	39.8858569179829630
0.2195591351956196	39.8857552026096513
0.2204692737276990	39.8860817427418723
0.2213372704496587	39.8856724617247806
0.2213372704496587	39.8857123482423646
0.2220735011145952	39.8861378063608214
0.2220735011145952	39.8856990592704079
0.2224321304188864	39.8859188103906774
0.2224321304188864	39.8859432148258009
0.2242979385516088	39.8858249348891150
0.2242979385516138	39.8860748916468850
0.2243853698837970	39.8860927663023901
0.2246351896955868	39.8859809923313549
0.2263208605099046	39.8861640335454908
0.2263208605099046	39.8859220843646938
0.2283568824131582	39.8859760797654843
0.2283568824131632	39.8860575288402472
0.2303800898862236	39.8858447209240197
0.2303800898862286	39.8859980125552056
0.2311265678310487	39.8861446734108469
0.2320041472848252	39.8856973906510959
0.2320041472848252	39.8861887030472104
0.2323448807820903	39.8863392775285277
0.2328927317836753	39.8857912318091650
0.2328927317836753	39.8856265694825538
0.2329649679005852	39.8856503409594154
0.2329649679005902	39.8856759602818514
0.2336647006274544	39.8865231171405554
0.2342144780765789	39.8858062203415287
0.2342144780765789	39.8854472480047235
0.2346320352735979	39.8855743501597360
0.2346998077757745	39.8858827238202167
0.2351982090019981	39.8862684225427273
0.2351982090019981	39.8862970242496999
0.2357680607078713	39.8857378667605005
0.2357680607078713	39.8857092662045645
0.2366775875360506	39.8862714628750155
0.2372749599258190	39.8857508947391324
0.2372749599258190	39.8856503429826574
0.2384298180335201	39.8862023587046366
0.2384298180335201	39.8862946076412754
0.2390728293931605	39.8857483687581578
0.2390728293931605	39.8856561210097027
0.2401505799224050	39.8864435076000063
0.2407039116640026	39.8857751251315378
0.2407039116640026	39.8855227604759150
0.2425095641050762	39.8863024820399161
0.2425095641050762	39.8866614587442569
0.2427798829968331	39.8864603149393986
0.2430715183772897	39.8860967765174479
0.2430915277516280	39.8860879784806386
0.2442039275395258	39.8855985911445501
0.2444809298651560	39.8866730987531923
0.2446097142259656	39.8859959748944135
0.2457463469479892	39.8857817054238737
0.2465406560689891	39.8861756957949183
0.2465406560689891	39.8861561860282237
0.2473806489299535	39.8859129528351772
0.2485796457097456	39.8861088164129356
0.2487336552675098	39.8860455219258796
0.2503313332313536	39.8856355039476540
0.2509821141935726	39.8862143998899015
0.2509821141935726	39.8863686151419614
0.2520961196036390	39.8858082846925015
0.2528347034152915	39.8861387745462679
0.2538715949372151	39.8858924746168313
0.2551777904173354	39.8862179791917058
0.2551777904173354	39.8860995274787626
0.2558493019549977	39.8856723726985578
0.2565191260842972	39.8862239418691189
0.2565191260842972	39.8861768158967323
0.2587280962955069	39.8860316282085563
0.2598966478864769	39.8859648696108664
0.2607803566531905	39.8860524927966580
0.2625349853346581	39.8859008395041030
0.2638223123581435	39.8862392053241521
0.2638223123581435	39.8861808995603653
0.2645824030482090	39.8857709634399953
0.2645824030482090	39.8857948081976446
0.2656919528735382	39.8856981737387670
0.2662770359590198	39.8862311327971497
0.2662770359590198	39.8855385402333269
0.2665301143089067	39.8858218225237238
0.2665301143089067	39.8860700711352223
0.2673314006028307	39.8860119610408859
0.2719017172425267	39.8860331832636135
0.2736623918746350	39.8860521258326912
0.2742120657687688	39.8860387602075903
0.2750833775731139	39.8860480667059036
0.2758611599706940	39.8860427566436897
0.2762722882496261	39.8860472312914354
0.2848856302398015	39.8860684652409674
0.3010818677529599	39.8861055500180228
0.3137662236689300	39.8872635997239229
0.3141468354454882	39.8861317152719437
0.3231410501717457	39.8861541583987105
0.3371260851949349	39.8861843395114803
0.3501603784590768	39.8861441950862954
0.3501603784590768	39.8871824154913170
0.3505720464065120	39.8862114388942075
0.3540956947512939	39.8862195400751034
0.3654229763561897	39.8862428133707780
0.3788563931348073	39.8866180685069978
0.3788563931348073	39.8874158088457662
0.3791112135445847	39.8862636542490634
0.3796211853244413	39.8862709936915678
0.3908008012912172	39.8862928003906418
0.4044675500832730	39.8874698429539549
0.4048441530965156	39.8863298588817230
0.4052310113746045	39.8863205860506369
0.4077990120358119	39.8863210316252648
0.4083555945350778	39.8863266116513770
0.4170016621446014	39.8863426423097209
0.4307894861908887	39.8867236832306489
0.4307894861908887	39.8867236832306489
0.4312410566687812	39.8863693167356885
0.4318840370514310	39.8863292672326892
0.4318840370514310	39.8865461897217557
0.4325504548820665	39.8863710166305054
0.4539308258250741	39.8866300960925884
0.4550393025384569	39.8864124059912157
0.4678493674386033	39.8874669752433348
0.4682472717433681	39.8864459918090262
0.4686329848333164	39.8864362772261813
0.4689220545401494	39.8864362225808478
0.4890205435870776	39.8864713665336410
