0.0000000000000000	0.0000000000000000
0.0000508595564074	0.0020000000000000
0.0000517736530013	0.0028786571990567
0.0000526869150834	0.0077556001387138
0.0000536014301742	0.0146396917217740
0.0000545163637627	0.0235283062254095
0.0000554317162323	0.0344223634448725
0.0000563474879667	0.0473227844395189
0.0000572584916437	0.0621517425932833
0.0000581760338312	0.0790828246959963
0.0000590939972926	0.0980230576047598
0.0000600123824148	0.1189733684145453
0.0000609326750274	0.1419701905102997
0.0000618535040413	0.1669799225239361
0.0000627747573537	0.1940025606150221
0.0000636964353557	0.2230390386668298
0.0000646185384393	0.2540902918558736
0.0000655489389686	0.2874308853006679
0.0000664743921431	0.3226000809194990
0.0000674002738897	0.3597869522619074
0.0000683265846056	0.3989924423254687
0.0000692565045508	0.4403555169991248
0.0000701870971481	0.4837366173658158
0.0000711181230925	0.5291393157033411
0.0000720495827878	0.5765645639074691
0.0000729814766383	0.6260133152065946
0.0000739252199233	0.6781044880933441
0.0000748624038685	0.7318315484421321
0.0000758000273233	0.7875852117683657
0.0000767380907004	0.8453664414288130
0.0000776765944127	0.9051762021084542
0.0000787005518188	0.9725239054570732
0.0000796454063615	1.0367126854305690
0.0000806083599081	1.1041598505862507
0.0000816026128260	1.1759748106273638
0.0000826139698132	1.2513253086468334
0.0000836808505378	1.3332964270768020
0.0000847827244333	1.4205830359464273
0.0000859207396062	1.5135315730569190
0.0000871559728795	1.6174775077019401
0.0000883815378062	1.7237268684230784
0.0000896475173326	1.8368762676861605
0.0000909552390099	1.9573758681287352
0.0000922740795722	2.0827120091741889
0.0000936814521193	2.2205013009214367
0.0000951356831328	2.3672535085700925
0.0000966837056262	2.5282045641134694
0.0000982542447713	2.6965021293504581
0.0000998777044725	2.8757840926181766
0.0001000251585249	2.8952078086309130
0.0001447197029079	2.7630290803707740
0.0001500115295498	2.7511691765224517
0.0001500115295498	2.7511691765224517
0.0001516677447246	3.1386398828500890
0.0001534973423570	3.5726891204916273
0.0001555906949572	4.0764796815039785
0.0001577414988412	4.6012348255041164
0.0001600797204742	5.1807564364429961
0.0001625895890526	5.8125600335984480
0.0001651944292840	6.4794704618934258
0.0001681118034123	7.2391740490745748
0.0001718691488222	8.2332152849264961
0.0001752356819594	9.1407924004204339
0.0001791589962966	10.2164765604709817
0.0001837195377236	11.4870563873851115
0.0001884088185169	12.8139537166795261
0.0001945615166347	14.5823569138951541
0.0002000841615180	16.1985728533668585
0.0002447787075658	15.4590380832050514
0.0002500353445518	15.3932264439002839
0.0002500353445518	15.3932264439002839
0.0002592337633082	19.2140109089539948
0.0002736989754393	25.2705721985890825
0.0002826738200786	28.9483627783947739
0.0002900431655068	31.9183112908236346
0.0002976084843216	34.9014675446717462
0.0003000726916623	35.8254110005696091
0.0003447672376834	34.1898263513126892
0.0003500620430907	34.0429695976706483
0.0003500620430907	34.0429695976706483
0.0003560980242857	37.1402595259373882
0.0003621152403243	40.0960281421293132
0.0003681836252543	42.9968502329172679
0.0003743162595269	45.8441414803650176
0.0003803102316764	48.5285832477199008
0.0003858677202261	50.9252485207140566
0.0003915178237457	53.2607807436812308
0.0003970834750519	55.4575719545130781
0.0004000917201888	56.5624234568822217
0.0004447862662758	53.9801046748351041
0.0004500960671525	53.7474325103133168
0.0004500960671525	53.8550349778014379
0.0004555961220365	56.5405724990368697
0.0004609959664331	59.0654026840365489
0.0004665482046214	61.5393214872282925
0.0004719342904144	63.8187621778320775
0.0004772796233604	65.9546945905226778
0.0004825900727195	67.9467419846307905
0.0004877218833006	69.7402652292310563
0.0004931438368926	71.4978911977480749
0.0004984649361353	73.0780843872001924
0.0005001880223745	73.4927376531550749
0.0005448825685092	70.1374769440119934
0.0005501470993911	69.8383365837352272
0.0005501470993911	69.9781530733923631
0.0005554006849138	72.0009398747415190
0.0005606781495208	73.8888975832308290
0.0005659428622220	75.6239667372798152
0.0005711589939276	77.1918236036425185
0.0005764116290135	78.6135040000495451
0.0005816961948848	79.8856182719206487
0.0005869418312284	80.9898490913900702
0.0005921903581477	81.9319748567585862
0.0005974446435142	82.7103671334485426
0.0006002940049975	83.0043903083797261
0.0006449885510876	79.2148816008201777
0.0006502440713274	78.8777394375146770
0.0006502440713274	79.0356528297819665
0.0006554776127078	80.2090365907097294
0.0006607323346326	81.2289564374772084
0.0006659879978100	82.0855811087888299
0.0006712472930150	82.7752204858315963
0.0006764911915716	83.2977989338945690
0.0006817538169355	83.6559249254438839
0.0006870528876713	83.8485806185793052
0.0006923496521887	83.8731123954297715
0.0006923496521887	83.8731123954297715
0.0006976472558126	83.7299149938314571
0.0007016528060417	83.3077134768954437
0.0007434257136808	79.9036857637122608
0.0007505403336351	79.4162337680144219
0.0007505403336351	79.5752252270094402
0.0007558332308524	79.8374386616561367
0.0007611748413595	79.9419674378710567
0.0007665343480444	79.8863744110828122
0.0007665343480444	79.8863744110828122
0.0007718920282806	79.6710006490189073
0.0007773764377056	79.1306657533920372
0.0008191595304694	75.8965968542565861
0.0008503493332203	73.6099934792921715
0.0008503493332203	73.7573608336050768
0.0008557408137019	73.9252516522214336
0.0008611842705540	73.9465556486454574
0.0008611842705540	73.9465556486454574
0.0008666285788463	73.8199813192767920
0.0008720984264058	73.5446998088436317
0.0008808924713218	72.7637819929009169
0.0009226719165065	69.7901778522859928
0.0009503796383986	67.9300804593794538
0.0009503796383986	68.0660766164552768
0.0009558882130330	68.2752434013794414
0.0009614379794039	68.3499528649083032
0.0009670063249714	68.2876807837837418
0.0009670063249714	68.2876807837837418
0.0009725721671108	68.0888309726901468
0.0009782777801261	67.6115377896270928
0.0010200634488521	64.8480941996894273
0.0010503129550425	62.9552141451831702
0.0010503129550425	63.0812506099382873
0.0010559212693478	63.3322162982324528
0.0010615864148741	63.4587628281282363
0.0010672464112316	63.4581052673470722
0.0010672464112316	63.4581052673470722
0.0010729213954371	63.3304435682630498
0.0010786326253304	63.0747726528488784
0.0010886677493179	62.3260284067346078
0.0011304543311673	59.7785411436713616
0.0011504123532488	58.6476269919795286
0.0011504123532488	58.7650396586301369
0.0011561416585008	59.0506316327245102
0.0011619298662729	59.2207739369732309
0.0011676970247640	59.3311140817112772
0.0011676970247640	59.2719035479190310
0.0011735124983140	59.2046372143399395
0.0011793416764686	59.0182506145941446
0.0011852954861131	58.5907381276517611
0.0012270896550940	56.1955091129652757
0.0012503552402948	54.9468790431182086
0.0012503552402948	55.0568828049662997
0.0012562106821989	55.3773652639181648
0.0012621227792340	55.5899853926890017
0.0012680414696030	55.6898892703277753
0.0012739831742350	55.6783577782483619
0.0012739831742350	55.6783577782483619
0.0012799243268064	55.5554655405670346
0.0012858944507409	55.3204687001144109
0.0012956292898862	54.6813603650633766
0.0013374270498368	52.4457392443440753
0.0013504091795978	51.8186794087168536
0.0013504091795978	51.9224205086342110
0.0013564177314281	52.2730216646629984
0.0013624597895850	52.5216878558220870
0.0013685088094511	52.6647932324373755
0.0013745212675121	52.7018517917164786
0.0013745212675121	52.7018517917164786
0.0013805817304539	52.6337835910868463
0.0013866752472913	52.4597210726017877
0.0013929012396203	52.0710616336305705
0.0014347061011954	49.9418139034533226
0.0014503744728945	49.2108024638740815
0.0014503744728945	49.3093225889268822
0.0014565148182442	49.6885811950835787
0.0014626651175667	49.9699066406754326
0.0014688442967100	50.1511373163236200
0.0014750231173763	50.2323291108046277
0.0014812262248036	50.2129505733242638
0.0014812262248036	50.2129505733242638
0.0014874281975769	50.0931406165755035
0.0014936617773115	49.8721580850762933
0.0015029959861849	49.3173299417524120
0.0015447571669348	47.3027338533566919
0.0015503918481808	47.0840299368186308
0.0015503918481808	47.1782922590144622
0.0015566265970412	47.5812282962128634
0.0015628896207045	47.8909320044805966
0.0015691836426878	48.1050846694822809
0.0015754838051070	48.2226371131039571
0.0015818188063071	48.2439438038643473
0.0015818188063071	48.2439438038643473
0.0015881302687456	48.1686124645385405
0.0015944764571956	47.9961886509786098
0.0016009440212714	47.6277720341146278
0.0016427118688012	45.6818895703624577
0.0016503743708497	45.3782288526380171
0.0016503743708497	45.4690761576483027
0.0016567561350020	45.8950445527941611
0.0016631201971609	46.2290286254227070
0.0016695188552990	46.4712532204579034
0.0016759259294517	46.6203019575764088
0.0016823382490411	46.6756430359090047
0.0016887751412080	46.6374233871841497
0.0016887751412080	46.6374233871841497
0.0016952094463580	46.5059257500307908
0.0017011268678479	46.2030961032074927
0.0017428969557159	44.3153210861325633
0.0017503405036879	44.0304281013057022
0.0017503405036879	44.1185771065135270
0.0017568135770095	44.6145330818587382
0.0017632850949338	45.0220299261839259
0.0017697040599397	45.3361324007724278
0.0017762050383047	45.5625981510578697
0.0017826546765644	45.6961871245678566
0.0017891450446106	45.7381545992781611
0.0017891450446106	45.7381545992781611
0.0017956263141548	45.6886944191477582
0.0018008141792449	45.4757313166784556
0.0018425878172812	43.6175204197445296
0.0018503026308742	43.3253049944423694
0.0018503026308742	43.4120423417785943
0.0018568135524929	44.0045427543893553
0.0018633066085318	44.5084555715564392
0.0018697165685981	44.9171587637018845
0.0018762408968592	45.2426245223648777
0.0018826914644075	45.4739414380769631
0.0018891068902035	45.6133308711466228
0.0018955983595689	45.6628350327013734
0.0019005373348288	45.6197546350885617
0.0019452318808681	43.5370159194738946
0.0019502738253250	43.3610197682627572
0.0019502738253250	43.4478286166476622
0.0019567591845437	44.1359765783875204
0.0019631534761127	44.7277999583486334
0.0019695846508061	45.2329912556263238
0.0019760703883928	45.6515765510270555
0.0019824537872988	45.9724216465126645
0.0019888333932023	46.2016041474433052
0.0019952228534449	46.3391352323511327
0.0020003405312402	46.3660710336420081
0.0020450350773218	44.2492597510789167
0.0020502564404409	44.0624444538434830
0.0020502564404409	44.1506575558531864
0.0020566673719508	44.9095296229051613
0.0020629812389831	45.5688439298440713
0.0020694071141552	46.1475514447903450
0.0020757216111466	46.6243091345308471
0.0020819332356898	47.0011623303739370
0.0020883124452878	47.2945834655735950
0.0020946027510068	47.4893540409236437
0.0021001785592951	47.5729277602623597
0.0021448731053305	45.4010182609712132
0.0021502501759302	45.2022703864108237
0.0021502501759302	45.2927654222194533
0.0021565179632286	46.0793717167740340
0.0021627458514787	46.7694215732865288
0.0021690085604983	47.3690211837137056
0.0021752478522839	47.8717453397284203
0.0021815490883231	48.2833886403316939
0.0021877552354839	48.5923859869887949
0.0021939651437948	48.8048683225116022
0.0022000392432112	48.9165683496359236
0.0022447337892205	46.6833158588523034
0.0022502542595087	46.4722595452841603
0.0022502542595087	46.5652971019313782
0.0022564394863114	47.3435231568435810
0.0022626480767595	48.0301411502618123
0.0022687694355310	48.6113815349356244
0.0022749409178415	49.0997705344070354
0.0022811021432796	49.4892158339392694
0.0022873202066550	49.7828913468535745
0.0022934320254794	49.9722664832544510
0.0022996457126849	50.0645020729027621
0.0023008781667633	50.0227180613362705
0.0023455727128079	47.7389650598316351
0.0023502677245719	47.5625466089196607
0.0023502677245719	47.6577669224510316
0.0023563959253613	48.3941268355581968
0.0023625062069705	49.0320022208374766
0.0023686496282077	49.5742124530287285
0.0023747814914685	50.0160773088289545
0.0023809094279548	50.3574668040855613
0.0023870419154798	50.5981709193413920
0.0023931880350788	50.7378240621543881
0.0023993508378862	50.7757826565896266
0.0023993508378862	50.7757826565896266
0.0024010298830656	50.6201838902666665
0.0024428065740702	48.5516143837437752
0.0024502861403100	48.2377419776945260
0.0024502861403100	48.3343140337059225
0.0024564278414957	49.0107327768633851
0.0024625234183008	49.5855643025248654
0.0024686519967451	50.0631992797944108
0.0024748148127956	50.4427407671511361
0.0024809336407889	50.7187682478503419
0.0024870638979923	50.8933742085785070
0.0024932110941308	50.9659374824786866
0.0024993502801863	50.9363028767513413
0.0024993502801863	50.9363028767513413
0.0025013300272534	50.7578061231366036
0.0025431058781744	48.6836536062985203
0.0025503070837280	48.3824523130785948
0.0025503070837280	48.4793140794711448
0.0025564167925250	49.0856479167655877
0.0025625645116569	49.5975961404879726
0.0025687035753939	50.0092041045711895
0.0025748135337627	50.3186236883673885
0.0025809796289960	50.5289992638130840
0.0025871395789711	50.6380874772844933
0.0025932819642917	50.6455338116806928
0.0025932819642917	50.6455338116806928
0.0025994522296491	50.5518497222510064
0.0026018461904664	50.3445105569924891
0.0026436208996363	48.2873019076878691
0.0026503272048904	48.0124027591021232
0.0026503272048904	48.1085236855467784
0.0026564710920758	48.6574272238748193
0.0026626562602568	49.1126964375153392
0.0026688360435161	49.4688728006213552
0.0026749983577038	49.7247352800570397
0.0026811990069020	49.8814073726031424
0.0026873989041698	49.9384510580731629
0.0026936217556855	49.8953929168976202
0.0026936217556855	49.8953929168976202
0.0026998419679060	49.7525413519280164
0.0027026487743314	49.5166812445323288
0.0027444222600866	47.4933579148742311
0.0027503410485668	47.2603062389856490
0.0027503410485668	47.3549214666913230
0.0027565735896395	47.8702543965332765
0.0027628137858584	48.2914075462745345
0.0027690214609482	48.6135313247743497
0.0027752843171343	48.8399998903695973
0.0027815394389845	48.9684959333236378
0.0027877633671533	48.9984850558310754
0.0027877633671533	48.9984850558310754
0.0027940286230919	48.9309916859372578
0.0028001649091633	48.6705283210714228
0.0028419372787451	46.6818320771331301
0.0028503365651666	46.3371982988211855
0.0028503365651666	46.4299654625825937
0.0028565953530497	46.9379996605698011
0.0028628961185021	47.3555720017331296
0.0028691597774752	47.6757697360649644
0.0028754846905006	47.9025258104612988
0.0028817926566088	48.0328565310023805
0.0028881106020553	48.0658393583621049
0.0028881106020553	48.0658393583621049
0.0028944308243679	48.0027195052207247
0.0029003684066086	47.7546575979252239
0.0029421410741595	45.8033705450800994
0.0029503264775006	45.4749992219948282
0.0029503264775006	45.5660402614782996
0.0029566394577845	46.0965381660309248
0.0029629912901225	46.5381466384536679
0.0029693328615203	46.8855972622286714
0.0029756733113475	47.1388343243957024
0.0029820234004632	47.2976883932617653
0.0029883911443148	47.3616862729491999
0.0029947206527566	47.3306271109855672
0.0029947206527566	47.3306271109855672
0.0030004259740356	47.1186763845401444
0.0030421999625723	45.1933163084232348
0.0030503102561050	44.8727062797894476
0.0030503102561050	44.9625415275968336
0.0030566981918960	45.5384935693789430
0.0030630327078878	46.0198903016739251
0.0030694031336248	46.4110944997351922
0.0030758125293279	46.7112937444741618
0.0030821360210328	46.9142866462578922
0.0030885361033589	47.0251003815199553
0.0030949318114864	47.0415745834450121
0.0030949318114864	47.0415745834450121
0.0031004140977192	46.8745036017221750
0.0031421898583524	44.9590413069484782
0.0031502927196473	44.6404267541770281
0.0031502927196473	44.7297969779091176
0.0031566872091577	45.3578596584733944
0.0031630662538137	45.8947966954008564
0.0031693680105408	46.3336512823208082
0.0031757205889575	46.6829718495942174
0.0031820705122441	46.9386764372599927
0.0031884679982304	47.1019399378580772
0.0031948399459329	47.1700662629744585
0.0032003268150431	47.1404759735414913
0.0032450213610983	44.9883097639265870
0.0032502796532244	44.7967127426070633
0.0032502796532244	44.8863958512008665
0.0032566517906697	45.5613954266273069
0.0032629504387042	46.1390452506384108
0.0032693460689891	46.6320819107885143
0.0032756564648733	47.0255410371533102
0.0032819590207599	47.3245596811131932
0.0032882130995997	47.5271038585181813
0.0032945784429565	47.6378964708574273
0.0033002265885299	47.6458732493585586
0.0033449211345696	45.4706334733214987
0.0033502718042676	45.2727814363740677
0.0033502718042676	45.3634176354458916
0.0033566017132623	46.0694766034263594
0.0033628568561027	46.6766748277230263
0.0033691476087483	47.1931706780437565
0.0033754861862176	47.6186886205756750
0.0033816811648184	47.9399292083590964
0.0033879491474736	48.1692545200841664
0.0033942692328506	48.3037289351354531
0.0034001355800544	48.3349348957877822
0.0034448301261459	46.1282364787935109
0.0034502697388866	45.9234198805105436
0.0034502697388866	46.0153586590501007
0.0034565065417272	46.7278600847942371
0.0034627696580912	47.3500344566522671
0.0034690093171982	47.8749965549623582
0.0034752327749775	48.3028007589271340
0.0034813912385126	48.6300190111205382
0.0034876675581847	48.8658530949713494
0.0034938653635537	49.0010925429062070
0.0035000332468684	49.0378328419360443
0.0035447277929348	46.7990441008597244
0.0035502738473401	46.5862671453505968
0.0035502738473401	46.6795329454413874
0.0035564700456671	47.3807959674922259
0.0035626948677241	47.9906372930721830
0.0035688465712681	48.4975124858401188
0.0035750455446654	48.9107094424771986
0.0035812901831890	49.2285994588050428
0.0035874824353012	49.4453177076898314
0.0035936692416854	49.5627929962551192
0.0035999018867286	49.5810347685149608
0.0035999018867286	49.5810347685149608
0.0036011112278161	49.4264248712693757
0.0036428878159708	47.4066426244332817
0.0036502840307318	47.1041157042486560
0.0036502840307318	47.1984182381910955
0.0036564950363143	47.8749641435451068
0.0036626518071934	48.4513809648936942
0.0036688909436722	48.9371948102245042
0.0036750196554182	49.3171555149455898
0.0036812422097308	49.6034313769733330
0.0036873980972351	49.7875756122606248
0.0036936115473642	49.8729101466183096
0.0036998259690288	49.8584719969878947
0.0036998259690288	49.8584719969878947
0.0037012594478786	49.6942911065063129
0.0037430357025715	47.6635785386828346
0.0037502954240306	47.3659048165454593
0.0037502954240306	47.4607314528148194
0.0037564969241921	48.1011248373306728
0.0037626933919899	48.6459305915265432
0.0037688763868033	49.0919282949757374
0.0037750139425475	49.4364783517274304
0.0037812316738221	49.6856509473436390
0.0037874253334844	49.8343831319467512
0.0037936344414779	49.8830703575652592
0.0037936344414779	49.8830703575652592
0.0037998389055025	49.8320425313668451
0.0038014881772143	49.6557453206170152
0.0038432639640934	47.6266301491409507
0.0038503070464615	47.3394844854591526
0.0038503070464615	47.4342582281727800
0.0038565171462937	48.0389483833059430
0.0038627257216092	48.5484876940816434
0.0038688844871597	48.9567787392408107
0.0038750850906606	49.2690164931534156
0.0038812913895992	49.4825633184247025
0.0038875143161512	49.5971068327353706
0.0038937382235040	49.6125576275720732
0.0038937382235040	49.6125576275720732
0.0038999631894634	49.5287942801101480
0.0039017602347383	49.3419793146269825
0.0039435355743164	47.3257069156257870
0.0039503154531902	47.0528071080870660
0.0039503154531902	47.1470069221172707
0.0039565116399820	47.7226788785352838
0.0039627087296069	48.2033005786926125
0.0039689388550359	48.5889595669182199
0.0039751984016531	48.8786269198444145
0.0039814301095194	49.0692478576286604
0.0039876778842135	49.1614973182889017
0.0039939066607048	49.1550814345576157
0.0039939066607048	49.1550814345576157
0.0040000632947345	48.9533608213737352
0.0040418379996461	46.9529983959786250
0.0040503161081602	46.6026691185487820
0.0040503161081602	46.6959677554227497
0.0040565441728420	47.2587096478050555
0.0040627728148585	47.7273010317151574
0.0040690349547821	48.1018721434860197
0.0040752960500097	48.3797883512112747
0.0040815827726350	48.5614603736011148
0.0040878631855265	48.6457374668863523
0.0040941276726839	48.6324148287342197
0.0040941276726839	48.6324148287342197
0.0041001612343775	48.4274447571268425
0.0041419357270708	46.4485824854676750
0.0041503149254608	46.1066019077684786
0.0041503149254608	46.1989074170933378
0.0041566143221556	46.7665487934071678
0.0041628715118561	47.2381559370223911
0.0041692038861213	47.6196263350386673
0.0041754869935233	47.9030216191628924
0.0041817772648954	48.0904987679415399
0.0041880847582041	48.1816702542968045
0.0041944001626911	48.1751103951944444
0.0041944001626911	48.1751103951944444
0.0042002605433701	47.9800827586352057
0.0042420353543005	46.0194861479775525
0.0042503084460005	45.6855380996582028
0.0042503084460005	45.7770006383962595
0.0042566341262993	46.3616411660804317
0.0042629111902722	46.8504109087292591
0.0042692682634624	47.2504125953631018
0.0042755275713715	47.5502168613742242
0.0042818706493817	47.7580367117822959
0.0042881918629720	47.8694594325199958
0.0042945278071777	47.8846565699430471
0.0042945278071777	47.8846565699430471
0.0043002848593680	47.7115672840982086
0.0043420604993176	45.7619050471223474
0.0043502995109158	45.4313826534805898
0.0043502995109158	45.5223363725065795
0.0043566382014033	46.1326849986228069
0.0043629212991858	46.6468215669617834
0.0043692893113043	47.0733345078314827
0.0043755925239647	47.4015371487637864
0.0043818565007762	47.6329895603166378
0.0043882049594907	47.7715448327778489
0.0043945470845931	47.8141449620501504
0.0043945470845931	47.8141449620501504
0.0044002462706247	47.6662570533848253
0.0044420229071992	45.7184008342648482
0.0044502907784865	45.3868758580122318
0.0044502907784865	45.4777404743445857
0.0044566269144726	46.1154920790086251
0.0044629018574467	46.6563207474975954
0.0044692654071957	47.1101982568339395
0.0044755576891788	47.4649805106607943
0.0044818011247551	47.7223228464332152
0.0044881427584308	47.8876650470921490
0.0044944536541923	47.9562427078890892
0.0045002202149904	47.9262225828969122
0.0045449147610161	45.7381836502972448
0.0045502845358144	45.5382935277866920
0.0045502845358144	45.6294612825970773
0.0045565612482414	46.2867700661147197
0.0045628186976068	46.8499485019684485
0.0045691107630516	47.3216427816078280
0.0045753910776902	47.6976628077793450
0.0045817179111885	47.9805610243904255
0.0045879937775398	48.1651315769131685
0.0045942894307192	48.2535833066155959
0.0046001618611858	48.2423309610443454
0.0046448564072634	46.0398603140314009
0.0046502813130715	45.8361132926077985
0.0046502813130715	45.9278772831835838
0.0046565344028678	46.5978950918772981
0.0046628165583602	47.1779352872741455
0.0046690246316753	47.6569615414462433
0.0046753352992703	48.0476453850198126
0.0046815798906449	48.3382239588672533
0.0046877916026572	48.5307614374883798
0.0046940873006882	48.6281804416764558
0.0047001010445579	48.6258754652516387
0.0047447955906017	46.4058943576993883
0.0047502821347000	46.1976668055416795
0.0047502821347000	46.2901546269741928
0.0047565534118965	46.9641628394378969
0.0047628114967110	47.5440110627333681
0.0047690500983032	48.0267345775151142
0.0047752767904516	48.4123463207507427
0.0047814528814706	48.6982651494561907
0.0047877279913275	48.8907497575687700
0.0047939621254057	48.9840862092040368
0.0048000635513137	48.9777029956274319
0.0048447580973823	46.7416594414249786
0.0048502849097047	46.5300428883348189
0.0048502849097047	46.6231961273505107
0.0048564941134573	47.2848577299777943
0.0048626893487871	47.8508849770076665
0.0048689676613003	48.3274139294365952
0.0048751804506523	48.7025567996653947
0.0048813919754605	48.9800253529208121
0.0048876123815674	49.1596365455564239
0.0048938466417953	49.2408402172139787
0.0049000288523435	49.2221200833092709
0.0049447233984383	46.9749178327305188
0.0049502902962162	46.7603620344691606
0.0049502902962162	46.8539763728765095
0.0049564887484231	47.4987858742943558
0.0049627199737951	48.0520757494109176
0.0049688896884321	48.5038545806550587
0.0049751040779358	48.8611558111549158
0.0049813562997111	49.1223240917508193
0.0049875539953785	49.2830430476329155
0.0049937960304501	49.3452813578248026
0.0050000110456134	49.3085309365764175
0.0050447055916914	47.0573836583063709
0.0050502964618845	46.8413230091896651
0.0050502964618845	46.9350994316304906
0.0050564943917663	47.5603016853879055
0.0050627265879150	48.0938968327495218
0.0050689015597756	48.5264138211134437
0.0050751201713118	48.8641318917764735
0.0050813417602047	49.1039317032151601
0.0050875905159040	49.2459632408939640
0.0050938351196815	49.2892902940729556
0.0050938351196815	49.2892902940729556
0.0051000267505877	49.1357638967459849
0.0051418033454291	47.1278590276504161
0.0051503011299602	46.7752996209237963
0.0051503011299602	46.8689438644091254
0.0051565074153615	47.4765035597988216
0.0051627085996203	47.9889683577621540
0.0051689432731068	48.4071585563824556
0.0051752115776697	48.7301691761086317
0.0051814122667271	48.9524704458983280
0.0051876700313073	49.0778510416568210
0.0051939256448964	49.1049850206510357
0.0051939256448964	49.1049850206510357
0.0052000620537949	48.9363849497637489
0.0052418380400484	46.9366561229251573
0.0052503053230368	46.5869558859797621
0.0052503053230368	46.6802230649306722
0.0052565657658195	47.2780735022383922
0.0052628226029677	47.7820851895687611
0.0052690669244584	48.1891860909603977
0.0052752693173985	48.4971450545319342
0.0052815205367578	48.7097526507474186
0.0052877940856557	48.8250946685586555
0.0052940663425299	48.8427303469694181
0.0052940663425299	48.8427303469694181
0.0053001172855789	48.6663698246547796
0.0053418929330871	46.6776906493404198
0.0053503056159361	46.3324633753980777
0.0053503056159361	46.4252210598333050
0.0053565444488543	47.0170824062134542
0.0053628189574864	47.5183462922739679
0.0053690805347189	47.9232024267417813
0.0053753374475319	48.2315915360327097
0.0053815992574583	48.4433764144241366
0.0053878676694920	48.5580036439753044
0.0053941573610773	48.5745717130374359
0.0053941573610773	48.5745717130374359
0.0054001534110781	48.3986078597087541
0.0054419290360334	46.4208714267862561
0.0054503037581424	46.0793022547388418
0.0054503037581424	46.1715531101036802
0.0054565584673764	46.7677210109218109
0.0054628480693958	47.2737397112262911
0.0054691236428178	47.6837627182454042
0.0054753934588846	47.9977532207893844
0.0054816357786696	48.2142741765318164
0.0054879429244856	48.3356501573243023
0.0054942468331927	48.3601728723977899
0.0054942468331927	48.3601728723977899
0.0055001816150337	48.1929131232077879
0.0055419575532363	46.2235676322611155
0.0055502999162549	45.8849430233837481
0.0055502999162549	45.9768047711783154
0.0055565651998280	46.5836935389830060
0.0055628206964709	47.0968588927135130
0.0055691105186561	47.5176698340158907
0.0055753938836932	47.8427481136998125
0.0055817149251794	48.0735122753800468
0.0055879884547738	48.2064005054263163
0.0055943006939446	48.2425901192316431
0.0055943006939446	48.2425901192316431
0.0056001924534306	48.0868625790337560
0.0056419688321337	46.1218304203531773
0.0056502952255390	45.7846862037298763
0.0056502952255390	45.8763472371707763
0.0056565639008992	46.4973523674603655
0.0056628201073194	47.0245391591908657
0.0056691107469353	47.4596242708023723
0.0056754401739282	47.8018851362993544
0.0056817163490477	48.0456873921961716
0.0056879790052165	48.1927127641129758
0.0056942919504071	48.2435770598818081
0.0057001798502327	48.1975431396350444
0.0057448743962708	45.9971172518028268
0.0057502922727315	45.7938827496421226
0.0057502922727315	45.8855621945863561
0.0057565991445812	46.5230596381768180
0.0057628949485508	47.0675176371469490
0.0057691223461431	47.5120546217967359
0.0057754471513545	47.8675570415411116
0.0057817141136993	48.1241100628924272
0.0057879610416986	48.2835506386490678
0.0057942704384565	48.3471692142681846
0.0058001677393249	48.3130382739669528
0.0058448622853439	46.1073395357211240
0.0058502892778960	45.9031976646810023
0.0058502892778960	45.9950959583039918
0.0058565862663477	46.6431146808869102
0.0058628246005816	47.1932936904883533
0.0058690979476757	47.6512506005848735
0.0058754121990988	48.0163151117572582
0.0058816227602806	48.2797399685512119
0.0058879261563474	48.4498596981642820
0.0058942130929983	48.5223738179249011
0.0059001452645187	48.4958326865720295
0.0059448398105300	46.2817885947402772
0.0059502875194218	46.0759154592171711
0.0059502875194218	46.1681595342106021
0.0059565292782698	46.8184349846150170
0.0059628020351863	47.3783908526113891
0.0059690565192931	47.8417004801649099
0.0059753004867946	48.2083680532369314
0.0059815429201345	48.4783616616484636
0.0059877942999637	48.6515205566122901
0.0059940590265277	48.7272929540021664
0.0060000985755095	48.7035551792287293
0.0060447931216323	46.4800276535707226
0.0060502882146319	46.2710700654868674
0.0060502882146319	46.3637048403927423
0.0060565173400404	47.0126587757332146
0.0060627779690572	47.5709518887937151
0.0060690210645583	48.0322689942420453
0.0060752543687095	48.3965982935097117
0.0060814868255516	48.6638883732148599
0.0060876999529679	48.8329446064629806
0.0060939727701851	48.9050581914435512
0.0061000719157085	48.8786773205831295
0.0061447664617894	46.6471547152865327
0.0061502910502833	46.4360697652238130
0.0061502910502833	46.5290348698588971
0.0061565520859667	47.1739423717975868
0.0061627592779695	47.7204243727720723
0.0061690491861817	48.1773901804434104
0.0061752297839361	48.5306309328943044
0.0061814641988412	48.7893541277287497
0.0061877087147974	48.9505419885767239
0.0061939718658612	49.0137316154733682
0.0062000676059590	48.9782799106823248
0.0062447621519738	46.7422100204084074
0.0062502936273091	46.5303729933485783
0.0062502936273091	46.6235268932351659
0.0062565097189538	47.2561791380339500
0.0062627159083918	47.7937044036923169
0.0062690018123151	48.2411647199866280
0.0062752280751756	48.5881070500278227
0.0062814199136198	48.8359549425946398
0.0062876653569793	48.9875454398696419
0.0062939261852930	49.0409389722917624
0.0063000674487586	48.9959208644882622
0.0063447619948134	46.7590455865825732
0.0063502974623510	46.5469455699994370
0.0063502974623510	46.6401326482176586
0.0063565551345636	47.2648401443062554
0.0063628062575869	47.7954705002213416
0.0063690426978593	48.2289575051303245
0.0063752724061787	48.5652531758696142
0.0063815045547721	48.8042488192260677
0.0063877313632822	48.9451228798439715
0.0063939957075303	48.9878196874999077
0.0063939957075303	48.9878196874999077
0.0064000821498684	48.8349946972595603
0.0064418587354761	46.8393810213597916
0.0064502986852312	46.4916832601478660
0.0064502986852312	46.5847597031111320
0.0064565218014218	47.1985090075529996
0.0064627374448496	47.7174995727097269
0.0064690308701261	48.1461749665322145
0.0064752276563645	48.4724763689259817
0.0064815066834004	48.7052091323237093
0.0064877461677516	48.8390571756984571
0.0064940169898252	48.8746828114508745
0.0064940169898252	48.8746828114508745
0.0065000943713347	48.7154752426996112
0.0065418706937752	46.7247579436520937
0.0065503007099048	46.3783742761727709
0.0065503007099048	46.4712238743232646
0.0065565725607259	47.0822096071900162
0.0065627961166699	47.5957207964808546
0.0065690541825400	48.0158852944690651
0.0065753481435288	48.3418210918406857
0.0065815977295756	48.5687849372020253
0.0065878618306863	48.6986418957456735
0.0065941421027356	48.7307015390775078
0.0065941421027356	48.7307015390775078
0.0066001379807993	48.5688517411734750
0.0066419141813227	46.5841317628460772
0.0066503001457601	46.2408386319037206
0.0066503001457601	46.3334128834190366
0.0066565411486570	46.9414595946480944
0.0066628164864164	47.4590313546202367
0.0066690330819265	47.8768634950319765
0.0066752943553580	48.2011933350324071
0.0066815914071542	48.4303833581901344
0.0066878477016320	48.5612169956296782
0.0066941365456993	48.5944154876247936
0.0066941365456993	48.5944154876247936
0.0067001381662026	48.4341960061915842
0.0067419144129949	46.4549764593579937
0.0067502987831484	46.1127090299330504
0.0067502987831484	46.2050267657287108
0.0067565475093425	46.8165267955367597
0.0067627870329458	47.3338811049162729
0.0067691063522688	47.7618365326245993
0.0067753241969233	48.0879058673844639
0.0067815940515172	48.3198977672955934
0.0067878943525202	48.4557849648703254
0.0067941898182339	48.4944806937077502
0.0067941898182339	48.4944806937077502
0.0068001516599955	48.3399680613529270
0.0068419281185345	46.3645892467083769
0.0068502971716193	46.0236965250825705
0.0068502971716193	46.1158360576653195
0.0068565915025876	46.7361820508993517
0.0068628331103120	47.2592795167813122
0.0068691095998291	47.6898234378425343
0.0068753790848967	48.0242600541132916
0.0068816504348972	48.2624638120808953
0.0068879551321420	48.4048287980391763
0.0068942540787132	48.4500327199379228
0.0068942540787132	48.4500327199379228
0.0069001620565812	48.3018814090714983
0.0069419387602320	46.3280476347978407
0.0069502947074683	45.9880295461485105
0.0069502947074683	46.0800976733680301
0.0069565899329635	46.7081666507153130
0.0069628758959745	47.2430050806024227
0.0069690969232983	47.6779272784799275
0.0069754116014811	48.0230410086649258
0.0069816336716409	48.2673745588248266
0.0069879383218225	48.4176222040153306
0.0069942364325746	48.4706182535249042
0.0070001538203601	48.4261645388936017
0.0070448483664510	46.2153010949042340
0.0070502928152890	46.0098743920446154
0.0070502928152890	46.1019862526893505
0.0070565433467883	46.7344631322782647
0.0070627810842059	47.2725904944384325
0.0070690530269665	47.7181541224518639
0.0070753637679139	48.0704473926068232
0.0070816204778364	48.3236201738759590
0.0070878616884972	48.4793830057099697
0.0070941549991201	48.5385534631063180
0.0071001345722562	48.4995835653345182
0.0071448291183008	46.2853682280731249
0.0071502920238057	46.0787757182400668
0.0071502920238057	46.1710255194777801
0.0071565784787196	46.8108377045083301
0.0071628548498536	47.3571318398276162
0.0071690648339735	47.8030437492762488
0.0071753698962619	48.1591800425950183
0.0071815783563996	48.4138962629836342
0.0071878453539082	48.5736426480140722
0.0071941316433474	48.6361792207108010
0.0072001249203493	48.6002599521707239
0.0072448194664102	46.3814483024929345
0.0072502916679158	46.1739957387794533
0.0072502916679158	46.2664361706889196
0.0072565712081096	46.9079552449960957
0.0072628408866112	47.4557838971906207
0.0072690934475427	47.9069387677238225
0.0072752892686046	48.2583525002049498
0.0072815400155984	48.5158812706210441
0.0072878279030970	48.6773434749461842
0.0072941064857279	48.7409512213938783
0.0073001156753129	48.7056689276606178
0.0073448102213640	46.4820449037356624
0.0073502922984849	46.2736833120079183
0.0073502922984849	46.3663233186385639
0.0073565653232344	47.0063445479491548
0.0073628290673657	47.5525369586592745
0.0073690280342429	47.9980701941825671
0.0073753202346878	48.3532875481002620
0.0073815193544388	48.6068876996481194
0.0073878013351821	48.7658608897324655
0.0073940761669014	48.8268618698177903
0.0074001064185361	48.7889303290114498
0.0074448009646495	46.5615050596773798
0.0074502930953388	46.3523191217226156
0.0074502930953388	46.4451165574017466
0.0074565206058427	47.0785772394990616
0.0074627808726469	47.6212853806717575
0.0074690250397960	48.0670630331193749
0.0074752161950908	48.4130313661370408
0.0074814978387815	48.6663585561708771
0.0074877463498506	48.8208998316963587
0.0074940178382220	48.8776985667385020
0.0075000822455269	48.8362410548527635
0.0075447767915310	46.6066558519963152
0.0075502954111687	46.3960323812845772
0.0075502954111687	46.4889173309968626
0.0075565620727658	47.1193737603658249
0.0075628209720707	47.6559258999510718
0.0075690179340764	48.0919212315420950
0.0075752605962514	48.4342469824190403
0.0075815050774882	48.6795103653654877
0.0075877607945203	48.8274356097000819
0.0075940321023950	48.8774811135999840
0.0076001032955452	48.8294881586517704
0.0076447978416756	46.6002112485179083
0.0076502971151271	46.3905185285336827
0.0076502971151271	46.4833924395017206
0.0076565652409934	47.1084622501700210
0.0076628261545708	47.6397024491205414
0.0076690718857285	48.0740778091631000
0.0076752670347978	48.4088718620312193
0.0076815500993621	48.6507102270244189
0.0076877837307217	48.7933713082294886
0.0076940576125263	48.8382683373867792
0.0076940576125263	48.8382683373867792
0.0077001019227586	48.6882038721386579
0.0077418785980498	46.6985845341915891
0.0077502969266992	46.3529396029328993
0.0077502969266992	46.4457382808166486
0.0077565279794246	47.0642886013646731
0.0077627501198330	47.5882115897961810
0.0077690514524572	48.0222607835440627
0.0077752522649895	48.3538589182238567
0.0077815387213306	48.5924120890330116
0.0077877792384187	48.7320521518993104
0.0077940567992940	48.7739159672221092
0.0077940567992940	48.7739159672221092
0.0078001055667618	48.6211858605265945
0.0078418821299860	46.6343104011902199
0.0078502974853634	46.2892795833965849
0.0078502974853634	46.3819508137937717
0.0078565332511875	46.9983765489833658
0.0078627600644461	47.5203067456764288
0.0078690661994658	47.9524843281015549
0.0078753139897747	48.2849496059006356
0.0078815641421327	48.5206691994273953
0.0078878090199326	48.6588399834040004
0.0078940914862407	48.6993941545739588
0.0078940914862407	48.6993941545739588
0.0079001202465896	48.5457301565809090
0.0079418967639967	46.5619402803660734
0.0079502979097288	46.2181052186318766
0.0079502979097288	46.3106339578083208
0.0079565790760374	46.9296069955172968
0.0079628529221164	47.4550949800072601
0.0079690655344568	47.8806006430585569
0.0079753239302099	48.2127798904404159
0.0079815847300144	48.4483562192238466
0.0079878769286593	48.5876283170330581
0.0079941639656335	48.6294202648758969
0.0079941639656335	48.6294202648758969
0.0080001375460609	48.4772837756528148
0.0080419141147797	46.4962885331840354
0.0080502965189601	46.1538079570499207
0.0080502965189601	46.2462079729799456
0.0080565407090552	46.8650439678643735
0.0080628182860184	47.3935291602525552
0.0080690342899472	47.8220965323860909
0.0080753396319627	48.1601296046892458
0.0080815601562848	48.3975929289947544
0.0080878349634701	48.5396118885328747
0.0080941248988476	48.5842998973281368
0.0080941248988476	48.5842998973281368
0.0081001266777209	48.4350747652135283
0.0081419033553173	46.4557993159065461
0.0081502952961797	46.1131748191883872
0.0081502952961797	46.2054934874950760
0.0081565413401561	46.8278885576352693
0.0081628204337390	47.3599943822678213
0.0081690369220327	47.7921384144976997
0.0081752990591955	48.1311785229853726
0.0081815998327822	48.3754735063608337
0.0081878468632136	48.5209768401085384
0.0081941379822106	48.5694196097520106
0.0081941379822106	48.5694196097520106
0.0082001349843592	48.4238324844433947
0.0082419118031727	46.4450098932529230
0.0082502940550719	46.1029140821748769
0.0082502940550719	46.1952122084655201
0.0082565398287407	46.8215457300666742
0.0082627741723579	47.3534943754159627
0.0082690901667301	47.7963543896686929
0.0082753441064233	48.1394722742211272
0.0082815609194903	48.3843216027282352
0.0082878337259450	48.5339576942780226
0.0082941238818870	48.5863565454794895
0.0083001257606288	48.5411684270838961
0.0083448203067194	46.3250545591527043
0.0083502938226281	46.1177933345836166
0.0083502938226281	46.2101212491673650
0.0083565377736562	46.8398603796202053
0.0083628142731586	47.3792788940331207
0.0083690268338632	47.8185209153761264
0.0083753312371413	48.1675869361744446
0.0083815447900162	48.4156175182780473
0.0083878390123207	48.5692115692122357
0.0083941267199117	48.6252617466554184
0.0084001077030707	48.5834638340904235
0.0084448022491756	46.3654189976043654
0.0084502931945356	46.1571689753625094
0.0084502931945356	46.2495757200579334
0.0084565339870952	46.8815001707817558
0.0084627629047942	47.4188666484576231
0.0084690737175223	47.8671059674079657
0.0084753218268077	48.2153656810497750
0.0084815704330871	48.4669854312729385
0.0084878302535890	48.6217596046032270
0.0084941146986460	48.6792475133441656
0.0085001124563361	48.6387401600523290
0.0085448070023815	46.4181717235200679
0.0085502937145327	46.2098812801786778
0.0085502937145327	46.3023935550138646
0.0085565721298983	46.9373722005418585
0.0085627967190295	47.4744820842654462
0.0085690560089644	47.9186707059189629
0.0085753539009609	48.2691689690899324
0.0085815991386897	48.5202314210359589
0.0085878557317279	48.6743490613475984
0.0085941370247451	48.7310752353143144
0.0086001074519222	48.6897086989741439
0.0086448019979714	46.4668133285055873
0.0086502935384736	46.2580802370913275
0.0086502935384736	46.3506890063347541
0.0086565277467384	46.9821313962613445
0.0086627507179973	47.5188742009526806
0.0086690549085499	47.9662227804648964
0.0086752524132982	48.3106203258192082
0.0086815029478753	48.5607749339805963
0.0086877641460882	48.7138347605738602
0.0086940423611395	48.7692970226783160
0.0087001067549872	48.7267527246668806
0.0087448013010680	46.5021661329057991
0.0087502948588461	46.2931804164047875
0.0087502948588461	46.3858594562774655
0.0087565682404420	47.0176035947324280
0.0087628333026055	47.5555919693694520
0.0087690353340524	47.9931324730961251
0.0087752834160444	48.3372544529509867
0.0087815329706378	48.5845029847635672
0.0087878162639077	48.7353353416239372
0.0087940934379225	48.7883229198027379
0.0088001087264228	48.7433180632836596
0.0088448032725475	46.5179751902088370
0.0088502957298627	46.3089696225203795
0.0088502957298627	46.4016802724153195
0.0088565685880002	47.0307113371540169
0.0088627894644383	47.5619037545558356
0.0088690449304873	47.9999441158669882
0.0088753380989192	48.3440266620925030
0.0088815445446889	48.5869904288657040
0.0088878277566147	48.7349197088555712
0.0088941050909394	48.7850232498875442
0.0089001147256310	48.7372573523409329
0.0089448092716934	46.5121911799523602
0.0089502965267647	46.3034535918621231
0.0089502965267647	46.3961531986526410
0.0089565702786404	47.0226373821839019
0.0089627924653838	47.5513570164943289
0.0089690959766476	47.9905384129796886
0.0089753390087311	48.3297202798299850
0.0089815837120896	48.5720654452181151
0.0089878194715767	48.7166765895738791
0.0089940983217269	48.7637947688115503
0.0089940983217269	48.7637947688115503
0.0090001134036491	48.6161714119008082
0.0090418901655087	46.6294916123630898
0.0090502956748524	46.2849546513025061
0.0090502956748524	46.3776172231769905
0.0090565303442846	46.9997726331158248
0.0090627552075036	47.5273425139137728
0.0090690140592166	47.9617341590372561
0.0090752662786001	48.2994747854554873
0.0090815205607085	48.5404198838556411
0.0090878061627433	48.6848992875251412
0.0090940863728051	48.7316957055889262
0.0090940863728051	48.7316957055889262
0.0091001029147566	48.5838912242188954
0.0091418796657415	46.5985310474055510
0.0091502964635895	46.2536978650487640
0.0091502964635895	46.3462978607745839
0.0091565742333436	46.9699611674362103
0.0091628443231107	47.5000249036502780
0.0091690525562885	47.9299228808972941
0.0091753509579548	48.2691664425330274
0.0091815638791522	48.5075674379397341
0.0091878524062187	48.6509815713108082
0.0091941353551330	48.6967577862736221
0.0091941353551330	48.6967577862736221
0.0092001170320942	48.5481320934125335
0.0092418937467119	46.5642348900754257
0.0092502958010602	46.2203406590086772
0.0092502958010602	46.3128738735412284
0.0092565349380531	46.9342639568319555
0.0092628074097198	47.4651756738605002
0.0092690642922595	47.8995395541942415
0.0092753135883533	48.2373283984204946
0.0092815645431233	48.4784573177211016
0.0092878280564881	48.6226960826872130
0.0092941127489660	48.6694912227762018
0.0092941127489660	48.6694912227762018
0.0093001090245710	48.5219384770591802
0.0093418857780477	46.5391098571837389
0.0093502960098173	46.1950213695278009
0.0093502960098173	46.2875038947921169
0.0093565775715278	46.9123021466039916
0.0093628510902012	47.4435808101829579
0.0093690620491224	47.8747451209364172
0.0093753191044484	48.2126783480391126
0.0093816149262460	48.4557063382707298
0.0093878575903852	48.5998090476363984
0.0093941439121256	48.6466699987464111
0.0093941439121256	48.6466699987464111
0.0094001290630603	48.4992735794221304
0.0094419058198994	46.5173709949323282
0.0094502949153609	46.1744244877552035
0.0094502949153609	46.2668657780209855
0.0094565364789611	46.8908536169172194
0.0094628111007346	47.4244372767474189
0.0094690697885032	47.8615244913616351
0.0094752760509762	48.1993296428250133
0.0094815723194593	48.4447678850869821
0.0094878146430685	48.5912587596922521
0.0094941012196905	48.6405610768524284
0.0095001207527167	48.5923106074212185
0.0095448152987522	46.3738618808732852
0.0095502951352870	46.1660891481338993
0.0095502951352870	46.2585137510330711
0.0095565368152912	46.8843200095856005
0.0095628114229017	47.4197322549349352
0.0095690699366883	47.8586409778955471
0.0095752755464085	48.1982302420822606
0.0095815717334952	48.4455175867509737
0.0095878353660667	48.5945107418555367
0.0095941216452375	48.6461822389792431
0.0096001200988211	48.6001824258130384
0.0096448146449134	46.3813743139928718
0.0096502946421927	46.1735604663316508
0.0096502946421927	46.2660000268248126
0.0096565354309391	46.8934356809099668
0.0096627650883951	47.4263672712876243
0.0096690760038296	47.8700424622411020
0.0096752804248057	48.2110363069128525
0.0096815756181282	48.4597350943012231
0.0096878379088774	48.6100917237844783
0.0096941230986837	48.6631091209901498
0.0097001191890512	48.6183608984614324
0.0097448137351721	46.3987228595697800
0.0097502943313129	46.1908034917780981
0.0097502943313129	46.2832775728427208
0.0097565337043486	46.9118115184763127
0.0097628058590036	47.4498981825778330
0.0097690617871253	47.8914039574229804
0.0097752643689117	48.2334758712521108
0.0097815201581205	48.4814524383250784
0.0097877867492742	48.6324943141389952
0.0097940703343999	48.6860952190690526
0.0098001170933820	48.6418980052244692
0.0098448116393868	46.4211854014036192
0.0098502948342228	46.2130447291937116
0.0098502948342228	46.3055633372601676
0.0098565737655334	46.9369544206140858
0.0098627995428593	47.4705684871247016
0.0098691077960108	47.9149707731055585
0.0098753537544274	48.2593551151025011
0.0098816006685018	48.5070323616807002
0.0098878354025804	48.6570257667796255
0.0098941179832539	48.7098601550483394
0.0099001213358767	48.6648516619615137
0.0099448158819393	46.4430911218200322
0.0099502944071108	46.2350691252954533
0.0099502944071108	46.3276318262469999
0.0099565308314367	46.9562088689844117
0.0099627563033877	47.4901702660700735
0.0099690627937378	47.9347405907479711
0.0099752633134472	48.2765170564606407
0.0099815167241222	48.5240790216442690
0.0099877810070261	48.6746163188724452
0.0099940618254420	48.7276136048625261
