0.0000000000000000	-60.0000000000000000
0.0049767111029946	-59.9999399999999525
0.2734912743041406	-63.2939079506195554
0.5308397591434850	-66.5085273921042841
0.6883498015157696	-68.2727994263705398
0.8532587265219804	-69.9839813270027378
0.9883220851160774	-71.1146292697293347
1.1515243241120454	-72.6532669542141747
1.2898218253931533	-73.6796485118752713
1.4417102537394799	-74.6624357791795177
1.6103964599164446	-75.5896549836713803
1.7826276280989251	-76.3725969173408572
1.9795664988555013	-77.0923578871967408
2.1919662289939748	-77.6915028021259815
2.4353342834079932	-78.1965951753528117
2.7322788887970604	-78.6165415212777816
3.0991425447710492	-78.9257042159918569
3.6033901480443977	-79.1179727483903292
4.4425790107637821	-79.1459685844566820
4.4425790107637821	-79.1459685844566820
5.1895848727478304	-79.1044559620826675
5.1895848727578304	-79.0439706114594856
6.1691720521613238	-78.8926100151228837
6.4021460250130486	-78.8423727676102573
7.4320643427543356	-78.6224345281072488
8.2081452231195691	-78.4579263607965629
9.0279871856790770	-78.2854990455132480
9.8970359690764926	-78.1042364459106722
10.8162310291206207	-77.9141947258363956
11.7864734363442452	-77.7154551124916679
12.8087188835409176	-77.5081049401399298
13.8839841046721837	-77.2922369887426868
15.0133508266718501	-77.0679493972414065
16.1979697903942714	-76.8353456244712021
17.4390649590816729	-76.5945344363613856
18.7379379291208501	-76.3456299192942112
20.0959725414371846	-76.0887515222763255
21.5146396805918414	-75.8240241319258814
29.0686964384930988	-74.4668991196939345
32.4851102105204532	-73.9149036794314327
33.7407723434626305	-73.6890149511832249
34.0160966974306973	-73.6432026477653210
36.2734041316951945	-73.2773263680004732
38.3782856876918501	-72.9428877291924067
40.5806277792469743	-72.6001712332305260
42.8737434826507169	-72.2509579930687664
48.1180371648802279	-71.4802147134719803
54.8171594664217068	-70.5886298731586947
56.1765061734403091	-70.3700463175190123
56.6459127619710543	-70.3064708539054237
60.0169204855049543	-69.8687576847689797
63.1574744528661114	-69.4724550191867536
66.4474359507942722	-69.0694380176661724
71.5491752813842794	-68.4695059472721539
79.7683460284291215	-67.5885937788053752
81.7169970746583516	-67.3493986621765686
82.8004263073812297	-67.2320450826823617
88.0582464264736302	-66.6972387906590995
92.6161536751834547	-66.2499342950347057
97.4691452459160956	-65.7906756402017976
106.2186052955110398	-65.0023674761658725
118.8170799753965241	-63.9466019109394495
119.5370053750829555	-63.8912186487972917
124.3194099175484126	-63.4853850670560433
136.4237600536894206	-62.4413578431975225
141.5926041738744061	-61.9715581998090315
142.8816793596933508	-61.8305993445589692
146.9863047558325491	-61.1577944111053000
148.9339857870791946	-60.8150753700080671
150.7943164067110331	-60.4030783355417995
152.2978941469019674	-59.9774092820065405
153.5669846890548911	-59.5299106658299095
154.5383798617450850	-59.0942137076966674
155.3492647239162636	-58.6379528447621681
156.0285418547743177	-58.1622933051703868
156.6434785619313175	-57.6353816936095456
157.1411585970382419	-57.1132458302953196
157.5667148064996752	-56.5727294637406573
157.9356584811278310	-56.0102506339134720
158.2574796053824571	-55.4258588465819031
158.5398801052081126	-54.8195458701745721
158.7936661149640258	-54.1808051190077435
159.0181166447275416	-53.5221235289677182
159.2150282322797068	-52.8517275430382227
159.3912398908710202	-52.1603899342579780
159.5493973678552777	-51.4491318849227071
159.6918762649795269	-50.7184015173427341
159.8206654016887001	-49.9687419560504225
159.9374477757011164	-49.2007411236416559
160.0437599902806767	-48.4143005634068189
160.1424610917677001	-47.5967897120410655
160.2309578094964877	-46.7780699160513223
160.3121392741927878	-45.9431083049707212
160.3867086829277184	-45.0933975268103779
160.4553567362129058	-44.2296509731698464
160.5186831402507721	-43.3526447858921600
160.5772135433025483	-42.4631756314329962
160.6314101229613698	-41.5620603981285370
160.6816805635422440	-40.6501342651469884
160.7283855771147216	-39.7282490590749191
160.7718316077975373	-38.7975512874597328
160.8130498411062206	-37.8415936769947976
160.8507989251009462	-36.8954967512357683
160.8860948296755282	-35.9424270019932095
160.9191151189149309	-34.9839292491354001
160.9500436849824041	-34.0208992277030120
160.9790452985497495	-33.0542642762295387
161.0062686344272151	-32.0849585285075491
161.0318480879806486	-31.1139225445672558
161.0559053783889851	-30.1421021561401901
161.0785509446099866	-29.1704473679069416
161.0998851648141112	-28.1999112816550799
161.1199994243242770	-27.2314490403398537
161.1389770531822023	-26.2660167891165486
161.1568941511967239	-25.3045706512298594
161.1738203156180873	-24.3480657172661594
161.1898192843210325	-23.3974550468189726
161.2049495054893384	-22.4536886819888295
161.2192490661240640	-21.5187067260098281
161.2329337163788239	-20.5822204743259114
161.2457567185971641	-19.6648983499911907
161.2579042077096290	-18.7579831237297050
161.2694117525190904	-17.8626041778885991
161.2803150040753337	-16.9796677401722746
161.2906468360936572	-16.1100750766272398
161.3004376379794849	-15.2547170119849156
161.3097155208504603	-14.4144731513620368
161.3185065040927100	-13.5902110290828393
161.3268346834449858	-12.7827852834784110
161.3347223826116306	-11.9930368579830322
161.3421902901351928	-11.2217922313153000
161.3492575830474038	-10.4698626799398440
161.3559420386296495	-9.7380435767235820
161.3622601354499295	-9.0271137304790319
161.3682271446969594	-8.3378347721788675
161.3738572127017790	-7.6709505949438173
161.3791634354178086	-7.0271868567923388
161.3841579255212082	-6.4072505574677550
161.3888518726880932	-5.8118297040411999
161.3932555975030141	-5.2415930844126528
161.3973785993459558	-4.6971901742402906
161.4012295984886975	-4.1792512117868821
161.4048165724937576	-3.6883874883067409
161.4081467868364541	-3.2251919209523385
161.4112268194358535	-2.7902400047592693
161.4140625784425254	-2.3840912863342631
161.4166593121123014	-2.0072915763119923
161.4190216087563101	-1.6603762419554342
161.4211533833190515	-1.3438751385977548
161.4230578445254878	-1.0583201377028089
161.4247374314681451	-0.8040620518228959
161.4263601747782957	-0.5563418375520018
161.4279733875455349	-0.3080944844441171
161.4295769598079744	-0.0593484759270820
161.4299452011572100	-0.0019445219588654
161.4315459892327453	0.2488264013319416
161.4331282464625303	0.4986821580303498
161.4347011446527631	0.7490422840435608
161.4362647223045713	0.9999011694143151
161.4378190530117649	1.2515090981201848
161.4395463126583934	1.5334619675949750
161.4414443554343563	1.8461848172135518
161.4435103871540491	2.1900782757415929
161.4457411896872827	2.5655517016369860
161.4481331651093967	2.9730282131523724
161.4506823733477177	3.4129485509687005
161.4533845651249351	3.8857740792842521
161.4562352117030173	4.3919891859439595
161.4592295323937208	4.9321032563829359
161.4623625204604878	5.5066523414405655
161.4656289678164853	6.1162006036145273
161.4690234887765143	6.7613416023544470
161.4725401638665403	7.4426267379081530
161.4761897552888570	8.1639400664460720
161.4799353507901003	8.9198706423335459
161.4837862728111304	9.7141153062291750
161.4877364350650453	10.5474023502445871
161.4917798452994475	11.4205243448053686
161.4959104793095435	12.3343100992374719
161.5001223006477744	13.2896258982268360
161.5044092781582776	14.2873764569793948
161.5087654027430801	15.3285058943940360
161.5131847033147778	16.4139987256183346
161.5176612619081311	17.5448808777782261
161.5221892279268729	18.7222207321872354
161.5267628315062041	19.9471301959014831
161.5313763959765652	21.2207658052837758
161.5360243494187102	22.5443298638821723
161.5407012353056473	23.9190716169037287
161.5454017222313041	25.3462884642604109
161.5501206127308649	26.8273272141424250
161.5548528512024120	28.3635853790444870
161.5595935309432605	29.9565125159474057
161.5597212198471766	-54.3568577301362339
161.5598798465947823	-54.3570698497978881
161.8693886730600013	-54.9296095977384908
162.1261454464727763	-55.4014479294201436
162.4272127253985616	-56.0460886736222150
162.7283606954825643	-56.7949446875430013
163.0353877304038974	-57.6676918687654592
163.3747232142874850	-58.6330027227548953
163.7527406684940843	-60.0765454058002106
164.2286368794144380	-61.7699037332609677
164.7191865710398417	-63.6531176852211189
165.1318402503496543	-65.1682609476373500
165.4360121168232638	-66.1927262505817282
165.7537610505254406	-67.1558882419916614
166.0968636214698506	-68.2030160594604666
166.3794289068012233	-68.8302890082756704
166.7417232359553338	-69.5033860402298984
167.1184804602430347	-70.0565918150543183
167.5663338629813381	-70.5519174586190019
168.0666164019829694	-70.9373655713749116
168.6775607708710822	-71.2312895200001179
169.4777757764622095	-71.4207182706795720
170.6785241203234307	-71.4735542005182083
170.6785241203234307	-71.4735542005182083
171.8971288559824870	-71.3864295868167602
173.9094200929414455	-71.1628670642798085
181.0548490332192841	-70.1940323598416711
187.1336103269262310	-69.4173018953254086
192.8135011224129300	-68.7532567855789978
194.8768919300943310	-68.4964926643426111
196.5863091742187976	-68.2977357463712877
200.8420681034490940	-67.8239871709772331
204.8248457000603366	-67.3954222965608238
209.0306445870588448	-66.9584240333808935
217.4476184311992029	-66.1284303108016474
225.8821151476231819	-65.3674260352339047
229.3953407937187592	-65.0371804346118410
233.7009140678113965	-64.6459939134899173
234.5033382662901431	-64.6665623123626432
239.2967806916541349	-64.1853757534913427
259.6721654674769297	-62.4720720725082543
265.3143948624177142	-61.7908412959277200
267.9564534588746483	-61.4407737095651854
270.9298345064241289	-60.9770143380031016
272.8299005001269961	-60.5915648583018296
274.7195459237239561	-60.1129992811422085
276.0105334639886223	-59.6929769242294199
277.0550678885060165	-59.2614838629593805
277.9175558102483024	-58.8125543691902450
278.6788046707162607	-58.3209967224265640
279.3077719966051973	-57.8202146951274614
279.8297748979406379	-57.3102019003332828
280.2786010185467944	-56.7778339753838779
280.6665846168320400	-56.2236716319159697
281.0043192725384529	-55.6474189560570807
281.3111016491678811	-55.0289201500369813
281.5729014848874954	-54.4066324289009060
281.8039366775325902	-53.7646141916178593
282.0093392767057026	-53.1015484945974663
282.1927215721045741	-52.4178690427302456
282.3571064819782350	-51.7139847678955320
282.5050120440625392	-50.9903786249024620
282.6384553821042118	-50.2480870193108942
282.7624940644550406	-49.4679873529094039
282.8722688111532761	-48.6891578603054924
282.9724072162985067	-47.8921720307211203
283.0638686738997194	-47.0787418515199647
283.1476204629022959	-46.2495026959235815
283.2244929852698760	-45.4051768073115767
283.2952078750709006	-44.5465109474865883
283.3603944345391028	-43.6742764634946710
283.4206034718902174	-42.7892667827942077
283.4763187589223321	-41.8922953891238734
283.5280460654785202	-40.9828609294541693
283.5764953362771621	-40.0552498320187667
283.6210790052854804	-39.1276559923807739
283.6626195018080239	-38.1912211599545799
283.7013634071130355	-37.2471984611284839
283.7375481112646298	-36.2964686764189111
283.7713856237036794	-35.3399383021200890
283.8030662692110013	-34.3785235087942453
283.8327612663493369	-33.4131494379038045
283.8606249718558843	-32.4447490010082120
283.8867968222634772	-31.4742617383473977
283.9114030191653342	-30.5026327089064040
283.9345579960985333	-29.5308114064761895
283.9563656988073035	-28.5597506969383659
283.9769207055269362	-27.5904057732521757
283.9963092097157755	-26.6237331255112188
284.0146606926089703	-25.6580897279839313
284.0319909458536927	-24.6971481878745784
284.0483243849107566	-23.7442885446169072
284.0637690336358219	-22.7978757243147818
284.0783791806925933	-21.8589192463564466
284.0922057524169873	-20.9283592378931260
284.1052955691371835	-20.0071319691032450
284.1176917448024710	-19.0961673074369180
284.1294340198298300	-18.1963878074629015
284.1405590594133059	-17.3087077796814022
284.1511007208052888	-16.4340323773751571
284.1610902931577698	-15.5732567016727437
284.1705567130361487	-14.7272649260833504
284.1795267583194118	-13.8969294421035876
284.1880252228586414	-13.0831100276850911
284.1960750739677906	-12.2866530408023351
284.2036975945639483	-11.5083906406974918
284.2109125115504753	-10.7491400398260080
284.2177381118391963	-10.0097027902449565
284.2241913472372516	-9.2908641087711459
284.2302879292704461	-8.5933922463381762
284.2360424148799893	-7.9180379081201684
284.2414682838063982	-7.2655337326554763
284.2465780083617801	-6.6365938403503710
284.2513831161853091	-6.0319134647195964
284.2558942464747815	-5.4521686836003784
284.2601212000815281	-4.8980162732883672
284.2640729837448248	-4.3700937163218407
284.2677578486134848	-3.8690194050371360
284.2711833230454772	-3.3953930996514612
284.2743562394675791	-2.9497967249640857
284.2772827547865404	-2.5327956283669053
284.2799683634022472	-2.1449404841012858
284.2824179011788033	-1.7867701305916655
284.2846355375609164	-1.4588158031399872
284.2866247509500681	-1.1616075399663406
284.2883882785343985	-0.8955807224861603
284.2900196259426480	-0.6472820243193426
284.2916392574753104	-0.3987896476444033
284.2932464587333357	-0.1502205737666859
284.2942010308274803	-0.0016401394295618
284.2957990411796914	0.2486828673429936
284.2973814405814892	0.4985464639589343
284.2989544677851086	0.7489124438641992
284.3005181728435105	0.9997770126567140
284.3020726293329403	1.2513903311380667
284.3037999460361789	1.5333357658065356
284.3056980631189390	1.8460520923597210
284.3077641855538786	2.1899398088445645
284.3099950945679097	2.5654081809754441
284.3123871915084919	2.9728802251191504
284.3149365355062628	3.4127965726238449
284.3176388764314311	3.8856184721317715
284.3204896846501697	4.3918301908948214
284.3234841785456410	4.9319409896176101
284.3266173504304675	5.5064867912378945
284.3298839912540075	6.1160316279718527
284.3332787143631890	6.7611689274101954
284.3367959784756067	7.4425226818592050
284.3404301099577651	8.1607485339609021
284.3441753244546248	8.9165348033764165
284.3480257478860835	9.7106034736176259
284.3519754368052759	10.5437111539010093
284.3560183980991951	11.4166500275942511
284.3601486080051473	12.3302487967501566
284.3643600304108077	13.2853736301844538
284.3686466344048540	14.2829291213736429
284.3730024110454337	15.3238592613794982
284.3774213893156002	16.4091484311799469
284.3818976512381482	17.5398224172112265
284.3864253461256340	18.7169494533089242
284.3909987039468206	19.9416412921151220
284.3956120477942591	21.2150543084042091
284.4002598054436817	22.5383906368115703
284.4049365200000921	23.9128993460725567
284.4096368596310072	25.3398776519232705
284.4143556263913979	26.8206721705232880
284.4190877641498219	28.3566802142875467
284.4238283656293333	29.9493511318966270
284.4239770553586482	-54.3568577301362339
284.4241357066057958	-54.3570693825421074
284.7339542546561120	-54.9290402140126659
284.9908888829038460	-55.4002632701889866
285.2921861070581713	-56.0441958866977359
285.5935147977612587	-56.7922141107313010
285.9006649390169628	-57.6639249416980917
286.2399846164922224	-58.6276159318362673
286.6178475489573430	-60.0687832051170432
287.0925659372435348	-61.7554894140663322
287.5892462100954958	-63.6607206344539804
287.9994608783174499	-65.1653005078196799
288.3050288842825921	-66.1936099021604747
288.6226475210437457	-67.1553535280253442
288.9657715754772198	-68.2015782906272818
289.2485366347851823	-68.8286108338274829
289.6110840978757892	-69.5013860527248397
289.9880946410213483	-70.0542391524495116
290.4362523333700778	-70.5491908463398545
290.9370010662790378	-70.9343569777913103
291.5485997941531764	-71.2279749234094766
292.3498789405956018	-71.4170503046518093
293.5528764120925302	-71.4693750994623400
293.5528764120925302	-71.4693750994623400
294.7737241748954489	-71.3817394832256440
296.7733860820059704	-71.1597332977029566
303.9238935014021763	-70.1904442252383092
310.0121434562506693	-69.4127463980674548
315.7004779044028169	-68.7476314600319682
317.7723635042217438	-68.4902686359373689
319.4715864737511879	-68.2927585949950071
323.7375283421330323	-67.8180974238768641
327.7218251232599187	-67.3895696783773133
331.9309331770037943	-66.9524387304282698
340.3818352666040710	-66.1195644388186707
348.7898904420492840	-65.3614169555175266
352.3128413987161025	-65.0304978421949471
356.6527765099891099	-64.6363251564643804
357.4926454094654105	-64.6552578810163681
362.2765452141236437	-64.1738138748208513
382.3469945457166546	-62.4883156862556248
388.2595937113453033	-61.7808688758566618
390.7938078540981337	-61.4440803636592250
393.7860195930778104	-60.9779908868874827
395.6857393560607079	-60.5929978504577775
397.5617088950932043	-60.1179575893958145
398.8613742975219338	-59.6960714574370783
399.9070427543326218	-59.2648793461458183
400.7709148365939882	-58.8160419513828714
401.5298719930494826	-58.3265595959577610
402.1613922754766008	-57.8247928389678805
402.6840640750397711	-57.3150445454214363
403.1335329971466308	-56.7828474979811375
403.5220365733451331	-56.2288753959509080
403.8602025335762846	-55.6528181447539723
404.1663723972333173	-55.0363324633359596
404.4292413529598207	-54.4125627741388698
404.6605011002898777	-53.7708415180209371
404.8661343145378169	-53.1079554515526766
405.0497125773792391	-52.4244623038349928
405.2142669468135523	-51.7207616834417792
405.3623197304627865	-50.9973359987498469
405.4958796530948462	-50.2552820472095334
405.6200935285555715	-49.4749531160586216
405.7299595467987388	-48.6962942734584558
405.8301816297922642	-47.8994528244042996
405.9217171770484356	-47.0861632190555426
406.0055349312287944	-46.2570591550729802
406.0824663774844794	-45.4128625136691042
406.1532340687778628	-44.5543196907756140
406.2184680851840426	-43.6822017176317274
406.2787198967777726	-42.7973017445368171
406.3344738410506807	-41.9004330104885838
406.3861892707329844	-40.9918810065413055
406.4347445564296208	-40.0629488932930968
406.4793524521028871	-39.1354804911417773
406.5209176095158341	-38.1991082217078031
406.5596839701160548	-37.2551430882269869
406.5958892465879444	-36.3044635711014010
406.6297456409421898	-35.3479761123945764
406.6614436500740908	-34.3865967647108306
406.6911546440300071	-33.4212505694369497
406.7190331133257359	-32.4528703518783814
406.7452186129424945	-31.4823955789871910
406.7698374496103497	-30.5107712486512881
406.7930041504116616	-29.5389468051001032
406.8148227445140037	-28.5678750756599307
406.8353878847144074	-27.5985112252891227
406.8547858312555263	-26.6318117262409402
406.8731243132384634	-25.6672503098517062
406.8904958313495399	-24.7044461100786634
406.9068355466093294	-23.7515837448041864
406.9222868334519490	-22.8051150628187393
406.9369031914849870	-21.8660966947854156
406.9507355988417316	-20.9354676724668245
406.9638309054424781	-20.0141643280501924
406.9762322525185141	-19.1031165727124836
406.9879794053188675	-18.2032470134006061
406.9991090516854229	-17.3154700208119401
407.0096550695605515	-16.4406908160419647
407.0196487670290821	-15.5798045754143182
407.0291190980099714	-14.7336955547931829
407.0380928563145631	-13.9032362349629448
407.0465948504459561	-13.0892864898549774
407.0546480612152322	-12.2926927798906487
407.0622737839944989	-11.5142873729316779
407.0694917572005807	-10.7548875959705263
407.0763202784081614	-10.0152951211811452
407.0827763093182057	-9.2962952907547436
407.0888755706554321	-8.5986564858569636
407.0946326279321852	-7.9231295463210047
407.1000609688936720	-7.2704472492654073
407.1051730733466343	-6.6413238569945401
407.1099804759668928	-6.0364547475336572
407.1144938225795045	-5.4565161449935662
407.1187229202998878	-4.9021649726300414
407.1226767818124586	-4.3740388593178334
407.1263636639361039	-3.8727563413846520
407.1297911004682533	-3.3989173184651933
407.1329659290918244	-2.9531038471742881
407.1358943118385696	-2.5358813950103194
407.1385817481643130	-2.1478007387101776
407.1410330789983050	-1.7894007929427276
407.1432524789653371	-1.4612128299219522
407.1452434319171516	-1.1637668645580672
407.1470086810076054	-0.8975000791446202
407.1486347363972982	-0.6500190078110859
407.1502648046243849	-0.3999373473640825
407.1518729301079702	-0.1512338585590411
407.1528340587944399	-0.0016352431198714
407.1544320225397655	0.2486805929996091
407.1560144223503244	0.4985443538592171
407.1575874497723362	0.7489104674629361
407.1591511550441851	0.9997751685716941
407.1607056117414913	1.2513886161740135
407.1624329274910110	1.5333340021309070
407.1643310437418677	1.8460503069603855
407.1663971654609213	2.1899380275209595
407.1686280738728101	2.5654064289612220
407.1710201703216967	2.9728785269620914
407.1735695139341829	3.4127949521086447
407.1762718545760436	3.8856169522571586
407.1791226626081652	4.3918287937660487
407.1821171564083102	4.9319397364622235
407.1852503282831890	5.5064857023456346
407.1885169691761348	6.1160307226999757
407.1919116924278228	6.7611682241625743
407.1954289567495380	7.4425221980914111
407.1990630885013047	8.1607482861572738
407.2028083033217740	8.9165348070880484
407.2066587271245339	9.7106037434624746
407.2106084164565232	10.5437117035815646
407.2146513781987096	11.4166508699228171
407.2187815885825444	12.3302499436702213
407.2229930114901322	13.2853750928137924
407.2272796160047506	14.2829309100192017
407.2316353931795447	15.3238613856022514
407.2360543719927932	16.4091508998193731
407.2405306344627434	17.5398252384063902
407.2450583298978586	18.7169526345758328
407.2496316882630367	19.9416448403675126
407.2542450326473613	21.2150582300188759
407.2588927908233813	22.5383949376651103
407.2635695058932015	23.9129040315781864
407.2682698460218376	25.3398827271031664
407.2729886132620436	26.8206776400516986
407.2777207514803308	28.3566860824987579
407.2824613533982188	29.9493574029060738
407.2826100247303316	-54.3568577301362339
407.2827686759559924	-54.3570693812306232
407.5925880196244862	-54.9290387519143835
407.8495231049388394	-55.4002602290287456
408.1508209199960220	-56.0441910280260771
408.4521500751330905	-56.7922071019654027
408.7593005328977256	-57.6639152737288825
409.0986201688293704	-58.6276021041616531
409.4764827040406772	-60.0687632796551298
409.9511980800533593	-61.7554524680457391
410.4478942838535431	-63.6607408993910155
410.8581025184724922	-65.1652930115016318
411.1636741825539048	-66.1936124977644766
411.4812924649440333	-67.1553523932608698
411.8244165623131039	-68.2015747750646284
412.1071821383205247	-68.8286066848318825
412.4697302566563053	-69.5013810562429342
412.8467414573019028	-70.0542332299497161
413.2948999391634857	-70.5491839398576133
413.7956498877015861	-70.9343493290498088
414.4072503255601418	-71.2279664687232241
415.2085322602807764	-71.4170409185377935
416.4115356447447880	-71.4693643643245622
416.4115356447447880	-71.4693643643245622
417.6323893032473507	-71.3817273988086214
419.6320185210739169	-71.1597252278883303
426.7825383890544799	-70.1904350673403030
432.8708128727263897	-69.4127347346117318
438.5591693462671969	-68.7476169983545020
440.6310770401672698	-68.4902526139726291
442.3302732975877802	-68.2927458350496295
446.5962416800791175	-67.8180822817940339
450.5805422580364166	-67.3895546431955950
454.7896588346939097	-66.9524233525200856
463.2406488723192979	-66.1195415889228428
471.6486348090126057	-65.3614015655432468
475.1716109946086135	-65.0304806981658174
479.5116358951339635	-64.6363002063680909
480.3515999773904355	-64.6552289127354527
485.1354773761784145	-64.1737839744017577
505.2051356390453520	-62.4883579457119041
511.1184579880915066	-61.7808411103109805
513.6523943658067992	-61.4440866979666112
516.6446467672807330	-60.9779919018776368
518.5443645648887241	-60.5929998558794622
520.4202997485150490	-60.1179680180795444
521.7199848946924021	-59.6960774011200499
522.7656553710352227	-59.2648859382412212
523.6295302234881319	-58.8160486902419706
524.3884814052283900	-58.3265712357668065
525.0200074046387044	-57.8248020717593363
525.5426805272960564	-57.3150543277564495
525.9921507583864013	-56.7828576082788885
526.3806553899258915	-56.2288858808212240
526.7188222249028513	-55.6528290175020501
527.0249904713215301	-55.0363480925640118
527.2878618789602569	-54.4125747697875326
527.5191220672918462	-53.7708541482769675
527.7247557513552465	-53.1079684362590285
527.9083344124530868	-52.4244756609545064
528.0728891261866238	-51.7207754086764808
528.2209422088585598	-50.9973500866102825
528.3545023867824284	-50.2552965184591898
528.4787166237126712	-49.4749670612096821
528.5885828244357754	-48.6963085583641941
528.6888050751532546	-47.8994673938499744
528.7803407708598797	-47.0861780663057345
528.8641586571870903	-46.2570742697302251
528.9410902214639236	-45.4128778845250309
529.0118580185003339	-44.5543353058086282
529.0770921299342717	-43.6822175641245423
529.1373440271696609	-42.7973178091656266
529.1930980488339173	-41.9004492793937260
529.2448134411731644	-40.9918992670577751
529.2933689667639783	-40.0629639756846032
529.3379769088674038	-39.1354958400166169
529.3795421147258367	-38.1991236905460099
529.4183085193975558	-37.2551586683447979
529.4545138362428816	-36.3044792483673078
529.4883702676499979	-35.3479918725780635
529.5200683108528210	-34.3866125933258218
529.5497793361955701	-33.4212664517827704
529.5776578344569998	-32.4528862730705754
529.6038433608512150	-31.4824115239811952
529.6284622223148517	-30.5107872022722013
529.6516289461142151	-29.5389627520592875
529.6734475615805877	-28.5678910005912492
529.6940127216576002	-27.5985271127571963
529.7134106867190440	-26.6318275607691319
529.7317491357073322	-25.6672686486635442
529.7491207487393012	-24.7044600208569491
529.7654604756054368	-23.7515976710957979
529.7809117751327221	-22.8051288811625490
529.7955281450252869	-21.8661103942888531
529.8093605635244785	-20.9354812395974434
529.8224558806069808	-20.0141777494012878
529.8348572375563208	-19.1031298349506713
529.8466043996688768	-18.2032601032975094
529.8577340548299617	-17.3154829252401861
529.8682800810214530	-16.4407035220033144
529.8782737863643888	-15.5798170700489749
529.8877441248108653	-14.7337078253978611
529.8967178902026944	-13.9032482690003185
529.9052198910709421	-13.0892982749715134
529.9132731082524970	-12.2927043039246815
529.9208988371433406	-11.5142986239189220
529.9281168161822961	-10.7548985621626283
529.9349453429642836	-10.0153057910713823
529.9414013792093101	-9.2963056530586154
529.9475006456596020	-8.5986665295437401
529.9532577078438180	-7.9231392606223023
529.9586860535225696	-7.2704566236623336
529.9637981625168095	-6.6413328812500003
529.9686055695158302	-6.0364634116812148
529.9731189203573649	-5.4565244393422176
529.9773480221688260	-4.9021728877637747
529.9813018876459410	-4.3740463861039460
529.9849887736183973	-3.8727634709677683
529.9884162138940837	-3.3989240422449023
529.9915910461658086	-2.9531101568208520
529.9945194324751583	-2.5358872824157075
529.9972068722877339	-2.1478061959430614
529.9996582065423354	-1.7894058122334480
530.0018776098736453	-1.4612174035701402
530.0038685661438649	-1.1637709848096849
530.0056338185181630	-0.8975037416923598
530.0072598740405283	-0.6500226796361379
530.0088899171302046	-0.3999448899362423
530.0104980503557499	-0.1512402592789972
530.0114592204620294	-0.0016352120744919
530.0130571839113145	0.2486805780542122
530.0146395837239197	0.4985443394318542
530.0162126111467842	0.7489104533646364
530.0177763164194857	0.9997751548012832
530.0193307731176446	1.2513886027169319
530.0210580888588083	1.5333339875120013
530.0229562051017638	1.8460502912456054
530.0250223268133141	2.1899380107637128
530.0272532352181543	2.5654064112213786
530.0296453316603902	2.9728785082871427
530.0321946752666236	3.4127949325432927
530.0348970159026294	3.8856169318435128
530.0377478239292941	4.3918287725438399
530.0407423177243800	4.9319397144690411
530.0438754895945976	5.5064856796171862
530.0471421304832802	6.1160306992703610
530.0505368537310460	6.7611682000536986
530.0540541180491800	7.4425221733235665
530.0576882497978204	8.1607482607721202
530.0614334646154475	8.9165347810929099
530.0652838884157063	9.7106037168751538
530.0692335777454218	10.5437116763953398
530.0732765394856187	11.4166508421417596
530.0774067498678050	12.3302499153106577
530.0816181727740286	13.2853750638798740
530.0859047772875101	14.2829308805020201
530.0902605544613380	15.3238613554788099
530.0946795332738475	16.4091508690796815
530.0991557957432860	17.5398252070407814
530.1036834911781170	18.7169526025753719
530.1082568495431815	19.9416448077089719
530.1128701939276198	21.2150581966951428
530.1175179521038672	22.5383949036382703
530.1221946671740852	23.9129039968266994
530.1268950073032329	25.3398826915893096
530.1316137745441210	26.8206776037558718
530.1363459127632041	28.3566860453847980
530.1410865146820015	29.9493573649385354
530.1412351861255274	-54.3568577301362339
530.1413938373513020	-54.3570693812264309
530.4512131837200286	-54.9290387469658796
530.7081482705831377	-55.4002602187293860
531.0094460876426865	-56.0441910115680315
531.3107752443536356	-56.7922070782218356
531.6179257031909628	-57.6639152409748590
531.9572453389843076	-58.6276020573195495
532.3351078728586572	-60.0687632121843151
532.8098232386757900	-61.7554523429473718
533.3065194964368629	-63.6607409680708756
533.7167277092139557	-65.1652929859613863
534.0222993857120173	-66.1936125064997611
534.3399176668972359	-67.1553523893499289
534.6830417644050613	-68.2015747630777867
534.9658073421639983	-68.8286066707094477
535.3283554627180365	-69.5013810392565148
535.7053666655870074	-70.0542332098300449
536.1535251501160246	-70.5491839164089782
536.6542751027659506	-70.9343493030949901
537.2658755464059368	-71.2279664400467283
538.0671574905508123	-71.4170408867162365
539.2701608949935235	-71.4693643279484974
539.2701608949935235	-71.4693643279484974
540.4910145734168054	-71.3817273578772813
542.4906436808106491	-71.1597252005194889
549.6411635914037106	-70.1904350362300562
555.7294381580501295	-69.4127346950326540
561.4177947060254610	-68.7476169493338602
563.4897024744875580	-68.4902525596878462
565.1888986420485708	-68.2927457917438687
569.4548671140933038	-67.8180822304498321
573.4391677049768532	-67.3895545922084551
577.6482843105203528	-66.9524233003722884
586.0992746450516506	-66.1195415115656289
594.5072603485718901	-65.3614015133307049
598.0302366195655850	-65.0304806400181832
602.3702618244378755	-64.6363001217630426
603.2102262290376302	-64.6552288145254863
607.9941035520173500	-64.1737838730281425
628.0637591341263715	-62.4883580888731842
633.9770839343461830	-61.7808410161198580
636.5110193703518462	-61.4440867193748375
639.5032719095687526	-60.9779919052543349
641.4029897004605800	-60.5929998626122099
643.2789247674583066	-60.1179680533899230
644.5786099805726508	-59.6960774212135092
645.6242804637346353	-59.2648859605319984
646.4881553255610243	-58.8160487130276550
647.2471064870052260	-58.3265712751793259
647.8786325057958493	-57.8248021030016375
648.4013056329290521	-57.3150543608598539
648.8507758684498867	-56.7828576424914075
649.2392805035609626	-56.2288859163012731
649.5774473414984413	-55.6528290542945214
649.8836155824216121	-55.0363481454945926
650.1464869983753943	-54.4125748103833971
650.3777471881986685	-53.7708541910227567
650.5833808738523203	-53.1079684802038017
650.7669595362980317	-52.4244757061596829
650.9315142511968588	-51.7207754551274306
651.0795673348808350	-50.9973501342885100
651.2131275136689510	-50.2552965674338381
651.3373417518237147	-49.4749671083956457
651.4472079531642521	-48.6963086066998514
651.5474302044492561	-47.8994674431484029
651.6389659006581496	-47.0861781165445521
651.7227837874324905	-46.2570743208740680
651.7997153521087057	-45.4128779365354802
651.8704831495028884	-44.5543353586457584
651.9357172612583327	-43.6822176177455290
651.9959691587835096	-42.7973178635248885
652.0517231807095868	-41.9004493344452200
652.1034385729213909	-40.9918993288667437
652.1519940993257478	-40.0629640267053730
652.1966020415861749	-39.1354958919401525
652.2381672476084304	-38.1991237428768144
652.2769336524293067	-37.2551587210504280
652.3131389694111704	-36.3044793014026723
652.3469954009435696	-35.3479919258958333
652.3786934442616712	-34.3866126468746671
652.4084044697106037	-33.4212665055133797
652.4362829680700315	-32.4528863269324077
652.4624684945548552	-31.4824115779228286
652.4870873561023927	-30.5107872562423452
652.5102540799795179	-29.5389628060086160
652.5320726955181954	-28.5678910544647451
652.5526378556625104	-27.5985271665010430
652.5720358207865957	-26.6318276143343766
652.5903742696626750	-25.6672687107307560
652.6077458830167188	-24.7044600678910911
652.6240856099220764	-23.7515977181835964
652.6395369094923353	-22.8051289278800695
652.6541532794250315	-21.8661104406021884
652.6679856979618535	-20.9354812854659009
652.6810810150798261	-20.0141777947745076
652.6934823720624763	-19.1031298797910907
652.7052295342065236	-18.2032601475547438
652.7163591893972807	-17.3154829688754042
652.7269052156168527	-16.4407035649708497
652.7368989209863912	-15.5798171123041502
652.7463692594581062	-14.7337078668962320
652.7553430248739232	-13.9032483096968154
652.7638450257649083	-13.0892983148306161
652.7718982429681773	-12.2927043428980678
652.7795239718797120	-11.5142986619665972
652.7867419509383353	-10.7548985992533286
652.7935704777391948	-10.0153058271579560
652.8000265140022975	-9.2963056881012065
652.8061257804698698	-8.5986665635100916
652.8118828426706841	-7.9231392934744944
652.8173111883653519	-7.2704566553695136
652.8224232973749395	-6.6413329117744304
652.8272307043888532	-6.0364634409771796
652.8317440552447124	-5.4565244673845026
652.8359731570700433	-4.9021729145189115
652.8399270225605733	-4.3740464115445024
652.8436139085461036	-3.8727634950568715
652.8470413488344093	-3.3989240649669763
652.8502161811185260	-2.9531101781344509
652.8531445674399265	-2.5358873023006319
652.8558320072643255	-2.1478062143683041
652.8582833415304094	-1.7894058291898700
652.8605027448730880	-1.4612174190205811
652.8624937011544489	-1.1637709987388096
652.8642589535397747	-0.8975037540853533
652.8658850090625947	-0.6500226920596357
652.8675150520670059	-0.3999449154888123
652.8691231853188128	-0.1512402809580056
652.8700843555653819	-0.0016352119690083
652.8716823190136438	0.2486805780007060
652.8732647188262490	0.4985443393789818
652.8748377462491135	0.7489104533123860
652.8764014515218150	0.9997751547496434
652.8779559082199739	1.2513886026658401
652.8796832239611376	1.5333339874615664
652.8815813402040931	1.8460502911958809
652.8836474619156434	2.1899380107147488
652.8858783703203699	2.5654064111539761
652.8882704667626058	2.9728785082203433
652.8908198103688392	3.4127949324771096
652.8935221510047313	3.8856169317579199
652.8963729590313960	4.3918287724585641
652.8993674528264819	4.9319397143840531
652.9025006246966996	5.5064856795324468
652.9057672655853821	6.1160306991858269
652.9091619888331479	6.7611681999693145
652.9126792531512820	7.4425221732392703
652.9163133848999223	8.1607482606878374
652.9200585997175494	8.9165347810085631
652.9239090235178082	9.7106037167906507
652.9278587128475237	10.5437116763105774
652.9319016745877207	11.4166508420566295
652.9360318849699070	12.3302499152250409
652.9402433078761305	13.2853750637936407
652.9445299123896120	14.2829308804150301
652.9488856895634399	15.3238613553909140
652.9533046683759494	16.4091508689907180
652.9577809308453880	17.5398252069505816
652.9623086262802190	18.7169526024837474
652.9668819846452834	19.9416448076157273
652.9714953290297217	21.2150581966000722
652.9761430872059691	22.5383949035411639
652.9808198022761871	23.9129039967273229
652.9855201424053348	25.3398826914874213
652.9902389096462230	26.8206776036512267
652.9949710478653060	28.3566860452771223
652.9997116497841034	29.9493573648275522
652.9998603212278567	-54.3568577301362339
653.0000189724536312	-54.3570693812264167
653.3098383188315665	-54.9290387469495300
653.5667734056999052	-55.4002602186952089
653.8680712227661616	-56.0441910115132487
654.1694003794824539	-56.7922070781428587
654.4765508383234192	-57.6639152408658546
654.8158704741163092	-58.6276020571634220
655.1937330079861113	-60.0687632119588741
655.6684483737691380	-61.7554523425290469
656.1651446317107457	-63.6607409683007290
656.5753528444146241	-65.1652929858754106
656.8809245209544088	-66.1936125065290213
657.1985428021355347	-67.1553523893366133
657.5416668996439284	-68.2015747630376694
657.8244324774086635	-68.8286066706619977
658.1869805979702051	-69.5013810391995861
658.5639918008466793	-70.0542332097626996
659.0121502853845641	-70.5491839163303354
659.5129002380482461	-70.9343493030078918
660.1245006817075591	-71.2279664399504782
660.9257826258842670	-71.4170408866095130
662.1287860303941670	-71.4693643278265114
662.1287860303941670	-71.4693643278265114
663.3496397088844105	-71.3817273577399902
665.3492688159076351	-71.1597252004276726
672.4997887266400767	-70.1904350361261464
678.5880632935725316	-69.4127346948993420
684.2764198417906982	-68.7476169491697533
686.3483276105026789	-68.4902525595060894
688.0475237777575330	-68.2927457915994722
692.3134922501328674	-67.8180822302751096
696.2977928410425648	-67.3895545920367880
700.5069094466657589	-66.9524233001985607
708.9578997822126212	-66.1195415113054423
717.3658854849512636	-65.3614015131548456
720.8888617562342915	-65.0304806398222439
725.2288869621845606	-64.6363001214729849
726.0688513679524476	-64.6552288141839568
730.8527286905990650	-64.1737838726817671
750.9223842634626180	-62.4883580893703936
756.8357090720962788	-61.7808410158038441
759.3696445048963142	-61.4440867194531535
762.3618970445915011	-60.9779919052710255
764.2616148354637744	-60.5929998626406174
766.1375499020781490	-60.1179680535136498
767.4372351154197531	-59.6960774212865033
768.4829055986069761	-59.2648859606125740
769.3467804604663343	-58.8160487131102840
770.1057316218451660	-58.3265712753173204
770.7372576407019551	-57.8248021031125248
771.2599307678510741	-57.3150543609772711
771.7094010033875975	-56.7828576426127469
772.0979056385112926	-56.2288859164271173
772.4360724764591168	-55.6528290544252258
772.7422407173647798	-55.0363481456788648
773.0051121333465289	-54.4125748105272535
773.2363723231751464	-53.7708541911740383
773.4420060088343689	-53.1079684803595100
773.6255846712848552	-52.4244757063198463
773.7901393861877750	-51.7207754552921344
773.9381924698753892	-50.9973501344572711
774.0717526486665747	-50.2552965676071111
774.1959668868255449	-49.4749671085634404
774.3058330881682423	-48.6963086068720159
774.4060553394552926	-47.8994674433237861
774.4975910356660052	-47.0861781167229694
774.5814089224419376	-46.2570743210556543
774.6583404871196308	-45.4128779367194468
774.7291082845150640	-44.5543353588328230
774.7943423962716452	-43.6822176179353860
774.8545942937978452	-42.7973178637173888
774.9103483157248320	-41.9004493346404558
774.9620637079362950	-40.9918993290840348
775.0106192343433804	-40.0629640268873644
775.0552271766043759	-39.1354958921251921
775.0967923826273136	-38.1991237430610155
775.1355587874486446	-37.2551587212377129
775.1717641044310767	-36.3044793015888771
775.2056205359639307	-35.3479919260825852
775.2373185792823733	-34.3866126470641902
775.2670296047316469	-33.4212665057047147
775.2949081030914158	-32.4528863271244958
775.3210936295765805	-31.4824115781145117
775.3457124911244591	-30.5107872564323870
775.3688792150018116	-29.5389628062005833
775.3906978305407165	-28.5678910546578102
775.4112629906852590	-27.5985271666943071
775.4306609558095715	-26.6318276145268875
775.4489994046853099	-25.6672687109506157
775.4663710180403768	-24.7044600680643924
775.4827107449459618	-23.7515977183521514
775.4981620445163344	-22.8051289280498146
775.5127784144491443	-21.8661104407725801
775.5266108329860799	-20.9354812856363601
775.5397061501041662	-20.0141777949444268
775.5521075070869301	-19.1031298799598410
775.5638546692310911	-18.2032601477216822
775.5749843244219619	-17.3154829690398557
775.5855303506416476	-16.4407035651321252
775.5955240560112998	-15.5798171124615372
775.6049943944831284	-14.7337078670490076
775.6139681598990592	-13.9032483098442512
775.6224701607901579	-13.0892983149719715
775.6305233779935406	-12.2927043430325966
775.6381491069050753	-11.5142986621053325
775.6453670859638123	-10.7548985993840933
775.6521956127647854	-10.0153058272800024
775.6586516490278882	-9.2963056882266208
775.6647509154954605	-8.5986665636388171
775.6705079776963885	-7.9231392935929668
775.6759363233911699	-7.2704566554770080
775.6810484324008712	-6.6413329118702418
775.6858558394147849	-6.0364634410750782
775.6903691902707578	-5.4565244674696682
775.6945982920960887	-4.9021729146057416
775.6985521575866187	-4.3740464116329338
775.7022390435721491	-3.8727634951468355
775.7056664838604547	-3.3989240650584023
775.7088413161445715	-2.9531101782272628
775.7117697024660856	-2.5358873023784407
775.7144571422904846	-2.1478062144471246
775.7169084765566822	-1.7894058292529109
775.7191278798993608	-1.4612174190843064
775.7211188361808354	-1.1637709987860914
775.7228840885662748	-0.8975037541158617
775.7245101440890949	-0.6500226920903902
775.7261401870931650	-0.3999449155720095
775.7277483203450856	-0.1512402810242149
775.7287094905919957	-0.0016352119823213
775.7303074540402577	0.2486805779872898
775.7318898538528629	0.4985443393654621
775.7334628812757273	0.7489104532987622
775.7350265865484289	0.9997751547359147
775.7365810432465878	1.2513886026519920
775.7383083589877515	1.5333339874475993
775.7402064752307069	1.8460502911817813
775.7422725969422572	2.1899380107005024
775.7445035053469837	2.5654064111395685
775.7468956017891060	2.9728785081862741
775.7494449453953393	3.4127949324425852
775.7521472860312315	3.8856169317229039
775.7549980940578962	4.3918287724230174
775.7579925878529821	4.9319397143479344
775.7611257597231997	5.5064856794957162
775.7643924006118823	6.1160306991484399
775.7677871238596481	6.7611681999312259
775.7713043881777821	7.4425221732004339
775.7749385199263088	8.1607482606255122
775.7786837347439359	8.9165347809449020
775.7825341585441947	9.7106037167255703
775.7864838478739102	10.5437116762439942
775.7905268096141072	11.4166508419884494
775.7946570199962935	12.3302499151551697
775.7988684429025170	13.2853750637219772
775.8031550474159985	14.2829308803414730
775.8075108245898264	15.3238613553153495
775.8119298034023359	16.4091508689130343
775.8164060658717744	17.5398252068706597
775.8209337613066054	18.7169526024014630
775.8255071196716699	19.9416448075309489
775.8301204640561082	21.2150581965126577
775.8347682222323556	22.5383949034509641
775.8394449373025736	23.9129039966341921
775.8441452774317213	25.3398826913911925
775.8488640446726095	26.8206776035517223
775.8535961828916925	28.3566860451741647
775.8583367848104899	29.9493573647209566
775.8584854562545843	-54.3568577301362339
775.8586441074803588	-54.3570693812264167
776.1684634538584078	-54.9290387469495656
776.4253985407267464	-55.4002602186951378
776.7266963577930028	-56.0441910115130284
777.0280255145092951	-56.7922070781424679
777.3351759733501467	-57.6639152408649451
777.6744956091430367	-58.6276020571622567
778.0523581430128388	-60.0687632119574033
778.5270735087957519	-61.7554523425268016
779.0237697667383827	-63.6607409683022141
779.4339779794420338	-65.1652929858758085
779.7395496559819321	-66.1936125065296181
780.0571679371630580	-67.1553523893370112
780.4002920346714518	-68.2015747630378684
780.6830576124363006	-68.8286066706622961
781.0456057329978421	-69.5013810391996714
781.4226169358744301	-70.0542332097627565
781.8707754204124285	-70.5491839163303069
782.3715253730763379	-70.9343493030078349
782.9831258167357646	-71.2279664399502508
783.7844077609125861	-71.4170408866090867
784.9874111654230546	-71.4693643278259003
784.9874111654230546	-71.4693643278259003
786.2082648439136392	-71.3817273577392939
788.2078939509392512	-71.1597252004266494
795.3584138616686232	-70.1904350361254643
801.4466884285831156	-69.4127346949010189
807.1350449768149247	-68.7476169491696680
809.2069527455299749	-68.4902525595057483
810.9061489128072253	-68.2927457915965022
815.1721173851514095	-67.8180822302757065
819.1564179761141986	-67.3895545920317147
823.3655345817068110	-66.9524233001967417
831.8165249173001712	-66.1195415112992322
840.2245106199693510	-65.3614015131552861
843.7474868912513557	-65.0304806398226276
848.0875120971564911	-64.6363001214778450
848.9274765028292222	-64.6552288141962066
853.7113538255721323	-64.1737838726861867
873.7810093985746107	-62.4883580893613058
879.6943342071459710	-61.7808410157995525
882.2282696399514634	-61.4440867194474691
885.2205221796342585	-60.9779919052661015
887.1202399705019843	-60.5929998626356436
888.9961750371073776	-60.1179680535096068
890.2958602504478449	-59.6960774212818563
891.3415307336330216	-59.2648859606077707
892.2054055954912428	-58.8160487131050971
892.9643567568674598	-58.3265712753126877
893.5958827757235667	-57.8248021031074444
894.1185559028718899	-57.3150543609720060
894.5680261384077312	-56.7828576426073184
894.9565307735308579	-56.2288859164215324
895.2946976114783411	-55.6528290544192714
895.6008658523830945	-55.0363481456736423
895.8637372683648437	-54.4125748105211358
896.0949974581932338	-53.7708541911676292
896.3006311438522289	-53.1079684803528878
896.4842098063024878	-52.4244757063131388
896.6487645212052939	-51.7207754552849934
896.7968176048926807	-50.9973501344503433
896.9303777836837526	-50.2552965675999346
897.0545920218426090	-49.4749671085560792
897.1644582231853065	-48.6963086068637523
897.2646804744722431	-47.8994674433154941
897.3562161706828419	-47.0861781167147981
897.4400340574586608	-46.2570743210477602
897.5169656221362402	-45.4128779367120217
897.5877334195316735	-44.5543353588246376
897.6529675312882546	-43.6822176179263835
897.7132194288144547	-42.7973178637075193
897.7689734507414414	-41.9004493346296698
897.8206888429527908	-40.9918993290743217
897.8692443693598761	-40.0629640268767915
897.9138523116208717	-39.1354958921137310
897.9554175176436956	-38.1991237430512669
897.9941839224650266	-37.2551587212271968
898.0303892394473451	-36.3044793015806420
898.0642456709801991	-35.3479919260737461
898.0959437142986417	-34.3866126470547115
898.1256547397479153	-33.4212665056945752
898.1535332381076842	-32.4528863271136743
898.1797187645928489	-31.4824115781029761
898.2043376261407275	-30.5107872564201159
898.2275043500180800	-29.5389628061875591
898.2493229655569849	-28.5678910546440079
898.2698881257015273	-27.5985271666797054
898.2892860908258399	-26.6318276145114687
898.3076245397014645	-25.6672687109404443
898.3249961530566452	-24.7044600680472257
898.3413358799621165	-23.7515977183408964
898.3567871795324891	-22.8051289280380018
898.3714035494652990	-21.8661104407602025
898.3852359680022346	-20.9354812856234105
898.3983312851203209	-20.0141777949308981
898.4107326421030848	-19.1031298799457261
898.4224798042472457	-18.2032601477069740
898.4336094594381166	-17.3154829690245542
898.4441554856578023	-16.4407035651162197
898.4541491910274544	-15.5798171124450331
898.4636195294992831	-14.7337078670319066
898.4725932949152138	-13.9032483098265498
898.4810952958063126	-13.0892983149536715
898.4891485130096953	-12.2927043430137033
898.4967742419212300	-11.5142986620858476
898.5039922209799670	-10.7548985993640240
898.5108207477809401	-10.0153058272593540
898.5172767840440429	-9.2963056882054040
898.5233760505116152	-8.5986665636170407
898.5291331127125432	-7.9231392935706388
898.5345614584073246	-7.2704566554541437
898.5396735674170259	-6.6413329118468543
898.5444809744309396	-6.0364634410511817
898.5489943252869125	-5.4565244674452780
898.5532234271122434	-4.9021729145808752
898.5571772926027734	-4.3740464116076083
898.5608641785883037	-3.8727634951210712
898.5642916188766094	-3.3989240650322201
898.5674664511607261	-2.9531101782006841
898.5703948374822403	-2.5358873023514885
898.5730822773066393	-2.1478062144198220
898.5755336115728369	-1.7894058292252830
898.5777530149155155	-1.4612174190563789
898.5797439711968764	-1.1637709987749578
898.5815092235823158	-0.8975037541046204
898.5831352791051359	-0.6500226920790585
898.5847653221092060	-0.3999449155605733
898.5863734553611266	-0.1512402810126869
898.5873346256080367	-0.0016352119707379
898.5889325890562986	0.2486805779989662
898.5905149888689039	0.4985443393772317
898.5920880162917683	0.7489104533106256
898.5936517215644699	0.9997751547478724
898.5952061782626288	1.2513886026640566
898.5969334940037925	1.5333339874597709
898.5988316102467479	1.8460502911940722
898.6008977319582982	2.1899380107129249
898.6031286403630247	2.5654064111521353
898.6055207368052606	2.9728785082184839
898.6080700804114940	3.4127949324752298
898.6107724210473862	3.8856169317560187
898.6136232290740509	4.3918287724566394
898.6166177228691367	4.9319397143821018
898.6197508947393544	5.5064856795304689
898.6230175356280370	6.1160306991838178
898.6264122588758028	6.7611681999672735
898.6299295231939368	7.4425221732371947
898.6335636549424635	8.1607482606630306
898.6373088697600906	8.9165347809832287
898.6411592935603494	9.7106037167647532
898.6451089828900649	10.5437116762840848
898.6491519446302618	11.4166508420295063
898.6532821550124481	12.3302499151972462
898.6574935779186717	13.2853750637651356
898.6617801824321532	14.2829308803857735
898.6661359596059810	15.3238613553608616
898.6705549384184906	16.4091508689598271
898.6750312008879291	17.5398252069188025
898.6795588963227601	18.7169526024510304
898.6841322546878246	19.9416448075820192
898.6887455990722628	21.2150581965653231
898.6933933572485103	22.5383949035053099
898.6980700723187283	23.9129039966903036
898.7027704124478760	25.3398826914491657
898.7074891796887641	26.8206776036116707
898.7122213179078472	28.3566860452361951
898.7169619198266446	29.9493573647851790
898.7171105912706253	-54.3568577301362339
898.7172692424963998	-54.3570693812264167
899.0270885888743351	-54.9290387469494163
899.2840236757426737	-55.4002602186949957
899.5853214928089301	-56.0441910115129005
899.8866506495252224	-56.7922070781423471
900.1938011083660740	-57.6639152408648314
900.5331207441588504	-58.6276020571617948
900.9109832780286524	-60.0687632119569415
901.3856986438113381	-61.7554523425255084
901.8823949017543100	-63.6607409683022780
902.2926031144578474	-65.1652929858755101
902.5981747909977457	-66.1936125065293908
902.9157930721788716	-67.1553523893368549
903.2589171696872654	-68.2015747630377689
903.5416827474521142	-68.8286066706622393
903.9042308680136557	-69.5013810391996714
904.2812420708902437	-70.0542332097627849
904.7294005554283558	-70.5491839163304917
905.2301505080921515	-70.9343493030079202
905.8417509517516919	-71.2279664399504071
906.6430328959286271	-71.4170408866092714
907.8460363004388682	-71.4693643278260566
907.8460363004388682	-71.4693643278260566
909.0668899789295665	-71.3817273577394218
911.0665190859525637	-71.1597252004270899
918.2170389966936455	-70.1904350361244411
924.3053135636066600	-69.4127346949001804
929.9936701118315341	-68.7476169491696254
932.0655778805436285	-68.4902525595060609
933.7647740478111018	-68.2927457915980085
938.0307425201420983	-67.8180822302785629
942.0150431111039779	-67.3895545920346279
946.2241597166879501	-66.9524233002004223
954.6751500522603919	-66.1195415113047744
963.0831357550140410	-65.3614015131527140
966.6061120262888835	-65.0304806398208797
970.9461372321420640	-64.6363001214803461
971.7861016378709564	-64.6552288141926681
976.5699789605776004	-64.1737838726868119
996.6396345337352614	-62.4883580893484663
