0.0000000000000000	-60.0000000000000000
0.0149722956575865	-60.1801199999999952
0.5256889162039331	-64.3702833698900321
0.7023636578193291	-65.7345053768285936
1.0232199663613706	-68.0938669676450417
1.5433598589694992	-71.2039300834047140
1.8438339624311906	-72.4978377720034501
2.4317757610495345	-74.2374143207272681
2.9466183063170890	-75.0839753152340705
4.4433537247589978	-75.7944835993310591
5.2823654912790658	-75.8008854687518152
18.0655700309494023	-72.5508312686367134
32.2607599516944674	-69.0114021826764343
33.0401526437703623	-68.7506861966415244
34.6782729468314130	-68.3031522045956052
36.4352121297277520	-67.8415373479638362
40.8991275404511470	-66.5562108234955474
47.8407878403165086	-64.1833400756210466
53.2333753505146987	-61.3607186635807551
54.5724340650412856	-60.2170476663662626
55.5683688217860308	-59.0691789519976638
56.3702496497903311	-57.8401804207451278
57.0196255249644253	-56.5162376118301069
57.5264487600643122	-55.1493846086071642
57.9292558746562989	-53.7270333451941369
58.2590190325036446	-52.2199113149853531
58.5298010093901055	-50.6356662897438099
58.7546437627538580	-48.9719108575591804
58.9428242337411703	-47.2315837200984916
59.1031949106184271	-45.3999002704985699
59.2378807276986592	-43.5201445768658886
59.3533424402540248	-41.5735529415401004
59.4526325426908144	-39.5715559813016711
59.5385345516289135	-37.5201859274793179
59.6132124927635374	-35.4275797407668307
59.6784237872702334	-33.3022735545427153
59.7355951843658275	-31.1534510675473442
59.7858946547338519	-28.9908092375839459
59.8302840626604819	-26.8245015193763585
59.8695601469704712	-24.6650701748951455
59.9043863136843697	-22.5233823249560139
59.9353175277187944	-20.4105666239728052
59.9625824592891021	-18.3556702075287710
59.9880202504947420	-16.2527751911101817
60.0096127179829963	-14.3058793671083251
60.0289021994274137	-12.4241450001247404
60.0460011795514248	-10.6300876128068698
60.0611214521572734	-8.9340407972937417
60.0744308070260757	-7.3474130682875556
60.0860704984158076	-5.8813521054371147
60.0961570743998337	-4.5468616669751158
60.1047845195405088	-3.3548281341474633
60.1120252264033397	-2.3161354321065080
60.1179294269521947	-1.4419420002503895
60.1225215962082018	-0.7446152984015111
60.1263198143051341	-0.1561463641572224
60.1272977774129060	-0.0028146223859183
60.1311309422506000	0.6054541540776366
60.1348336699007788	1.2040988163480812
60.1388474433704232	1.8654797676962402
60.1437608870663070	2.6939239719936650
60.1495182317938699	3.6920367770842861
60.1560673011104541	4.8649920027287816
60.1633467832170084	6.2182392796877197
60.1712891493322104	7.7577682883341712
60.1798227690692329	9.4902482901437057
60.1888736943958094	11.4231279036697266
60.1983671844923265	13.5647121643119792
60.2082290112716834	15.9242272938944431
60.2183865670549636	18.5118793834532660
60.2287697883514284	21.3389108639521439
60.2393119072261882	24.4176572913263250
60.2499500416370424	27.7616061674608439
60.2565887377566796	-55.8571354203162684
60.2570524073675529	-55.8578774828984379
60.2928459271004940	-55.9158642847577170
60.5718265784513932	-56.2882831939246628
61.2296893773861655	-57.6842491834550231
62.2109179564703467	-60.4644812088327583
63.8437710152703062	-65.6643270235099124
64.1581265791662219	-66.5180963153729721
65.0268748507858589	-68.1607704714709826
65.9260751860245335	-69.1709959252614652
67.5414559033798838	-69.8969424955788980
68.4556913403791896	-69.9866038562497295
69.1396424198386512	-69.8763229066094311
71.5497703704648842	-69.5033412453094428
78.0356554145047454	-67.7779055368807377
79.1683803577980854	-67.3850144684172108
82.7154622821669250	-66.3960733734059261
84.4183647799166152	-65.8773964057618002
87.6006870870460688	-64.7690671682587151
92.3480101804107250	-62.6659556872738932
95.0463583160267405	-60.8875859272993551
95.6853470152763350	-60.2952956178255164
97.0031657274410861	-58.7447896378811620
97.7012123623105850	-57.6185978875793339
98.3298212621833727	-56.2830562501305280
98.8067068016047045	-54.9403093936287092
99.1995261922819509	-53.4954828107329874
99.5123727858498199	-52.0054008390030020
99.7986605561681301	-50.2589891303697058
100.0097539008648937	-48.6212893025027313
100.1927793646863876	-46.8553185447000189
100.3461484888792086	-45.0306944512015406
100.4768881412522461	-43.1352377602502912
100.5887967540899126	-41.1786729700630758
100.6852004977545505	-39.1666702893994341
100.7686834558548838	-37.1068178051103743
100.8408089259967682	-35.0219534663827972
100.9093644850571394	-32.7109826415722367
100.9638163343565083	-30.5877736552073713
101.0125996568156381	-28.4182507202935355
101.0555670045193182	-26.2534046956397482
101.0936223686392026	-24.0975242540303256
101.1273800085229055	-21.9624624701009772
101.1573724427364169	-19.8592596332525417
101.1840451039909254	-17.7992899214857552
101.2077739239695262	-15.7940324880992371
101.2288766737851091	-13.8550330855655783
101.2476223521893814	-11.9938438233545117
101.2642386751965375	-10.2219699173864651
101.2789180734112620	-8.5508222270232022
101.2918224565104310	-6.9916794650571887
101.3030869282575566	-5.5556659624053095
101.3128225533937297	-4.2537556354527011
101.3211181730167993	-3.0968227895180047
101.3280410812396326	-2.0957838322704476
101.3336359431289111	-1.2619369714860593
101.3379199919350100	-0.6082052862776958
101.3417167797000218	-0.0173571079041781
101.3418137811858060	-0.0021147497456269
101.3456500283465829	0.6066683508105112
101.3493523531206222	1.2052769797150842
101.3533677571347056	1.8669638417115539
101.3582826335035065	2.6957052484518131
101.3640412441554020	3.6941151962019378
101.3705914038984304	4.8673692788845901
101.3778717999174432	6.2209197185230360
101.3858149071489549	7.7607591727058898
101.3943491021809535	9.4935600851178492
101.4033861507268455	11.4237360797805092
101.4129461737657323	13.5807536955358934
101.4228073993425880	15.9410608652157570
101.4329675569617280	18.5304370306510720
101.4433526882718581	21.3592138248004346
101.4538962711695262	24.4397901576728174
101.4645354295887785	27.7856560380646549
101.4710995485569782	-55.8571354203162684
101.4715632039310549	-55.8578850840727625
101.5073560388270266	-55.9164636885020698
101.7862765122894046	-56.2937861307902665
102.4428588192724305	-57.7011713124403158
103.4245612324148453	-60.5085436995227468
105.0224532941280700	-65.6350191065016588
105.3328212598599265	-66.4839011507412465
106.1884632480729351	-68.1320285398123957
107.0747638210193458	-69.1581127537977522
108.6447228497602993	-69.9084823741893473
109.5761619060197773	-70.0120066402146222
110.2177244430946956	-69.9173439798187673
112.5579063991986999	-69.5767630985379526
118.9614920744817681	-67.8751247158798350
120.2605223069885199	-67.4319878774994805
129.6543616817023690	-64.5159716087122916
131.0041091872814718	-63.9931257070029105
136.3654099309275978	-61.0410143858569825
137.8998485892631152	-59.5412969086776869
138.6175618453349898	-58.5851977473068430
139.4020454432469194	-57.2213837121694837
139.9462238880468021	-55.9538170154895198
140.4364227125203115	-54.4558299446071246
140.7922312752555456	-53.0298224956272790
141.0946395613307516	-51.4736040501836243
141.3416888248287648	-49.8545116045739576
141.5482173813198017	-48.1528273392819344
141.7216092466168220	-46.3772404689442936
141.8658736304118690	-44.5613736720943052
142.0013889688421784	-42.4821493629868385
142.1059596045704154	-40.5414191541699296
142.1983082341730835	-38.5050713002513305
142.2780490808831360	-36.4322779868879394
142.3475954535400376	-34.3210243917511733
142.4084459450792224	-32.1821429497024951
142.4618965248058373	-30.0247326745516219
142.5090000891736395	-27.8587902749004499
142.5506280877597192	-25.6946653698159579
142.5875041364581932	-23.5430752771543155
142.6202322915806349	-21.4150282109977965
142.6493189713612537	-19.3217621441007452
142.6751903201845550	-17.2746824079705164
142.6980556644606395	-15.2981826838364388
142.7194185450402131	-13.2915737805903813
142.7374280952328149	-11.4639038436180396
142.7534648063374334	-9.7193907816948286
142.7676066796986731	-8.0798661997586319
142.7800162618793252	-6.5556187018104239
142.7908206996497711	-5.1577997079597928
142.8001244631255418	-3.8973355055183392
142.8080100659756795	-2.7850896132063898
142.8145383792393375	-1.8320398815035521
142.8197467642262097	-1.0497195739211336
142.8236422396286684	-0.4519138942929194
142.8265236721342433	-0.0022622236678803
142.8296508327492518	0.4931979739323800
142.8332280281331066	1.0693714985515719
142.8370232638539505	1.6917677382842666
142.8417281274603283	2.4803564405649690
142.8472877676943824	3.4374010150145700
142.8536526235623398	4.5680470940062721
142.8607632352886867	5.8776429817961162
142.8685533523947981	7.3720340278995211
142.8769521499099824	9.0577161445564940
142.8858860840344676	10.9419433257135772
142.8952804744650393	13.0328089895407935
142.9050608600867633	15.3393130185457256
142.9151541526055382	17.8714214872334445
142.9254896032769011	20.6401233978520651
142.9359995945208084	23.6574872123553774
142.9466202677087097	26.9367190603480218
142.9558758312731754	-55.8571354203162684
142.9563400173453829	-55.8578780069328928
142.9921530627102584	-55.9158736910103542
143.2712016528201104	-56.2882242979040726
143.9291508761799605	-57.6838718279365779
144.9104821854471652	-60.4634844545283983
146.5445148276616294	-65.6655687508914525
146.8590320570483243	-66.5195136223334202
147.7281969573000708	-68.1617784690001116
148.6279793103884685	-69.1714786480956576
150.2451494649440349	-69.8964327697472925
151.1586747188063384	-69.9856144893967809
151.8446357180855557	-69.8746301636859783
154.2574939616201561	-69.5003316095921804
160.7587101591643375	-67.7707873645110794
161.8780969269125194	-67.3827521225992712
165.2808672966961012	-66.4351186677964591
166.8268528110679938	-65.9722242217132759
170.1469358679881623	-64.8222974696666085
175.2168285312938565	-62.5720725952120134
177.4579010400454138	-61.0997559481379824
178.3489907982104512	-60.3006033535260713
179.5679037574700203	-58.8864491169899935
180.3454994399535849	-57.6616138085760568
180.9591372171601904	-56.3775012254415842
181.4500278532960920	-55.0204564946769636
181.8459510596167092	-53.5876202900680170
182.1623123666521735	-52.1044436663009591
182.4554445989097360	-50.3409210620499294
182.6676620030207516	-48.7140397956939282
182.8525893696504170	-46.9504201941943720
183.0072847347369134	-45.1300870579467812
183.1391492098359208	-43.2380910402709944
183.2519751350693014	-41.2847750685300383
183.3491412800821649	-39.2756106347928622
183.4332611938299920	-37.2181800067584803
183.5059244989556930	-35.1351111766046955
183.5749895166868555	-32.8250069673771776
183.6298121247375548	-30.7029003865403247
183.6789252312054259	-28.5337124302184080
183.7221756548569260	-26.3686915002178104
183.7604772956238719	-24.2120473336708457
183.7944501538796942	-22.0756299845195088
183.8246317866940274	-19.9704663768052129
183.8514717278196429	-17.9079229188377980
183.8753493173028914	-15.8994738372409863
183.8965851741600375	-13.9566631163688921
183.9154506968745011	-12.0910440376157187
183.9321756418938207	-10.3141256864392403
183.9469541933794119	-8.6373250935098564
183.9599497881279433	-7.0719288133132236
183.9712988832662575	-5.6290696486944514
183.9811137727163270	-4.3197288232064865
183.9894844558905902	-3.1547834729284894
183.9964793850809883	-2.1451416565919446
184.0021445074179951	-1.3020665879696933
184.0064987634889064	-0.6383461514312746
184.0102957960011452	-0.0480392241342352
184.0105868836778313	-0.0023217879220447
184.0144232593096376	0.6064726808835674
184.0181256130220220	1.2050775290310962
184.0221407156313944	1.8667046644472356
184.0270553085414633	2.6953843666005617
184.0328136512173671	3.6937295466361251
184.0393635622626505	4.8669157702708743
184.0466437315812129	6.2203951287638803
184.0545866360528748	7.7601600932490058
184.0631195274793299	9.4926552701596716
184.0724075375824498	11.4776431553332579
184.0819004817777795	13.6222273689987983
184.0917720595013236	15.9876780046860443
184.1019368665648415	18.5813796769610491
184.1123256145399125	21.4147669257257292
184.1228715766376638	24.5001915945741509
184.1335119722439231	27.8511706118577145
184.1398725657372495	-55.8571354203162684
184.1403361833284862	-55.8578856012139937
184.1761275859470004	-55.9165067405246745
184.4550389829161361	-56.2941918979963205
185.1115221102747341	-57.7024308685146181
186.0932532935157440	-60.5118301314338964
187.6885381962703718	-65.6328122537617986
187.9985945422838256	-66.4812939246935741
188.8533287453528544	-68.1299376106133536
189.7386451348756964	-69.1571443050827952
191.3053373255252154	-69.9093161538990557
192.2381607557990151	-70.0139531427153798
192.8769561367050756	-69.9203050983135626
195.2122843488328385	-69.5819676114096097
201.6168314667590664	-67.8802449453405927
202.9244757673071149	-67.4347943171625985
212.2309094184747096	-64.5505281441203920
213.6116384705400435	-64.0176700002263601
218.9811737173215533	-61.0829600937622104
220.5524913934006292	-59.5603330323985034
221.2610561996644378	-58.6226737450279529
222.0558492039709790	-57.2520383530772818
222.6018605789085711	-55.9893463496378061
223.0946478733873164	-54.4944257883580292
223.4524962952675935	-53.0703440935935049
223.7565063773392353	-51.5163753007579430
224.0048086676211483	-49.8994473390731414
224.2123365970610394	-48.1998714390310496
224.3865302856679307	-46.4262951667276269
224.5314334941760421	-44.6122792477474448
224.6672580492039515	-42.5394749150263749
224.7723412551635818	-40.5994322964355945
224.8650711795259269	-38.5647214855875475
224.9451386387668492	-36.4931121281452278
225.0149595007559924	-34.3828288510810509
225.0760433142971522	-32.2446413990985121
225.1296933393654740	-30.0876418103047918
225.1769684667630713	-27.9218127068575761
225.2187449246902702	-25.7574928646376229
225.2557501919737035	-23.6053903536929894
225.2885914671301464	-21.4765059631461739
225.3177777430539948	-19.3820720172810681
225.3437372888064658	-17.3334899600608985
225.3666653634203101	-15.3564723831408454
225.3880609392256815	-13.3516868617399744
225.4061435585304309	-11.5208578396393779
225.4222427617188487	-9.7732622002606746
225.4364421216507424	-8.1302569297023854
225.4489046943376991	-6.6021763734218890
225.4597584336725049	-5.2001736622643229
225.4691085230799672	-3.9351791114069519
225.4770381604880356	-2.8180564343297769
225.4836089184478283	-1.8597750427728454
225.4888589705022355	-1.0718388037408388
225.4927965120060662	-0.4679290663172035
225.4957820608324823	-0.0021506042991361
225.4989051303341512	0.4927312149018204
225.5023256883423528	1.0433910603985577
225.5060794876499983	1.6584228054532566
225.5107426787022291	2.4391287480610648
225.5162627465228127	3.3880533850163923
225.5225906391933677	4.5103335934226072
225.5296672843735450	5.8112993572010634
225.5374267008119773	7.2967684955130068
225.5457982365527130	8.9732033349043299
225.5547084393539308	10.8478198896014497
225.5640826506817120	12.9286701261014763
225.5738463714955628	15.2247094962134444
225.5839264250892029	17.7458568982622857
225.5942519324172792	20.5030514823870753
225.6047551117752050	23.5083091439317151
225.6153719141054523	26.7747806182332546
225.6251526069959255	-55.8571354203162684
225.6256169027055591	-55.8578783685411366
225.6614340943995671	-55.9158953694559031
225.9404952704388450	-56.2883924565043401
226.5984208422355550	-57.6843477174460020
227.5797891932738821	-60.4647181679069519
229.2129149800123855	-65.6648702155996773
229.5273310302723644	-66.5186795029835594
230.3961294413305154	-68.1610175159780880
231.2956051374073922	-69.1711489026146893
232.9115885115244566	-69.8967199491341233
233.8255006136281224	-69.9862248654942221
234.5102743320254035	-69.8756873175300370
236.9212219759977245	-69.5022210893540802
243.4262051363323280	-67.7717400858286965
244.5478076042402051	-67.3831039136623815
247.9529196727255567	-66.4349443880496580
249.5095962280112474	-65.9684112100744642
252.8183406422281791	-64.8222188911669690
257.8794815926557931	-62.5766893218190674
260.1340736431512255	-61.0959659718081269
261.0174921454028549	-60.3034385614688304
262.2408690588139848	-58.8844878328894268
263.0160109512343638	-57.6634161337150957
263.6306087226473664	-56.3775753470398442
264.1212640788548924	-55.0212772359754965
264.5172986410936460	-53.5882095826669058
264.8337088169931235	-52.1049535300258597
265.1266617676357100	-50.3428155315170400
265.3389700727007607	-48.7156226786155315
265.5239171130135105	-46.9521753603591208
265.6786393344211206	-45.1318861895526666
265.8105235452612760	-43.2399588187661195
265.9233661177740942	-41.2866984672532595
266.0205459964711849	-39.2775842172212251
266.1046774001973745	-37.2201958883073303
266.1773388429401166	-35.1374836593522559
266.2464051443905078	-32.8277372321733552
266.3012380853229502	-30.7055963912426755
266.3503587201094547	-28.5364251500885260
266.3936158243291175	-26.3713983021542226
266.4319232470509178	-24.2147360671708967
266.4659011608881656	-22.0782866052764071
266.4960872368506557	-19.9730767837746619
266.5229311057345285	-17.9104727953299516
266.5468121877079284	-15.9019487553517589
266.5680511687811531	-13.9590486060584968
266.5869195038710018	-12.0933256561306859
266.6036469973976750	-10.3162890815653938
266.6184278747376766	-8.6393560577707795
266.6314256085659622	-7.0738133236202039
266.6427766877875456	-5.6307938820132781
266.6525934351631122	-4.3212791308836893
266.6609658772468379	-3.1561462789109354
266.6679624934124035	-2.1463032020720854
266.6736292606588563	-1.3030123231427668
266.6779851590791850	-0.6390584310850639
266.6817821969335682	-0.0487641627854337
266.6820778748796670	-0.0023263212183776
266.6859142470309507	0.6064675801173393
266.6896166009380522	1.2050724447139431
266.6936316951324102	1.8666981569938126
266.6985462800635105	2.6953764321424090
266.7043046151368912	3.6937201531644726
266.7108545190556015	4.8669048852991628
266.7181346817941403	6.2203827164902581
266.7260775802820376	7.7601461130343043
266.7346092997353821	9.4924038696662123
266.7438966725600267	11.4772378958835208
266.7533895659138352	13.6217866361334679
266.7632610772365638	15.9871932519197895
266.7734258335398181	18.5808491983449109
266.7838145440563835	21.4141883916551521
266.7943604813939942	24.4995624824952998
266.8050008641229169	27.8504881661873007
266.8113635747267836	-55.8571354203162684
266.8118271927098135	-55.8578855973900872
266.8476186102026873	-55.9165064150299642
267.1265300903413049	-56.2941887999880990
267.7830139897621393	-57.7024212123579900
268.7647449751295881	-60.5118049312740922
270.3600499330406706	-65.6328343947817388
270.6701010641502876	-66.4812965250675916
271.5248484905568489	-68.1299522179287607
272.4101654314204097	-69.1571446150059614
273.9768792316773443	-69.9093077339511524
274.9096957371367580	-70.0139379807176852
275.5484983288423564	-69.9202850657975858
277.8838553802562501	-69.5818931466153856
284.2949249049756304	-67.8784584701733422
285.6000624683968567	-67.4337558808303470
294.9748351445821299	-64.5254030223771338
296.3292243787573739	-64.0012575063750120
301.6989281624339583	-61.0499478297337106
303.2378261077687398	-59.5491632909738371
303.9557951041053911	-58.5947175072170907
304.7421303092700100	-57.2306489196949499
305.2876356113237080	-55.9626572774061586
305.7776384504857106	-54.4683900135934138
306.1343424046649488	-53.0419473006132378
306.4371695564647666	-51.4867396627346849
306.6846154995383245	-49.8682101305297678
306.8914443655920081	-48.1671939413800061
307.0650806940803932	-46.3922115248630860
307.2095380969382745	-44.5769216852441019
307.3450905598618874	-42.5006283901151463
307.4498359419067697	-40.5599175099894182
307.5423041504143384	-38.5241316268088099
307.6221493990752833	-36.4517076899344445
307.6917832063177798	-34.3407642471587664
307.7527080733468097	-32.2021029812307020
307.8062222268069377	-30.0448226350045964
307.8533804818765134	-27.8789151110267639
307.8950558089495075	-25.7147266357986588
307.9319730546883989	-23.5629715801107729
307.9647372764591182	-21.4346558003970458
307.9938557128304524	-19.3410154762083515
308.0197551852014044	-17.2934547071969895
308.0426390181152101	-15.3169182512877082
308.0640107056970010	-13.3110604955740026
308.0820440714463189	-11.4823492536826617
308.0981009987175412	-9.7368373010959957
308.1122614841223708	-8.0961832792315036
308.1246882231800441	-6.5706923158856183
308.1355086251471107	-5.1715162448996654
308.1448273910230000	-3.9095826632827553
308.1527272561760924	-2.7957551340794704
308.1592693191486774	-1.8410087293138653
308.1644912051190772	-1.0568670745621243
308.1684003162903309	-0.4570813952922441
308.1713153311500264	-0.0022271223613270
308.1744411886753028	0.4930413006960658
308.1779847111978370	1.0637271331073817
308.1817710035327877	1.6845319615298082
308.1864668701021515	2.4714163646175207
308.1920179696767832	3.4267054133637131
308.1983748503859601	4.5555427450472923
308.2054781356572448	5.8632726632555565
308.2132616327763799	7.3557345423255693
308.2216545538183254	9.0394170198771331
308.2305833744796359	10.9215658706166323
308.2399734189160654	13.0102655457999674
308.2497502176103126	15.3145063184893022
308.2598406629909391	17.8442440607743116
308.2701739780168282	20.6104569940420710
308.2806825095322552	23.6252022121814633
308.2913023576766705	26.9016738648772389
308.3006712436216503	-55.8571354203162684
308.3011354531926713	-55.8578780887706827
308.3369493872009457	-55.9158786785360817
308.6160006413585393	-56.2882634668526407
309.2739440664542485	-57.6839834583913031
310.2552835737704413	-60.4637739070112303
311.8891017575253386	-65.6654125218622653
312.2035798877275283	-66.5192810614878312
313.0726713464497948	-68.1615966493899492
313.9723662340447845	-69.1713871965309579
315.5892476050441928	-69.8964979410014990
316.5028712687038706	-69.9857590321735046
317.1885173206854915	-69.8748881928944456
319.6009046602235912	-69.5007261897208508
326.1137706991155483	-67.7681299853170316
327.2304707120400167	-67.3813820963812447
330.5790746729880425	-66.4492620297311163
332.0772516115004578	-66.0033009391869285
333.1282434009656868	-65.6556853905087934
335.6678287829059855	-64.7516097317600980
340.3157347049821624	-62.7001857710103820
343.1422806593491259	-60.8463320958496041
343.7302890089690663	-60.2982092813060788
345.0621413328954645	-58.7287632124345436
345.7535885118491592	-57.6097205859308730
346.3825768622945134	-56.2701173676346968
346.8579847396190416	-54.9280296515617863
347.2501955300072041	-53.4819705108795986
347.5624755384777131	-51.9911344460041391
347.8481407168594046	-50.2447449151975718
348.0589330793908402	-48.6060952603484253
348.2416708032129122	-46.8395194627368454
348.3948174330643610	-45.0142417004851723
348.5253733759270744	-43.1182030172712061
348.6371312053624365	-41.1611070446445595
348.7334097641111157	-39.1486381326673154
348.8167880800878606	-37.0883892099774002
348.8888439351692909	-35.0026987798148568
348.9573283918069251	-32.6910348155788739
349.0117134319795582	-30.5677334362184325
349.0604399749005893	-28.3981408851082655
349.1033582244892273	-26.2333313727619881
349.1413709119024702	-24.0775874638133196
349.1750912444678647	-21.9427656614201574
349.2050508765826748	-19.8399081460611129
349.2316945305227591	-17.7803904791956846
349.2553975482136366	-15.7756926429344198
349.2764772077684938	-13.8373606778149210
349.2952020924170711	-11.9769464703002537
349.3117995647530165	-10.2059545459147305
349.3264617515355326	-8.5357946759160424
349.3393502977050957	-6.9777441987704201
349.3506000722587714	-5.5429259688257284
349.3603219265133930	-4.2423126417438830
349.3686045001556408	-3.0867780663006767
349.3755148854267532	-2.0872401928111324
349.3810975229806672	-1.2550035415332133
349.3853693448581339	-0.6030153019640438
349.3891660935419736	-0.0120736304802631
349.3892297117790235	-0.0020761079019363
349.3930658890365066	0.6066972269138786
349.3967682110379656	1.2053065775334297
349.4007836601739996	1.8670022757094398
349.4056985790796830	2.6957528040447563
349.4114572300182999	3.6941723155288195
349.4180074272267689	4.8674364073877125
349.4252878574781107	6.2209973200926063
349.4332309954126004	7.7608477379699448
349.4417652174203681	9.4936601374746949
349.4507973605105917	11.4228006705975798
349.4603703366713603	13.5827731907321407
349.4702311350222885	15.9431040389486718
349.4803915451083753	18.5326856894441541
349.4907768287062027	21.3616670354071019
349.5013205130297251	24.4424594895906040
349.5119597224893937	27.7885532583997872
349.5185148229166430	-55.8571354203162684
349.5189784766001253	-55.8578849756817135
349.5547712486253431	-55.9164552631816747
349.8336922934059885	-56.2937093132503392
350.4902921420869006	-57.7009362018560097
351.4719872792067576	-60.5079305536114660
353.0703597841250030	-65.6354378272399970
353.3807599404829602	-66.4843199398822975
354.2365912809129327	-68.1324096373918451
355.1230478386329423	-69.1582672715018418
356.6935963696620888	-69.9083234894009564
357.6247969590138496	-70.0116507249990860
358.2668246178291724	-69.9168096749491923
360.6078764424332235	-69.5756966292670427
367.0319843574498009	-67.8686435146852460
368.3218392030969994	-67.4282469206134039
377.9563851966383368	-64.4270002451674912
379.2192630110948244	-63.9329053360347501
382.6776153335600839	-62.2229127007978065
383.2250264543145022	-61.8982384106251970
383.6611042192720902	-61.5375574938159247
385.4688905624321364	-59.9128525245647268
386.5087768495473597	-58.6126199080812498
387.2054837894277171	-57.4430135420420171
387.8055062752987396	-56.1124966456819934
388.2660921762307566	-54.7615989600244930
388.7104562463733259	-53.0345447164499149
388.9948321825533526	-51.5857476606741301
389.2497906851297103	-49.9414256832112926
389.4575262558989266	-48.2530969123813662
389.6329975266087331	-46.4802926481950109
389.7812670852286487	-44.6384010796752335
389.9076406683207665	-42.7294420004806454
390.0144658565629356	-40.7871636083830964
390.1157931310673916	-38.5839866749266065
390.1947580727768354	-36.5469179587109920
390.2650298438745722	-34.4312380495492505
390.3262813178355373	-32.2946934260751490
390.3801063496802044	-30.1379129007848299
390.4275271447577325	-27.9722954629361844
390.4694300696518781	-25.8079261593508207
390.5065451811206572	-23.6555330554019712
390.5394825155621561	-21.5260991519062976
390.5687532832574789	-19.4308478295304177
390.5947875875521618	-17.3811732679933506
390.6179483779226871	-15.3885801766263839
390.6385426010931496	-13.4646242735989610
390.6568301275319186	-11.6208556845414037
390.6730309065170559	-9.8687666124646327
390.6873306871451064	-8.2197456891325142
390.6998855518663163	-6.6850429020276367
390.7107848882276926	-5.2809494977521938
390.7204698218229169	-3.9733493533177975
390.7284300153585264	-2.8533210595013392
390.7350470049091768	-1.8893466738550555
390.7403414142825682	-1.0954560334116148
390.7443236220565836	-0.4850860866765266
390.7474208827213147	-0.0020218420345982
390.7505395385904876	0.4926955484948337
390.7526801906748801	0.8356030116428410
390.7563904922118923	1.4396265259725369
390.7607578288282753	2.1652513824297808
390.7660025060035878	3.0585711153153867
390.7720722957880639	4.1235499251710248
390.7789110990353265	5.3654288330434170
390.7864549164157211	6.7898439615904653
390.7946343951244899	8.4030317406724020
390.8033768039881579	10.2119503243652172
390.8126077113024621	12.2243690296853682
390.8222524219527827	14.4489397429595883
390.8322372047709337	16.8952587862217953
390.8424903278682336	19.5739243917978349
390.8529429145490326	22.4965930549586801
390.8635296310865783	25.6760369333270617
390.8741892180247532	29.1262037973846581
390.8767034379132497	-55.8571354203162684
390.8771664057855446	-55.8578806349522310
390.9129333594534046	-55.9161559741977214
391.1917926139921633	-56.2911596942648842
391.8488880784532853	-57.6933647159428062
392.8302152944570480	-60.4882166390248344
394.4436446466636426	-65.6477452534322907
394.7557249004490814	-66.4987098961275223
395.6170990748705663	-68.1445945256814554
396.5089183315196806	-69.1637259904217672
398.0983591290852814	-69.9035802635627590
399.0221513835402334	-70.0007929840620875
399.6806515881325481	-69.8998330706524911
402.0504259277611254	-69.5453480608301504
408.4990978384403206	-67.8308951473810282
409.7300249055472818	-67.4073349838557760
414.4024938219564547	-66.0937362926462555
417.2194009412862101	-65.1579850516405941
418.7393964876943642	-64.5548468903806452
419.0974883610125516	-64.4446360615940819
423.1352007273806635	-62.5206877990752830
424.6445009873773415	-61.5964311517788801
426.1896287672690846	-60.3261982240880457
427.1899971065855652	-59.2193577094332468
428.0859615072041606	-57.9084896965292657
428.7059397913193379	-56.6915165004756787
429.2312991642237421	-55.3317176553793288
429.6445384263191727	-53.9254658965990217
429.9771596561416231	-52.4557886602613053
430.2813720753423468	-50.7268611687376207
430.5034227282060897	-49.1151916782709819
430.6960529059647911	-47.3706238034420366
430.8569836438184666	-45.5673575271862816
430.9939288009940128	-43.6913428460295847
431.1109297441296917	-41.7524943055352011
431.2115553454436849	-39.7561255538622333
431.2985635867475480	-37.7096406479679871
431.3731551270455498	-35.6485629044799595
431.4437453843794401	-33.3724111393458713
431.5005247543779205	-31.2506942699041019
431.5512260530995263	-29.0843181649844986
431.5958585677151973	-26.9187369886449552
431.6353588726800012	-24.7588807034260547
431.6703786453570046	-22.6164190353082297
431.7014797690051751	-20.5023363649516739
431.7291319581458424	-18.4279569198085298
431.7537312578761544	-16.4047297714107572
431.7756122345407448	-14.4441884073522111
431.7950580234144695	-12.5578897814587354
431.8123083458631299	-10.7573596971582166
431.8275659347987130	-9.0540432025677404
431.8410016551216586	-7.4592633766375958
431.8527585268749363	-5.9841934752158075
431.8629547785946556	-4.6398512630598656
431.8716859644887904	-3.4371322034009792
431.8790260295406824	-2.3869159720938340
431.8850268838129978	-1.5003264182786551
431.8897151292071612	-0.7895756253101035
431.8935136597096971	-0.2019301722658705
431.8947839763641241	-0.0029119470084240
431.8986136930611224	0.6047871789122139
431.9023163819235265	1.2034001479550858
431.9063288619160517	1.8645382609749577
431.9112409867593101	2.6927192046780180
431.9169969923074746	3.6905461839821907
431.9235447289685226	4.8631945033237010
431.9308229090935924	6.2161150830021557
431.9387541914344411	7.7534003847629869
431.9474832184475304	9.5262374066193285
431.9565351735753893	11.4611866668107591
431.9660374290171490	13.6069098067923733
431.9759061826276820	15.9706380219766473
431.9860693449701898	18.5627028954924320
431.9964568701471990	21.3943584272923104
432.0070020515121882	24.4779599136210422
432.0176420783514573	27.8270155838008044
432.0240777619397363	-55.8571354203162684
432.0245413936440286	-55.8578882216433144
432.0603333058886051	-55.9167120942886342
432.3392272996184715	-56.2960719513280736
432.9952779740812616	-57.7081910105060629
433.9771845099093639	-60.5268651699541564
435.5607250098630061	-65.6229505784914977
435.8693789352536214	-66.4696102443796093
436.7201115851195254	-68.1206278554168847
437.6010345847654435	-69.1528064064401633
439.1533057219006082	-69.9129872548886766
440.0924650855523623	-70.0227278507091029
440.7195887865541408	-69.9333837652527990
443.0337653735254548	-69.6048270133105689
449.4508433314589411	-67.9005867531009528
450.7895746668232277	-67.4469866885955156
459.8536394338110540	-64.6522872016455494
461.3231466118344883	-64.0913056938306340
466.7242576673356780	-61.2013480855020475
468.3955546508096290	-59.6218158968108298
469.0817134289549699	-58.7318597528296564
469.9057583542163457	-57.3441071205830113
470.4592800569027418	-56.0913984197941744
470.9571754744774239	-54.6136051339684485
471.3221103433474468	-53.1924348000397771
471.6308467729763834	-51.6462180555082142
471.8830483696157216	-50.0355764409833483
472.0936366841518748	-48.3424795367080975
472.2702949504251819	-46.5749933754015046
472.4172788634759854	-44.7651700547928968
472.5537525945078414	-42.7164032569279826
472.6604894500803766	-40.7775318872706691
472.7543950011085485	-38.7480958637432096
472.8354794457614503	-36.6801293594979185
472.9061529607146781	-34.5728821524066348
472.9679615341705130	-32.4368748455068072
473.0222308173950978	-30.2811879499919847
473.0700384447604847	-28.1157586476344825
473.1122755303903773	-25.9508923257335589
473.1496815885162732	-23.7972682339731882
473.1828736024456248	-21.6658640019412694
473.2123685793055188	-19.5678942540153145
473.2386013988971172	-17.5147481574133117
473.2617624824694644	-15.5328979872961046
473.2832047084566511	-13.5387541154717130
473.3015201912117504	-11.6977145324733378
473.3178135569569349	-9.9406952054657154
473.3321918926766330	-8.2869818622610865
473.3448193171992102	-6.7471060654044290
473.3558263423812491	-5.3322215115060327
473.3653203665950855	-4.0532717826063038
473.3733867086132818	-2.9211222401016768
473.3800891026547220	-1.9467186999672450
473.3854681996383533	-1.1414803378044458
473.3895357154569297	-0.5187848966098907
473.3928525927439068	-0.0017406643314811
473.3966302518867337	0.5976655331458954
473.4003348786216065	1.1964885349783612
473.4043365349374994	1.8557037522774402
473.4092386072284171	2.6819655339109589
473.4149852052372580	3.6778327298046771
473.4215242918192530	4.8484773244788792
473.4287946505014588	6.1993427556711316
473.4367288171062569	7.7364102641570147
473.4452552004734684	9.4663391456924639
473.4542998703373655	11.3965669372554377
473.4637880853468914	13.5353867054664505
473.4736456013474708	15.8920119381084870
473.4837997815767494	18.4766352830945166
473.4941805227853138	21.3004850328587381
473.5047210087828375	24.3758818943049107
473.5153583027890818	27.7162977745637846
473.5221382541289472	-55.8571354203162684
473.5226019502295003	-55.8578774536701488
473.5583964656805733	-55.9158603754473660
473.8373809368754905	-56.2882398234232255
474.4952574689651215	-57.6841058049030977
475.4764877939139183	-60.4641076858423858
477.1096589505871748	-65.6646391918701369
477.4240016617404194	-66.5183052107433639
478.2929170787410271	-68.1610331725080414
479.1921942299698571	-69.1710716091340458
480.8079909009402968	-69.8968173158809236
481.7220914629824051	-69.9863688447485686
482.4063945547796948	-69.8759441343454029
484.8171554593776591	-69.5024379828420678
491.3406861080479189	-67.7670794286824076
492.4604589315741237	-67.3796581257172846
495.7958403644918803	-66.4513707548747874
497.2994390110328595	-66.0036915164358646
498.3580058012116751	-65.6539120964597913
500.8549075994288842	-64.7647853206536865
505.5730080875664498	-62.6839337816334350
508.3482868301888402	-60.8590390776731809
508.9553209071800097	-60.2940239486947647
510.2806589131770920	-58.7320830324575027
510.9745865808842495	-57.6095890183716435
511.6029199170516790	-56.2716424064637479
512.0786702904268850	-54.9289995969896623
512.4708897706550488	-53.4832614111057580
512.7831902549922916	-51.9926855867069264
513.0690753048506849	-50.2452650005042116
513.2798429817333954	-48.6069852844046721
513.4626063538962626	-46.8403723123800688
513.6157642848372689	-45.0151581125783551
513.7463313298839012	-43.1191542463005959
513.8580979403283209	-41.1620951041969505
513.9543838496985018	-39.1496576085981260
514.0377683008161966	-37.0894358839173250
514.1098347954438168	-35.0036111340885228
514.1783277118282740	-32.6918021580780049
514.2327146616082700	-30.5685383015673722
514.2814436521073276	-28.3989463368605186
514.3243639055369840	-26.2341384095267784
514.3623783504250468	-24.0783909792330526
514.3961002181670210	-21.9435613594950105
514.4260612008876024	-19.8406915316250831
514.4527060496674267	-17.7811570248482163
514.4764101306133171	-15.7764377905099522
514.4974907420295267	-13.8380798614395015
514.5162164841729009	-11.9776351358275033
514.5328147341255089	-10.2066081690183488
514.5474776311086771	-8.5364087774596111
514.5603668309264549	-6.9783143557592791
514.5716172122158696	-5.5434478177791382
514.5813396350638413	-4.2427818689864107
514.5896227474407851	-3.0871903739271707
514.5965336499003797	-2.0875912150081137
514.6021167923506709	-1.2552886458862371
514.6063891192790152	-0.6032288511786817
514.6101858710339911	-0.0122912419396379
514.6102508640576616	-0.0020777168199613
514.6140870459186090	0.6066958462063223
514.6177893694128898	1.2053049546237606
514.6218048175053354	1.8669999449285313
514.6267197355223288	2.6957496472714002
514.6324783857031662	3.6941682069866122
514.6390285823158592	4.8674312212539537
514.6463090121595769	6.2209909302543052
514.6542521498963652	7.7608400177332495
514.6627863719337483	9.4936509592104272
514.6718184837785657	11.4227832106944476
514.6813915452822812	13.5827733060203997
514.6912523414980569	15.9431023846248721
514.7014127541760899	18.5326833166601475
514.7117980399741555	21.3616637938706084
514.7223417264206091	24.4424553060303751
514.7329809379167500	27.7885480551251902
514.7395360569591958	-55.8571354203162684
514.7399997106493856	-55.8578850328395902
514.7757924823227995	-55.9164597614690351
515.0547131020682627	-56.2937505811798715
515.7113033993363160	-57.7010628553692726
516.6930022540227583	-60.5082608726197435
518.2911152478350232	-65.6352391158118706
518.6014563391112233	-66.4839976243174675
519.4572198852766860	-68.1321959826308898
520.3435533494115361	-69.1581448138562251
521.9137639646219213	-69.9083986864434195
522.8451141778517695	-70.0118424541569908
523.4868129452853509	-69.9171139311770986
525.8273485482985734	-69.5760868399679708
532.2757141431292212	-67.8626855229202590
533.5576089273450862	-67.4247980484091727
539.0066260357064039	-65.8865754545250439
541.4100538654917045	-65.0889128434323538
542.4427442816112261	-64.6592154545282654
544.8725417583267472	-63.6591826320332217
546.8868332504548562	-62.6937937408170143
547.0673853119176329	-62.5445225170565493
549.6433900729908828	-60.8068124019030378
550.3108122605103745	-60.1741436960232079
551.6902135530905298	-58.5075533456202947
552.2589962223999009	-57.5557151011919856
552.9108199777891741	-56.1402467771674125
553.3667741394375525	-54.8208563756234000
553.7471658190589778	-53.3863022227808486
554.0929382095963547	-51.6942646662701648
554.3402618982802323	-50.1356959831645170
554.5550676245567274	-48.4352373352564456
554.7333373732801647	-46.6766431239044195
554.8844689317422763	-44.8416405115731678
555.0130631592890040	-42.9406033268350882
555.1232662602686787	-40.9780119799429770
555.2182440887393113	-38.9608607570900318
555.3003171621800220	-36.9019763418806832
555.3732817564399511	-34.7592236372847196
555.4356488007113057	-32.6322752726973917
555.4906033847390745	-30.4769539872974491
555.5389693908894060	-28.3123275442762612
555.5816929799101445	-26.1471413010727574
555.6195213085670730	-23.9922613821618746
555.6530825406543954	-21.8585943379847372
555.6829021652040410	-19.7573311857048708
555.7094221203776669	-17.6998397102880958
555.7330151716037108	-15.6976089528123453
555.7539964772876147	-13.7621885260330252
555.7726328336188999	-11.9051314683471965
555.7891500857388110	-10.1379410180408502
555.8037390574928622	-8.4720236438693117
555.8165602599833619	-6.9186519095139349
555.8277475578283884	-5.4889432646830763
555.8374108901351747	-4.1938657376678217
555.8456380363109020	-3.0442918907707597
555.8524952264459671	-2.0511469106214069
555.8580259416440867	-1.2257631014979016
555.8622458207162254	-0.5811920027909137
555.8659707306483142	-0.0011216217537469
555.8697316214888815	0.5956141373925030
555.8734364982876741	1.1944464330856777
555.8774345863465669	1.8530332950580175
555.8823331693183718	2.6786430857469687
555.8880680894358193	3.6723980723028200
555.8946681442611180	4.8539098063561132
555.9019399779364221	6.2052160999196726
555.9098773370783420	7.7431104113866818
555.9184065769684366	9.4738822717034381
555.9274538231570659	11.4049850582246979
555.9369443176369714	13.5447128706689348
555.9468038096888449	15.9022813326286396
555.9569596618465539	18.4878856251016579
555.9673417754506772	21.3127570152666976
555.9778833434099852	24.3892196321871495
555.9885214417653287	27.7307492584447566
555.9952566740585098	-55.8571354203162684
555.9957203617437926	-55.8578864309420879
556.0315144194385084	-55.9165676171045050
556.3104295849700520	-56.2947304900932508
556.9667981928905647	-57.7040559735406120
557.9485933660303090	-60.5160686993280308
559.5406091365202883	-65.6301357181260414
559.8502331698477974	-66.4779762406198671
560.7038695366431966	-68.1273250578172167
561.5879401859029940	-69.1558993273344527
563.1505847153655395	-69.9103212579732656
564.0851437192112598	-70.0163636804088156
564.7205355842357903	-69.9239598788697663
567.0498430414083941	-69.5881348823757975
573.4998542142020597	-67.8746996906848921
574.8005355017904776	-67.4316820332485918
584.4854923974388612	-64.4152377153165503
585.7254321491499240	-63.9293285263925952
588.8828929456268497	-62.3786561164333762
589.5112944762300913	-61.9264550677333432
590.5790005965407090	-61.1771118379113332
592.1085888005230800	-59.7229593582141192
593.0193650864615620	-58.5471918381412166
593.7451927188270702	-57.3019439708294556
594.3178646044436846	-55.9969804892851855
594.7721214150111564	-54.6320434954884107
595.2064136840733681	-52.9054734457178242
595.4867487911590160	-51.4467742571223994
595.7374233430120967	-49.7968339628048255
595.9420266621372093	-48.1016106074021081
596.1149172231437205	-46.3226339824580791
596.2611089094153840	-44.4748239776628793
596.3857800418335273	-42.5604496456307970
596.4913459425565634	-40.6111205588021420
596.5915995574281396	-38.3982173731801666
596.6695430853525295	-36.3583911549271761
596.7389682977488974	-34.2396764294306593
596.7994992444664604	-32.1010741238703901
596.8527083972502396	-29.9430879509002743
596.8995994434658314	-27.7771799099807808
596.9410439648839883	-25.6134674861011824
596.9777600925580145	-23.4627080405205959
597.0103481560280443	-21.3359079818514594
597.0393114134682264	-19.2443084810740892
597.0650734059289562	-17.1993159836474021
597.0879916281057831	-15.2124420614334550
597.1083684577220083	-13.2952440900556876
597.1264599062458274	-11.4592689555597769
597.1424826327242954	-9.7160012066248580
597.1566195491941471	-8.0768181652486071
597.1690242567792666	-6.5529560732354231
597.1798185495459848	-5.1562569769115356
597.1894049346378779	-3.8565994612709988
597.1972273062910972	-2.7519261965955550
597.2037138995081023	-1.8040335047688525
597.2088801847878585	-1.0274213794446196
597.2127330491427983	-0.4358272176033742
597.2155100956545084	-0.0023659738047746
597.2186413726635692	0.4937046758180619
597.2222820818363971	1.0802169265254373
597.2260946207503594	1.7056719620020588
597.2308169378211460	2.4975392396664224
597.2363932023687312	3.4579639209503004
597.2427736375113909	4.5920946316685578
597.2498986161986068	5.9052863582380404
597.2577017691619403	7.4033948558425315
597.2661121925711996	9.0929289265863140
597.2750562979674669	10.9811572981837369
597.2844593900016434	13.0761896179729842
597.2942470180872760	15.3870433119101566
597.3043461262798246	17.9237032304004025
597.3146860164418968	20.6971783632925543
597.3251991364699052	23.7195583904986584
597.3358217048870529	27.0040719347929326
597.3448603076413974	-55.8571354203162684
597.3453244488526934	-55.8578839070441120
597.3811357101722024	-55.9163406880132570
597.6601331714772414	-56.2925202402713651
598.3170776417005072	-57.6970982147145435
599.2987696562860265	-60.4979118989903100
600.9053924843457253	-65.6426496987305512
601.2167242302055001	-66.4925887557114805
602.0755132418717039	-68.1390894618480445
602.9651182235859324	-69.1613090003732083
604.5462457395409501	-69.9055654820984387
605.4730613242016943	-70.0054144438175427
606.1243661219185697	-69.9071831266430905
608.4812150367511094	-69.5583812677412823
614.9693923135816931	-67.8339755045787314
616.2045273564366425	-67.4099785716111768
620.6609014707872802	-66.1614416652348041
623.5948614837393507	-65.1892775517780763
625.2657834209056773	-64.5333002646495117
625.2736811729097326	-64.5669673522660901
629.7094246882553534	-62.4812659167589999
631.1766279338039567	-61.5737241393716062
632.7286311321493031	-60.2863387011356551
633.7340028733796089	-59.1637777705804169
634.5901601056608570	-57.8995804894512744
635.2200941191496213	-56.6567618397484765
635.7387162672240493	-55.3051618248558370
636.1511985590235554	-53.8932803570229737
636.4827101770904392	-52.4200722763534088
636.7835355919315816	-50.7020373363575558
637.0054372790704065	-49.0851402387970381
637.1973572475257015	-47.3401948987055405
637.3578407171607978	-45.5353626310581063
637.4943962643671966	-43.6581915010201200
637.6110822474314546	-41.7182214250228469
637.7114462105797656	-39.7208714736317532
637.7982363440748941	-37.6735387520348439
637.8726384939277523	-35.6120048986663136
637.9430074500415913	-33.3372629956123490
637.9996741645335305	-31.2148401230577974
638.0502669347746405	-29.0483485167734656
638.0948075696162505	-26.8827553174265041
638.1342279108959019	-24.7230786705636056
638.1691779298122356	-22.5809800368204705
638.2002178236864438	-20.4674495388968118
638.2278159598672573	-18.3938138924233101
638.2523672632893295	-16.3715239735461644
638.2742053665758704	-14.4121140596530477
638.2936126199538194	-12.5271409692471707
638.3108280789947457	-10.7281295074970942
638.3260539061806185	-9.0265229700306513
638.3394604715767855	-7.4336421015673819
638.3511903589975418	-5.9606575241361792
638.3613614037708430	-4.6185845494892845
638.3700687938663805	-3.4183172374649509
638.3773861150435778	-2.3707366199956890
638.3833648928984985	-1.4869744496903385
638.3880312482683621	-0.7792775448537774
638.3918296539408175	-0.1914521395321589
638.3930329865265776	-0.0028955456273726
638.3968635336475472	0.6049405595117332
638.4005661801373890	1.2035528575123957
638.4045788918002700	1.8647364852585488
638.4094912338709946	2.6929642628938515
638.4152474445030521	3.6908402935293521
638.4217953712397957	4.8635399083514557
638.4290737244075444	6.2165141353671203
638.4370107045702980	7.7549256503005433
638.4457440114207429	9.5287404735379901
638.4547964197159899	11.4639342748650837
638.4642992074915355	13.6099520015038085
638.4741683862743002	15.9739865564413961
638.4843318790655076	18.5663730140031831
638.4947196433066665	21.3983666641047172
638.5052649771656661	24.4823243105233139
638.5159050754069767	27.8317557678017629
638.5223260189859502	-55.8571354203162684
638.5227896479258334	-55.8578877529307434
638.5585814605443602	-55.9166753760308097
638.8374785313316124	-56.2957358612923073
639.4936064205332968	-57.7071618046461907
640.4754812765190763	-60.5241775164936300
642.0611154957928193	-65.6247498200018526
642.3699613283745293	-66.4715610401491119
643.2214431249802828	-68.1222632569873667
644.1030962716929480	-69.1535227918275126
645.6578843977091537	-69.9123225094133716
646.5959249857248778	-70.0211552722551431
647.2249453502162169	-69.9310927628825993
649.5427522928006283	-69.6005184607882086
656.0109555721853667	-67.8827359017694363
657.3241693380357447	-67.4365436310672521
666.9863162621107904	-64.4308961517076568
668.2289113710473885	-63.9446926099593469
671.3559396919993105	-62.4157179343305941
671.9976781465535396	-61.9584269683062558
673.0831884075563494	-61.2014303812565927
674.6178353384112825	-59.7522087855301791
675.5366915877937117	-58.5744377966697201
676.2654976928629367	-57.3325349956009021
676.8416336721778634	-56.0285098399333421
677.2975771992747696	-54.6672339758519641
677.7338952712113951	-52.9440835847723932
678.0156747664906334	-51.4871913353579487
678.2675508289972868	-49.8393520632433322
678.4730886848954015	-48.1461350121778580
678.6467358887821320	-46.3690637559580239
678.7935396806117296	-44.5230418169684654
678.9187119241269102	-42.6103065182080343
679.0246063068019566	-40.6638581244930464
679.1251029842499065	-38.4557968467158773
679.2033756234742441	-36.4164764255802140
679.2730590431090150	-34.2987842755911387
679.3338121132202332	-32.1608213959404736
679.3872108344569369	-30.0032218318762567
679.4342650270297099	-27.8374128944641583
679.4758507498124800	-25.6735048329521049
679.5126898055524407	-23.5222457962864198
679.5453855051197252	-21.3946352032068283
679.5744435507602930	-19.3019088767944034
679.6002895008658697	-17.2554696064044322
679.6232825274993274	-15.2668269566602710
679.6437264137929333	-13.3475378877575412
679.6618783586227437	-11.5091503684176075
679.6779560338164856	-9.7631513791774189
679.6921432250937869	-8.1209217865964742
679.7045942981499138	-6.5937021079968083
679.7154148742811230	-5.1955053604343018
679.7250344910968352	-3.8930381438161583
679.7328998944281011	-2.7835614998648270
679.7394273664366438	-1.8306151746817354
679.7446338397221552	-1.0485726464227096
679.7485273258744201	-0.4510727435009563
679.7514033843945072	-0.0022679106899118
679.7545309212491702	0.4932338461256371
679.7581129566693789	1.0701770558756991
679.7619096623546966	1.6928111905908569
679.7666160588219100	2.4816579645348131
679.7721772146451258	3.4389712068797027
679.7785435451286276	4.5698958944992372
679.7856555698450620	5.8797798715565799
679.7934470212514952	7.3744682776454935
679.8018470606498340	9.0604570104387943
679.8107821337048335	10.9450002265017456
679.8201775526171105	13.0361916804778595
679.8299588516218819	15.3430317680408521
679.8400529403822929	17.8754872582730187
679.8503890704374726	20.6445480334014420
679.8608996265090809	23.6622836234614979
679.8715207539648873	26.9419014149089513
679.8807599241712296	-55.8571354203162684
679.8812241067191735	-55.8578841616939172
679.9170369301270966	-55.9163581475943019
680.1960382663860400	-56.2926687265781354
680.8529541634906082	-57.6975383642009660
681.8346680671093054	-60.4990579597684714
683.4404171189459021	-65.6419614238406126
683.7516148554626625	-66.4916712412866389
684.6101126033616993	-68.1383764434937689
685.4993727513003705	-69.1609589238798037
687.0793871231726371	-69.9058315512523052
688.0066480142223782	-70.0060427036992365
688.6569249039674787	-69.9081820783412837
691.0120644578294105	-69.5599820228150350
697.5294234953373689	-67.8279677245287900
698.7574615329759808	-67.4066243967282475
702.9684227579956541	-66.2300690708814130
706.0636956558857946	-65.2073282588360144
707.9126028769672985	-64.4875995645220144
708.2538602431557138	-64.3904577682541941
712.4596969847901846	-62.3458026531726262
713.7568757069185494	-61.5285238472147284
715.3690116193861286	-60.1685390866791678
716.7528570709304176	-58.4992542731644036
717.3204971659657758	-57.5501214424845102
717.9727118763470344	-56.1349334696089031
718.4286399233222937	-54.8163742360537825
718.8085315029065896	-53.3842937826367887
719.1566003120896085	-51.6803673970937538
719.4030526599354971	-50.1255251144990908
719.6178031674822932	-48.4239702487776285
719.7958911029277260	-46.6655323657398782
719.9469036239515844	-44.8303474834697013
720.0753950218538648	-42.9292057400090883
720.1855144680167768	-40.9665011958624703
720.2804226931752964	-38.9492574496022002
720.3622896528444244	-36.8939517712633176
720.4355398929191097	-34.7410967289987056
720.4977918537329060	-32.6158427410173957
720.5527023772922348	-30.4602192586953358
720.6010228143444465	-28.2956935732101655
720.6437081167713359	-26.1306249113869455
720.6815030505711093	-23.9759429314076513
720.7150351251577831	-21.8425478792451706
720.7448291274523626	-19.7416339753308847
720.7713264380552118	-17.6845702613614435
720.7948993574719907	-15.6828466925601049
720.8158626558478090	-13.7480132775571189
720.8344828022420643	-11.8916229922094701
720.8509853636802518	-10.1251785961605236
720.8655609250038196	-8.4600857275069448
720.8783697891476550	-6.9076158628532376
720.8895456361670995	-5.4788852606104195
720.8991982373702285	-4.1848609121981211
720.9074152136996645	-3.0364149729224201
720.9142626361075372	-2.0444738187484690
720.9197838079685425	-1.2203747945194794
720.9239941270722056	-0.5771887915633437
720.9276929130239751	-0.0011650588999759
720.9314549685566362	0.5957405667473843
720.9351598589744299	1.1945617467769274
720.9391581829852385	1.8531733991085686
720.9440569909592114	2.6788044802978290
720.9497903301720498	3.6722675546428700
720.9564001336832462	4.8555236144138654
720.9636726266116966	6.2069898629539830
720.9716108538329991	7.7451031060251525
720.9801408576204267	9.4760972553104761
720.9891887735307137	11.4074289981023362
720.9986798431634725	13.5473934943753260
721.0085398174367128	15.9052075965543374
721.0186960617510294	18.4910677662570109
721.0290784813344089	21.3162066056507093
721.0396202737849762	24.3929496327279551
721.0502585204359320	27.7347740749297991
721.0569812826629459	-55.8571354203162684
721.0574449681107581	-55.8578883213412851
721.0932389208840050	-55.9167165391956473
721.3721397811593761	-56.2960974103830054
722.0281922670623089	-57.7082481555735782
723.0101126950547723	-60.5270132319540011
724.5935778895346857	-65.6229804424453960
724.9021286449577701	-66.4693405835402302
725.7529106396671068	-68.1205519631868555
726.6337312424956281	-69.1526922646581994
728.1858871878636137	-69.9129738916720811
729.1251191497210584	-70.0227659339458057
729.7520335217220691	-69.9334748759609255
732.0659937895654821	-69.6044518750717600
738.5743138516996851	-67.8762947900723930
739.8780964628887205	-67.4332361500748618
745.1006394304959031	-65.9657377116766668
747.5658959107589681	-65.1478661378154413
748.7250307827437155	-64.6741862099231639
750.3566107040004454	-64.0291743523582397
751.2734928175622144	-63.6243476072531990
753.7809836496898015	-62.3767702433546773
753.9773004551434497	-62.2061259012924026
756.5611894889498217	-60.2718335240656486
757.9494557764052161	-58.6391844724784193
758.5391905751728245	-57.6810276322914177
759.2048069461095565	-56.2755620807171084
759.6710130429700030	-54.9628679408062411
760.0635741359033091	-53.5212789646460507
760.4055016105796767	-51.8930605316460856
760.6613188122296378	-50.3272412189895988
760.8801419845693772	-48.6406246834245266
761.0622153913319607	-46.8897728482565057
761.2163044277677955	-45.0634212445962845
761.3473365064070322	-43.1700397711196899
761.4595424903952789	-41.2144242967315435
761.5556671026070035	-39.2139056946392586
761.6469071564465594	-36.9550025774488091
761.7176760253744305	-34.8904337234166988
761.7809257612897227	-32.7516604091548587
761.8362208203438968	-30.5995077424517596
761.8849388434845196	-28.4349001301270015
761.9279585194710762	-26.2695301829551298
761.9660453451134572	-24.1137869405207361
761.9998324764627569	-21.9786313941232940
762.0298507783243167	-19.8752347478062070
762.0565464596281799	-17.8149588304963409
762.0802958503653599	-15.8092884670635758
762.1014170883551060	-13.8697723279690166
762.1201794823684850	-12.0079654604154857
762.1368110155891600	-10.2353758473729108
762.1515043508633198	-8.5634170330857877
762.1644216023970557	-7.0033703226360684
762.1756980572558859	-5.5663624590784462
762.1854449486252179	-4.2633693753144213
762.1937512783757711	-3.1052665444369163
762.2006845037101357	-2.1029697249098418
762.2062894732511040	-1.2677723703428327
762.2106027190070563	-0.6096780880464415
762.2144040768966988	-0.0181651387521415
762.2145061894393621	-0.0021205652151912
762.2183430043486396	0.6067251225526622
762.2220458377516934	1.2053877310684575
762.2260619710857554	1.8671626959393353
762.2309777502725865	2.6960153633338981
762.2367374075647604	3.6945565376368061
762.2432887280996283	4.8679586160717090
762.2505703679605631	6.2216703696194919
762.2585147714843288	7.7616809542874377
762.2670502864826858	9.4946593990921784
762.2761029480792558	11.4280543733052333
762.2855980033870082	13.5701712531541503
762.2954612167562800	15.9302369033048628
762.3056199770877583	18.5184583712369673
762.3160042211748078	21.3460793665463058
762.3265471845824095	24.4254370507115866
762.3371859914697097	27.7700208590657986
762.3437988475778866	-55.8571354203162684
762.3442625124138203	-55.8578864723402617
762.3800557152873125	-55.9165722638754730
762.6589675316203056	-56.2947796861025438
763.3153216929512155	-57.7042153199780330
764.2971167792006781	-60.5164851171971634
765.8887906816447639	-65.6299092120029286
766.1982660175999627	-66.4773788770951910
767.0518742935030332	-68.1270307947301319
767.9357124397398593	-69.1556699766222636
769.4978780280943056	-69.9104043660428687
770.4326821501858831	-70.0166237196515056
771.0675220057298702	-69.9243900812711416
773.3960838722643985	-69.5883120157861867
779.9416348017294922	-67.8498300602713158
781.2088873325773193	-67.4176367377629333
785.6673713076784225	-66.1719592415311979
788.5423855332787753	-65.2201908696755623
790.2081741537504058	-64.5679934242663620
790.2127136324761523	-64.6027199744315794
794.6811879989601266	-62.5162784716294340
796.1483110043657234	-61.6174797395819027
797.7264819739694985	-60.3208418648527882
798.7464292530095236	-59.1929692377025560
799.5923476841514912	-57.9558971290245779
800.2345149196340799	-56.7034768997347314
800.7554416645216406	-55.3596678344455171
801.1718353875498906	-53.9488430489411641
801.5070799035930804	-52.4734984067444969
801.8067213976615903	-50.7791541297757050
802.0313121879078153	-49.1598619252690696
802.2245568643410252	-47.4198458017742155
802.3862793100075805	-45.6178525252987512
802.5238094422217046	-43.7437552417298434
802.6413019927886126	-41.8064820339149534
802.7423324504666198	-39.8115439670804889
802.8296787433253030	-37.7662770632244715
802.9045103946093604	-35.7072628444277242
802.9749223382708578	-33.4472674238583423
803.0320265651976115	-31.3235418097532623
803.0829354158469187	-29.1578820903298315
803.1277566152701866	-26.9921918138157615
803.1674193219643030	-24.8319355408308553
803.2025809512479100	-22.6886923648019057
803.2338065386520611	-20.5734500807503089
803.2615685793477951	-18.4975256681093931
803.2862653976053480	-16.4723646805886688
803.3082334628961689	-14.5094988803169169
803.3277575097857834	-12.6204854322856050
803.3450786156294043	-10.8168521215738647
803.3604006746870709	-9.1100475326390704
803.3738955588559065	-7.5113994876404515
803.3857071753976697	-6.0320866267171258
803.3959545519347785	-4.6831317796498606
803.4047339860876491	-3.4754334233763111
803.4121201506843590	-2.4198687978503113
803.4181657323965737	-1.5275463658767952
803.4228982995723527	-0.8106091721409586
803.4266970493682720	-0.2233246215055721
803.4281042493576024	-0.0029346116842078
803.4319320552291401	0.6044628180315073
803.4356347971021250	1.2030833461308459
803.4396467552777494	1.8641331715095415
803.4445583876276942	2.6922259325818900
803.4503139253876043	3.6899629410172223
803.4568612249654507	4.8625194478328400
803.4641390028698424	6.2153461364993419
803.4720529772176860	7.7492644191335165
803.4807544011927121	9.5161530382131563
803.4898049313418369	11.4502514921379657
803.4993049344781184	13.5948196131852974
803.5091718945780030	15.9573551176113551
803.5193336443603584	18.5481694254671581
803.5297201257386632	21.3785116898379997
803.5402646123708337	24.4607311278674118
803.5509042713205190	27.8083296251653849
803.5573979957664505	-55.8571354203162684
803.5578616382418886	-55.8578877912777330
803.5936539628794435	-55.9166775448754265
803.8725526402579362	-56.2957518931240983
804.5286787379785665	-57.7072057491123189
805.5105579363862489	-60.5242919563021715
807.0961128134543969	-65.6247743553306293
807.4048240126699056	-66.4711986921342657
808.2563805387025013	-68.1221754049850574
809.1378918422648212	-69.1533751586026142
810.6925310874072466	-69.9123102075104015
811.6306761911381500	-70.0212086312544386
812.2594063961281563	-69.9312172837904882
814.5769432051353078	-69.6000340363766554
821.1629219106616802	-67.8513588066838480
822.4331737384842427	-67.4190790619027780
826.6921070228042936	-66.2329576763658565
829.6773237927309310	-65.2474773092068858
831.4867713075609572	-64.5450873843110173
831.7860079455499545	-64.4647839680086747
836.0472566621223223	-62.4257420253730402
837.3852708612926108	-61.5973357451623258
839.0090798374816359	-60.2503055865338197
840.4245398933428532	-58.5765493600896718
840.9959238053787658	-57.6392061312920632
841.6606638605196622	-56.2245117700377293
842.1224854792191081	-54.9131970726826140
842.5089254156666811	-53.4822195789234414
842.8582363780127480	-51.8026884778376413
843.1091330385379479	-50.2482839000113799
843.3266129899027419	-48.5540356877174375
843.5070542253773738	-46.8008433504894583
843.6599383047380343	-44.9710146077236246
843.7899641861026794	-43.0747158576247386
843.9013462021066516	-41.1163989712273050
843.9973027144549178	-39.1030002700420951
844.0806137152970905	-37.0370363081349083
844.1533996610021404	-34.9228874775022717
844.2165383802232554	-32.7934699831286451
844.2720123654770532	-30.6402375635672435
844.3208445234889723	-28.4760554198065421
844.3639682168425225	-26.3106450791540603
844.4021447047740594	-24.1546924112065327
844.4360102873575897	-22.0191067769298705
844.4660975394027673	-19.9150605500667552
844.4928541834029829	-17.8539109998469563
844.5166577911483046	-15.8471406455697679
844.5378275390454519	-13.9062969742934701
844.5566336103123604	-12.0429350144821825
844.5733047313227644	-10.2685637668603640
844.5880342033854049	-8.5945986715225580
844.6009846965702081	-7.0323235649660756
844.6122919904707942	-5.5928679680064901
844.6220677655757072	-4.2872101738499744
844.6304014453077116	-3.1262263795149923
844.6373609085247836	-2.1208289671144804
844.6429914710225830	-1.2822982274753520
844.6473112385016293	-0.6234876577479445
844.6511081265155099	-0.0329237089845577
844.6513035520350741	-0.0022234975962965
844.6551399000945821	0.6065652069637417
844.6588422169028263	1.2051627993092326
844.6628574237245175	1.8668061824582800
844.6677672534503927	2.6946842249979892
844.6735952802661131	3.7052116390804919
844.6801522797148891	4.8800177131554774
844.6874407349610010	6.2354965432090959
844.6953912369702948	7.7773244696543555
844.7039321602202335	9.5121880671476227
844.7129895206014680	11.4475430501547883
844.7224885620961459	13.5917029791978816
844.7323550576404614	15.9539034963203310
844.7425164147425676	18.5443610078425039
844.7529025971156216	21.3743291572774972
844.7634468739449858	24.4561556278374646
844.7740864081996506	27.8033409891291505
844.7805956628180866	-55.8571354203162684
844.7810593083208914	-55.8578881852274733
844.8168517538090327	-55.9167083201013355
845.0957480897950518	-56.2960334316799020
845.7518097568556641	-57.7080673070852797
846.7337158866313302	-60.5265418206802934
848.3175194562122670	-65.6233497405960406
848.6259519588119247	-66.4692947143663417
849.4769773586866677	-68.1207821344528384
850.3577698253004655	-69.1526630176589236
851.9102503140924227	-69.9128332684202149
852.8493933778543123	-70.0225217595052527
853.4763315740129883	-69.9331727196640855
855.7907062612907794	-69.6030309591572234
862.4471543659520876	-67.8359779876465723
863.6972860539950716	-67.4111824438966778
867.4628115785587852	-66.3682040157500808
869.7366558870550080	-65.6517532047748915
872.3797264001367466	-64.7226902001094828
876.4278889831066408	-62.9404362960969053
879.7738025436708540	-60.8466511611234679
880.2262092801746576	-60.4285250064807826
881.7288731865185127	-58.6995616090396481
882.3036412835513147	-57.7803950384724558
882.9885313961739257	-56.3621818066633722
883.4588536116551722	-55.0616604430248415
883.8618927897553021	-53.6088307284074972
884.1877782686675573	-52.0864817647084095
884.4589821668378136	-50.4657937752451389
884.6790431773215460	-48.8025009802373333
884.8645404106382557	-47.0533454002347824
885.0208862140942756	-45.2341111900052937
885.1538597982962528	-43.3461343036834421
885.2676429891885164	-41.3957691310272793
885.3655947990939694	-39.3893372244191085
885.4503725389597548	-37.3341884572751255
885.5230861561196889	-35.2668728363410153
885.5915763041562059	-32.9994746690441687
885.6471473671873582	-30.8715831723212908
885.6967198785664550	-28.7039555437412055
885.7403918064854906	-26.5384347320294474
885.7790563445594216	-24.3806357859173168
885.8133466492439538	-22.2421778749919170
885.8438071661198592	-20.1340997227318468
885.8708935748780959	-18.0677517489668702
885.8949902557624227	-16.0546011589870297
885.9164220444646389	-14.1061889875914233
885.9354638897253835	-12.2340699905476562
885.9523485647383723	-10.4497587271278309
885.9672728441350955	-8.7646811458018465
885.9804024183150659	-7.1901352652791344
885.9918757387763435	-5.7372664279864836
886.0018069071581976	-4.4170669452167965
886.0102876211205967	-3.2404189528502165
886.0173880224554068	-2.2182201058878319
886.0231559121323244	-1.3616865365097834
886.0276126599075042	-0.6834185102459399
886.0314100059881639	-0.0939019903554972
886.0319918946590860	-0.0025759467162622
886.0358274742317235	0.6061053866190436
886.0395298118656910	1.2047197315465177
886.0435442778214110	1.8662538007639977
886.0484582648614378	2.6948434658821312
886.0542160281707993	3.6930995869717460
886.0607653933244592	4.8661976876215807
886.0680450550314617	6.2195895966721348
886.0759874934516347	7.7592674116822922
886.0844862530534556	9.4848616980236251
886.0936803923989373	11.4488510261739407
886.1031722437921871	13.5915353771199570
886.1130389696623979	15.9539014557393184
886.1232001678122288	18.5444363577842708
886.1335862301161796	21.3744944090419615
886.1441303966712439	24.4564162646522369
886.1547698291121833	27.8037024185153321
886.1612777637041063	-55.8571354203162684
886.1617414085559403	-55.8578836931966265
886.1975338636133301	-55.9163548593199806
886.4764633040223316	-56.2927906804362834
887.1332747108837111	-57.6981193254805902
888.1148858598063498	-60.5005863393513792
889.7190317808068585	-65.6405637999220630
890.0296833312729632	-66.4890451698420151
890.8879257380497165	-68.1369918523193832
891.7761317757623374	-69.1600051867946348
893.3537566415594711	-69.9063690465353744
894.2821805361476208	-70.0073810374897221
894.9296902438277357	-69.9103973498376376
897.2811856670499537	-69.5621188596631868
904.0731703574945186	-67.7579954500324959
905.2237452309168475	-67.3705282183566538
908.0713056645440702	-66.5811395097825596
909.4823163652361018	-66.1691853678723447
910.4000799518353233	-65.8690378918227282
913.4365418440731901	-64.8000440728370108
918.1458014654992894	-62.7482930832314878
921.0265161784360544	-60.8808247446304094
921.6066630859019142	-60.3449646228614043
922.9829039957430723	-58.7408267912047748
923.6452365603048520	-57.6781382194736665
924.2924296520865255	-56.3174121457767001
924.7681795833458409	-54.9884612150531638
925.1648053658840354	-53.5419151293128124
925.4812306154407224	-52.0467966430773146
925.7641694617304893	-50.3357428629463115
925.9781662209413753	-48.6920413208221561
926.1622644489968934	-46.9316319823032160
926.3167588470370220	-45.1094125272882138
926.4483657755564536	-43.2168463327028860
926.5609976559292136	-41.2627420267009981
926.6579996901092500	-39.2529335752337332
926.7419830362948687	-37.1949368224575423
926.8142701498788938	-35.1187959401903882
926.8829702187156272	-32.8190227666320666
926.9378167998962681	-30.6949766938839126
926.9869001045827872	-28.5260245397725463
927.0301317077737622	-26.3609453558079387
927.0684160753213519	-24.2043340064676151
927.1023739500407146	-22.0679846345532304
927.1325423955795486	-19.9629330079822083
927.1593706771308234	-17.9005450700922921
927.1832378956968341	-15.8922955577810061
927.2044644724534237	-13.9497285998513689
927.2233216390425241	-12.0843974366158147
927.2400390101112180	-10.3078109252503012
927.2548106479852095	-8.6313857107580674
927.2677998833846686	-7.0664078479465440
927.2791430794577536	-5.6240095975892652
927.2889524448102065	-4.3151717219774666
927.2973178985189406	-3.1507712039076594
927.3043078126654564	-2.1417167151552228
927.3099680458382181	-1.2992739022522564
927.3143174213722659	-0.6362399458642437
927.3181144143677557	-0.0458925662144253
927.3183919076619759	-0.0023082656213195
927.3222282686629114	0.6064907161001063
927.3259305994865827	1.2050985198039896
927.3299457129079428	1.8667348105254276
927.3348603140483419	2.6954252003181862
927.3406186627986472	3.6937827130467924
927.3471685774420621	4.8669829244108618
927.3544487476312952	6.2204779396377035
927.3623916500488349	7.7602602475133713
927.3709126306852113	9.4903679794396947
927.3801926451506006	11.4734878885929117
927.3896851131546555	13.6177334302754733
927.3995559781274096	15.9827415885479507
927.4097202381244642	18.5759853415026726
927.4201085760623755	21.4088917507266601
927.4306542591297102	24.4938107410709875
927.4412944982383351	27.8442568460886335
927.4476765142125032	-55.8571354203162684
927.4481401357300001	-55.8578848689170968
927.4839316948048236	-55.9164488561610824
927.7628490940833217	-56.2936597065961593
928.4194559363746748	-57.7007961723073279
929.4011399103304711	-60.5075661656731043
930.9997753668109226	-65.6361160215729171
931.3095010463129029	-66.4829469342395782
932.1660115456833182	-68.1324912856555187
933.0519040759231757	-69.1577045410722491
934.6224487438621509	-69.9080637493606076
935.5538696061419159	-70.0114527540108327
936.1948565336770116	-69.9167833045765974
938.5356145749732377	-69.5717009338728190
939.1582796506245359	-69.4107445188509757
951.1864235154639573	-66.1148729099652002
951.7257929361356901	-65.8442775467864152
952.4337997860611722	-65.6699102339160703
953.1676084396486885	-65.4419324700222376
954.2181886074055228	-64.9800352131471897
955.1528780891241013	-64.6222467583115900
960.3595866321753647	-62.3372532580853402
960.5237677776395913	-62.2019134282594237
963.3007263766251072	-60.0826748507126496
963.7382970513077680	-59.5949199243708208
964.7818311227468939	-58.1326065969354318
965.5712568551293771	-56.5999085755230809
966.0403977533744637	-55.3724672555458994
966.4695020513753434	-53.9139930602364004
966.8042529182010867	-52.4336768297219820
967.0829154476939493	-50.8550500285453708
967.3086100265068126	-49.2337676570149867
967.5191273459981858	-47.3346401738847646
967.6761974846547218	-45.5687413080773283
967.8137595841814118	-43.6820021366486770
967.9305468952884439	-41.7440030473767294
968.0311258775909664	-39.7462660882694507
968.1180711009496918	-37.6991332758935371
968.1936320752043912	-35.6098221058229711
968.2595902901020963	-33.4870125989424068
968.3173984575355462	-31.3398259605406828
968.3682440318393674	-29.1779358123785926
968.4126002058496852	-27.0354998583735693
968.4543127058173013	-24.7614135803152742
968.4890935981272833	-22.6340437313180303
968.5202519487556856	-20.5172590123695535
968.5479234144515885	-18.4424513595308106
968.5725429519553700	-16.4185051406463458
968.5944414197898595	-14.4572524309980803
968.6139027731937858	-12.5702086956552019
968.6311670115451307	-10.7688985481212338
968.6464371394989712	-9.0647631329004206
968.6598842482607097	-7.4691231316976809
968.6716515526463809	-5.9931501946128440
968.6818574519733147	-4.6478610156205127
968.6905976547392356	-3.4441501179027192
968.6979462520718016	-2.3928957023937993
968.7039553042841362	-1.5052182467316562
968.7086515931569011	-0.7933173433620322
968.7124502078356727	-0.2057091769863215
968.7137446477582898	-0.0029169918300390
968.7175741001641427	0.6047596425596093
968.7212768447246845	1.2033997902819447
968.7252893749979421	1.8645656764324634
968.7302015956505556	2.6927864394416270
968.7359577349255915	3.6906642433142349
968.7425056363202884	4.8633735762888612
968.7497840045251678	6.2163644273599230
968.7577253244380699	7.7556266529005242
968.7662579766561066	9.4878295336549439
968.7753080215254613	11.4204215573430048
968.7848007241109372	13.5617074760236971
968.7946618598690520	15.9209130700584343
968.8048188225205877	18.5082438251083374
968.8152015480626460	21.3349413980763387
968.8257432663929194	24.4133403991131317
968.8363810919149728	27.7569272112690477
968.8430342167911249	-55.8571354203162684
968.8434978891172022	-55.8578738570741180
968.8792915691687995	-55.9155786676989095
969.1583006367264943	-56.2856621523767515
969.8167751961018439	-57.6761725052272851
970.7977894584888645	-60.4435024949357711
972.4475220985403894	-65.6798690438408244
972.7616204451625208	-66.5296102565617247
973.6391590458129031	-68.1749818039530595
974.5424944792646329	-69.1754144745860344
976.1801048730819730	-69.8906337105977400
977.0875274403566664	-69.9747003557424563
977.7914214399522734	-69.8563146166438145
980.2363624125473507	-69.4554806920942127
980.2979918550687444	-69.4424912095912390
993.0376695968861895	-65.8606282131793108
995.3380719420416654	-65.0483345438605625
997.1114695060738313	-64.4159760340817797
