0.0000000000000000	0.0000000000000000
0.0000049976728427	0.0020000000000000
0.0002650797314680	0.0531349630278871
0.0005186515172872	0.1069655551005440
0.0007822720528219	0.1649426565797624
0.0010494373103571	0.2257394986513631
0.0013202442409542	0.2894057610868566
0.0015947938374895	0.3559931934885779
0.0018731913627917	0.4255557321065357
0.0021555465943015	0.4981496250677186
0.0024419740863756	0.5738335666761625
0.0027325934520598	0.6526688416512335
0.0030275296658975	0.7347194801519431
0.0033269133898631	0.8200524246167556
0.0036308813243764	0.9087377094642071
0.0039395765869874	1.0008468062739300
0.0042534254107412	1.0964497418233696
0.0045865093525851	1.2001038251401832
0.0049411700955399	1.3128721885528480
0.0053191392787253	1.4356811040307684
0.0057223736153714	1.5695792742390040
0.0061530911491916	1.7157578969678018
0.0066138185993770	1.8755760771097485
0.0071074499733238	2.0505921771003184
0.0076373198310135	2.2426028678305214
0.0082072958216471	2.4536922837434134
0.0088218969028013	2.6862946123092128
0.0094864462896161	2.9432748106942097
0.0101922383688429	3.2221565397996454
0.0109808538306717	3.5403779940032090
0.0118432558122339	3.8956675154117448
0.0127911301140694	4.2942318286858336
0.0138389435567990	4.7437531531227233
0.0150051384252161	5.2539921418594284
0.0163137275431202	5.8376122029273336
0.0177967807946971	6.5114617744416421
0.0194984731965624	7.2986580679690949
0.0214820412388558	8.2321619113892996
0.0238956321505538	9.3865371968995763
0.0269665842839992	10.8766884856096890
0.0331010137523108	13.8871377667716267
0.0365916355827331	15.6044949008886977
0.0393164529183344	16.8982735906022938
0.0418803750333618	18.0822934370113870
0.0445769462133231	19.2704837729917458
0.0466745309435573	20.1562550200891941
0.0486252265798161	20.9379768785432958
0.0504864454509750	21.6424387857595200
0.0523471340487890	22.3045717852742236
0.0540116625434934	22.8550084784403964
0.0564149007960483	23.5971662881593716
0.0584938817656920	24.1878261449720071
0.0607366794217671	24.7697580765086798
0.0631390806628175	25.3333515709613479
0.0656876116478967	25.8682054377208779
0.0685604991880548	26.3887075666005941
0.0721028835539999	26.9634375382939844
0.0744539194388738	27.2886982687537873
0.0782995707440095	27.7528981915222062
0.0819958087352972	28.1352353037431833
0.0867824216546073	28.5557633357855067
0.0923137270096256	28.9504317141818461
0.1001981405052890	29.4214927955430703
0.1068810208984467	29.7267975211632134
0.1143459635279436	29.9831489711037733
0.1250627757377342	30.2742087211273798
0.1466064908169715	30.7657875959274705
0.1570477921977272	30.9436343066974686
0.1655187338210665	31.0916993749470123
0.1768046084737819	31.2797286148850411
0.2480245435786420	32.2212784026181964
0.2566530681719486	32.3048260914952010
0.2635768292007061	32.3016829974319322
0.2725609377159973	32.4786368930756879
0.3021601882323180	32.7898161631642679
0.3116763531303180	32.7955906668558441
0.4178403529826771	33.6386904828941624
0.4953187615542733	34.0966235266454518
0.5132708230395669	34.1390463301550895
0.5225925498461186	34.2738454720143864
0.5305752028127079	34.3166038819818979
0.5404381259307642	34.2667604756315001
0.5470706693328604	34.2815585440230990
0.5560157480615805	34.4074701169585708
0.5782761935176256	34.5073545951945206
0.6024235345536486	34.5640234028312037
0.6265935508015607	34.6436609251427896
0.6265935508015607	34.6404852083055914
0.6296606902070655	34.5352931835795331
0.6332702113379871	34.2389831611499886
0.6352697083089068	34.1486761001618930
0.6396345683249012	34.0150612000543120
0.6461434857563797	33.5579303471104993
0.6488178881120362	33.4408266496887023
0.6524209242158187	33.1388659782967352
0.6552633936320523	33.0836068833623145
0.6582745683751503	32.9170835032007361
0.6621895375423569	32.6112590743538959
0.6653270801828965	32.5026738709355811
0.6683103285803884	32.4403835056162251
0.6722484624463019	32.1455612611008874
0.6740212971252165	32.0760834823902670
0.6795622672579613	31.9913240121335924
0.6813599618254795	31.9151272331671692
0.6872057140493830	31.5866646584906121
0.6904362026157709	31.5220009249988884
0.6943765788404810	31.5006252722836670
0.7021262694749298	31.2867318561752228
0.7060174534182577	31.1152685340648496
0.7087631194195175	31.0604937956705847
0.7143739596924692	31.0595149486024269
0.7160786924734476	31.0207527532734737
0.7250296151167447	30.7310709761698106
0.7322240212893264	30.7251199969647431
0.7353824773385903	30.6146684941871605
0.7623682774877865	30.4313306021210082
0.7656507338370169	30.4592362924561968
0.7741140178678955	30.3639092052532611
0.7773596518863649	30.2626632751210245
0.7794558117516076	30.2455128514288170
0.7794558117516076	30.2455128514288170
0.7976892088320983	30.1868849439521050
0.7998086167419346	30.1897693092504475
0.7998086167419346	30.1897693092504475
0.8041735783978210	30.2107466536896432
0.8041735783978210	30.2379267939004670
0.8103192031464068	30.1900025826781473
0.8147935343681234	30.1005401455491715
0.8172403925686587	30.1071552313892781
0.8172403925686587	30.1071552313892781
0.8232282951014347	30.1403197233509985
0.8232282951014347	30.1674294366314797
0.8284417608633645	30.0813474630386573
0.8325511920637165	30.1080958807522663
0.8325511920637165	30.0749632335863701
0.8401356469267796	30.0918850713595454
0.8401356469267796	30.0918850713595454
0.8440989895594289	30.1098269282513478
0.8440989895594289	30.0766925500379578
0.8482623820623356	30.0900280216450078
0.8482623820623356	30.0900280216450078
0.8520397134438892	30.1085984415521857
0.8520397134438892	30.1356764335508664
0.8572504524628838	30.0677017009216705
0.8572504524628838	30.0406585505058921
0.8696457776786006	30.0649761189846600
0.8753335746370481	30.0128569691020637
0.8753335746370481	30.0158888365385188
0.8847019469110771	30.0565527082541983
0.8847019469110771	30.0835991809615493
0.8887209737176157	30.0230587934578779
0.8887209737176157	29.9960398005194691
0.9153048773495259	30.0740033542887168
0.9180078700157833	30.0289062112411003
0.9180078700157833	30.0018769090099084
0.9239922775543598	30.0321825936395292
0.9239922775543598	29.9991502233549916
0.9260560606024841	30.0173694013047019
0.9260560606024841	30.0774642349409440
0.9288179090847607	30.0644641924736185
0.9288179090847607	30.0644641924736185
0.9352888649599858	30.0045416889571044
0.9352888649599858	29.9775373349590453
0.9403945773859608	30.0193121566774828
0.9403945773859608	29.9862926568299066
0.9458272282843129	30.0142061130035565
0.9458272282843129	30.0742946137302916
0.9491692838800337	30.0447015634361279
0.9491692838800337	30.0447015634361279
0.9531593983194550	30.0065078793539506
0.9531593983194550	29.9795015591654987
0.9591660680014017	30.0179581212699418
0.9591660680014017	29.9849399754577739
0.9637333426903302	30.0025355885682856
0.9637333426903302	30.0025355885682856
0.9680959492082153	30.0373100125688453
0.9680959492082153	30.0643411285087474
0.9742092476871336	30.0415704350427006
0.9798978581508662	30.0072182923820172
0.9798978581508662	29.9802115013411239
0.9846974062129591	30.0124234088772681
0.9846974062129591	30.0394293981732936
0.9919878092714618	29.9836392124403304
0.9919878092714618	29.9566560004793736
0.9974761804554647	30.0129900481652072
0.9974761804554647	30.0399966041005158
1.0074292943509908	29.9410677348114760
1.0097417601623544	29.9844967102459705
1.0097417601623544	30.0114747728433677
1.0170160706699940	29.9778160129394919
1.0170160706699940	29.9508386241780400
1.0204208243506252	30.0445929052958114
1.0224437344921167	30.0478285436241670
1.0224437344921167	30.0478285436241670
1.0255319926167525	30.0056318367686607
1.0277602879380610	29.9615745464229803
1.0277602879380610	29.9346133991280468
1.0316340934270527	30.0132027708667728
1.0468344688887783	29.9702376341527561
1.0502783774244422	30.0217473086343105
1.0502783774244422	30.0487661193977047
1.0594610762792034	29.9694265696308335
1.0594610762792034	29.9424540797332170
1.0664103646992780	30.0088261181144524
1.0664103646992780	30.0358320076873291
1.0725757119081798	29.9713028306507532
1.0760256171687665	30.0054309267070032
1.0760256171687665	30.0324327744329409
1.0819069840147100	29.9908541715661805
1.0819069840147100	29.9638608994301450
1.0884249590695305	30.0134089203568131
1.0884249590695305	30.0404187460764014
1.0936870441315265	29.9550215149890349
1.0936870441315265	29.9280640755095817
1.0971910215151282	29.9870579984273498
1.1001796669633066	30.0293079491767152
1.1001796669633066	30.0413004572744704
1.1083224347777043	29.9714794464267804
1.1083224347777043	29.9445055490158865
1.1148852538592660	30.0135679174410264
1.1148852538592660	30.0405810399075612
1.1227225209876013	29.9738611244413846
1.1227225209876013	29.9468817138718464
1.1294937328662931	30.0105447783409041
1.1294937328662931	29.9775397830076606
1.1324544792935785	29.9785718314788419
1.1324544792935785	29.9785718314788419
1.1357119692885314	30.0058586078321561
1.1382393233983512	30.0659263558946996
1.1407464361302582	30.0568222231703466
1.1407464361302582	30.0568222231703466
1.1473681790307348	29.9933922516650782
1.1473681790307348	29.9663967165965630
1.1552337718751922	30.0312356783041174
1.1552337718751922	30.0582642750321405
1.1646563214534955	29.9854554704489260
1.1646563214534955	30.0184435648696564
1.1723090998823562	30.0062748330158477
1.1723090998823562	30.0062748330158477
1.1813680811237943	29.9933263113657347
1.1813680811237943	30.0263222766273827
1.1837082864033659	30.0182197973341331
1.1837082864033659	30.0182197973341331
1.1871061842137980	29.9707974134264390
1.1871061842137980	29.9438232556846700
1.1913608878576154	30.0448057993341813
1.1936635568243554	30.0381841065197648
1.1936635568243554	30.0381841065197648
1.2006989248892419	29.9882423742386131
1.2006989248892419	29.9612519486398412
1.2046124417562016	30.0289851005523012
1.2143463524283613	29.9908572398261875
1.2143463524283613	29.9638641993618258
1.2193519849468335	30.0663208793145351
1.2208519201335797	30.0509197593167343
1.2208519201335797	30.0509197593167343
1.2255189692487285	29.9740469719295994
1.2255189692487285	29.9470707417331354
1.2386316364649783	30.0427541762126324
1.2416441338368476	30.0046906297346858
1.2416441338368476	29.9776806461791274
1.2483518724440563	30.0292086624942129
1.2483518724440563	30.0562341015544199
1.2539291374207915	29.9958106966057194
1.2539291374207915	29.9688126539737354
1.2560079107431552	29.9841687297482302
1.2590959139236286	29.9861006026776806
1.2636037997848504	30.0247527488161161
1.2636037997848504	30.0517746205372411
1.2700812859289627	29.9674489194605371
1.2700812859289627	29.9404806436525561
1.2789944871071222	30.0087683608931002
1.2789944871071222	29.9757604194207268
1.2830616758689619	30.0008103623460336
1.2830616758689619	30.0008103623460336
1.2870949929578990	30.0330292943652708
1.2870949929578990	30.0600571461975825
1.2967917754269003	29.9954145463717765
1.2967917754269003	30.0284151383802005
1.2993962083182669	30.0128453515004843
1.2993962083182669	30.0128453515004843
1.3044358747004936	29.9485543274589716
1.3044358747004936	29.9216049462429936
1.3096839751207086	30.0389464921504015
1.3120636692136014	30.0251104260054156
1.3120636692136014	30.0251104260054156
1.3160624523689086	29.9964146726628300
1.3160624523689086	30.0294162647975469
1.3205031411058346	30.0108825452001611
1.3205031411058346	30.0108825452001611
1.3249933533567242	29.9601338584576027
1.3294530671261962	30.0040424154449781
1.3294530671261962	30.0310412803983695
1.3355340659233381	29.9872451763400676
1.3355340659233381	29.9602571042752075
1.3410646226312402	30.0169806427113031
1.3434697406531555	30.0086510689356167
1.3559716714595040	29.9854984148248782
1.3559716714595040	29.9899673456878162
1.3610216684336025	30.0192066209657398
1.3610216684336025	29.9861913886343459
1.3651509995791111	30.0096581161455482
1.3651509995791111	30.0096581161455482
1.3689423124324793	30.0378953587683242
1.3689423124324793	30.0649312303671898
1.3744543678399008	29.9814397280407157
1.3786626858696738	30.0127286906290216
1.3786626858696738	29.9797199362279621
1.4005570846646427	30.0478698872796990
1.4047603040586216	29.9999141567883498
1.4047603040586216	29.9729122146251825
1.4109296643627507	30.0118645628130771
1.4109296643627507	29.9788554070288029
1.4135500064309927	29.9792281323606851
1.4135500064309927	29.9792281323606851
1.4196725968597741	30.0219432250026905
1.4196725968597741	30.0489612435669819
1.4257362317433442	29.9699110294588813
1.4293688980526740	30.0030773762140370
1.4293688980526740	30.0300765289295413
1.4354746793637692	29.9842490150093859
1.4354746793637692	29.9572626888076137
1.4420250831894617	30.0074884194017670
1.4420250831894617	30.0344919831604571
1.4474824363247898	30.0020646898712542
1.4474824363247898	29.9750605479946195
1.4506336855153907	30.0047857560665072
1.4506336855153907	29.9717830474972047
1.4537372405210882	29.9892785251520877
1.4537372405210882	29.9892785251520877
1.4563065832532291	30.0240797593512134
1.4563065832532291	30.0510999144498534
1.4723174916567254	29.9864895892900840
1.4723174916567254	29.9595010225140292
1.4820182237230399	30.0135063801655555
1.4820182237230399	30.0405179385453636
1.4906074568952123	29.9841397563837333
1.4906074568952123	30.0171258441404731
1.5008210381811293	29.9335161351977668
1.5035800757651374	29.9642324774664139
1.5068720694210638	30.0100618447288774
1.5068720694210638	30.0370699585732517
1.5139549721638395	29.9663010207955089
1.5139549721638395	29.9393306698769663
1.5221808322947326	29.9973120622637701
1.5221808322947326	29.9643188000992531
1.5253471977690161	29.9625186191606225
1.5253471977690161	29.9625186191606225
1.5465912545817775	30.0208533322830071
1.5465912545817775	29.9878362270888132
1.5495644859873499	29.9822451274129875
1.5495644859873499	29.9822451274129875
1.5749647464237808	30.0337511941203097
1.5749647464237808	30.0607807183502160
1.5847351750949268	30.0078583636411977
1.5847351750949268	30.0408723000766678
1.5879855345710487	30.0127602279264636
1.5879855345710487	29.9527946730255081
1.5907712039352673	29.9626092653428096
1.5907712039352673	29.9626092653428096
1.5971161461911194	30.0083210047759366
1.5971161461911194	29.9753164228446245
1.6004181892196647	29.9899609339846442
1.6004181892196647	29.9899609339846442
1.6053414276622016	30.0316615791949602
1.6053414276622016	30.0586909813272491
1.6123703482109417	29.9635420546381681
1.6123703482109417	29.9365747735100634
1.6271889010946761	30.0227305239923155
1.6271889010946761	29.9897115325417865
1.6300289044066969	29.9903324409977721
1.6300289044066969	29.9903324409977721
1.6346079724254594	30.0541612846253656
1.6421597458885289	30.0061422512815739
1.6421597458885289	29.9791323699568260
1.6510085910441441	30.0142466634383425
1.6510085910441441	29.9812361558483715
1.6533686452133871	30.0079522658681164
1.6533686452133871	30.0680282463803614
1.6552783367700235	30.0519522439010736
1.6552783367700235	30.0519522439010736
1.6589175280416997	29.9949328225159206
1.6589175280416997	29.9679341506199357
1.6682669093416886	30.0409898089849570
1.6706663159753652	30.0045156662072401
1.6706663159753652	29.9775079439560912
1.6802255958781096	30.0290260552600401
1.6802255958781096	30.0560513290178122
1.6841031800925521	29.9622040260967353
1.6863571877125618	29.9553448905474689
1.6863571877125618	29.9553448905474689
1.6903531699783061	29.9783370259004549
1.6903531699783061	29.9783370259004549
1.6941236622757851	30.0187446023554614
1.6941236622757851	30.0490654550188623
1.6976819777503640	30.0065728299743562
1.6976819777503640	29.9762614534406069
1.7024785329321224	30.0152634628252777
1.7024785329321224	30.0422749739906152
1.7073111732843584	30.0002997559253330
1.7073111732843584	29.9732972069638031
1.7118371672541537	30.0396894549602536
1.7158143104225316	29.9810848184869485
1.7158143104225316	29.9541014844628606
1.7416895009709792	30.0385091480243354
1.7416895009709792	30.0655462502067934
1.7442791301394760	29.9702778183875651
1.7463397050541247	29.9615210855269964
1.7463397050541247	29.9615210855269964
1.7507686813389995	29.9836904820248265
1.7507686813389995	29.9836904820248265
1.7556744997035312	30.0297878372414466
1.7556744997035312	30.0568162181131271
1.7621942993663460	29.9741923873165490
1.7621942993663460	29.9472136050776783
1.7644875827608764	29.9629502213679508
1.7756443977523035	30.0025006229701390
1.7756443977523035	30.0595095747811136
1.7818885053963405	30.0306364203186114
1.7868367685733904	30.0431470875793991
1.7868367685733904	29.9577257802674168
1.7891798763461040	29.9566780253438836
1.7891798763461040	29.9566780253438836
1.7938206282035623	30.0587690665887486
1.7955958114980788	30.0535541718491608
1.7955958114980788	30.0535541718491608
1.8002505822542867	29.9358801928059002
1.8023988207712140	29.9439243613968671
1.8023988207712140	29.9439243613968671
1.8137723488742366	30.0219305411047479
1.8137723488742366	30.0489517548471845
1.8175253335206809	29.9842229055410279
1.8213731286872568	30.0201674750165743
1.8213731286872568	30.0471869256929232
1.8278949480484024	29.9564532139103363
1.8315660099020401	30.0138551497268686
1.8315660099020401	30.0408682880779274
1.8372721312904210	29.9679193846781331
1.8372721312904210	29.9409461866539672
1.8411493341599781	30.0421598734008377
1.8431576189342300	30.0459527449214470
1.8431576189342300	30.0459527449214470
1.8466590183016751	29.9446990591006319
1.8487343692288758	29.9444540689156824
1.8487343692288758	29.9444540689156824
1.8529006914538830	29.9551569855232351
1.8561180704505913	29.9869362923240956
1.8642240268421066	30.0274621016870356
1.8642240268421066	30.0544891234961327
1.8680978180779804	30.0124966892486782
1.8680978180779804	29.9854786379663203
1.8767941646527753	30.0385937376635219
1.8767941646527753	30.0656277804385681
1.8796336633260691	30.0295414871640212
1.8830677592264178	29.9658558142713041
1.8830677592264178	29.9388885063208292
1.8864856995562871	29.9790103172527118
1.8901331266517407	30.0273307549747166
1.8901331266517407	30.0458813227626287
1.8983071690933788	29.9704871060874503
1.8983071690933788	29.9435151668451560
1.9040778985272719	30.0098031696230336
1.9040778985272719	30.0368084218300311
1.9046135466180136	30.0318612058593999
1.9062118633806433	29.9546557361250301
1.9089625739225899	29.9679231000344757
1.9089625739225899	29.9679231000344757
1.9159803046468573	30.0451850488299748
1.9187045193937298	30.0052805139981658
1.9187045193937298	29.9782720257941691
1.9254360508024042	30.0478075978685766
1.9293894654806658	29.9878914010898505
1.9337348696335592	29.9862665343111239
1.9497722342971462	30.0866109461363429
1.9515115566944357	30.0748196018028580
1.9515115566944357	30.0748196018028580
1.9610416505245627	29.9633802982568582
1.9610416505245627	29.9364147451611800
1.9690676622433245	30.0054378542555398
1.9690676622433245	29.9724345891987056
1.9731920398990124	30.0001557568765449
1.9731920398990124	30.0001557568765449
1.9760716460646939	30.0253429292280920
1.9760716460646939	29.9923197590962864
1.9801456825768144	30.0055533547811493
1.9801456825768144	30.0055533547811493
1.9865022728147339	30.0359986938839896
1.9865022728147339	30.0682735730922062
1.9897754407880608	29.9537776715243069
1.9928378232184041	29.9681732724597083
1.9928378232184041	29.9681732724597083
1.9971811815481679	30.0177048119566727
1.9971811815481679	30.0447186879099846
2.0047844803899117	30.0121648729002537
2.0047844803899117	30.0451808666317994
2.0074520635826891	30.0339006001236832
2.0074520635826891	30.0339006001236832
2.0141252697003975	29.9589045915449148
2.0141252697003975	29.9319435141559502
2.0231972448587712	30.0084459118856479
2.0231972448587712	29.9754442716223437
2.0269994923824459	30.0006260299396885
2.0269994923824459	30.0006260299396885
2.0304313446469306	30.0376886220674564
2.0304313446469306	30.0647271239570166
2.0370371004763497	29.9770121522268980
2.0415837558130283	30.0421588312725802
2.0462561940120598	30.0033035632177381
2.0462561940120598	29.9763007254284268
2.0527361809597537	30.0550806726722293
2.0552855622264197	30.0252720745316175
2.0552855622264197	29.9652815209361485
2.0625314876841099	29.9962903958860601
2.0673197604338074	30.0331736759123302
2.0673197604338074	30.0813833218619529
2.0751286579270696	30.0062107127330258
2.0751286579270696	29.9580432057530857
2.0807770268155457	30.0033665222177603
2.0807770268155457	29.9703626899216289
2.0832816001252392	29.9519294215294813
2.0832816001252392	29.9519294215294813
2.0878236398040695	29.9818245566479789
2.0878236398040695	29.9818245566479789
2.0930371604130142	30.0197543650888043
2.0930371604130142	30.0467676467414933
2.0992244679635363	30.0009852250521547
2.0992244679635363	29.9739847056010120
2.1048816745939289	30.0432266997168256
2.1086770750162720	29.9816747241892934
2.1086770750162720	29.9546935152390112
2.1198203683070576	30.0123034539799853
2.1234149686967854	30.0472799444646768
2.1234149686967854	30.0743207516967495
2.1318800443147539	30.0370270010555451
2.1354322498119451	29.9753183400697125
2.1407914406463622	29.9486125620103998
2.1407914406463622	29.9512390884054049
2.1463599044688682	30.0107131816093933
2.1463599044688682	30.0377174220786038
2.1508637084905184	29.9993271622905446
2.1636239539895632	30.0304070779717982
2.1636239539895632	30.0312342278484437
2.1687414698878764	29.9977917991092973
2.1687414698878764	30.0307960636208016
2.1724856867606057	30.0081350967637306
2.1724856867606057	29.9481787828840851
2.1755484537149776	29.9606961010356549
2.1755484537149776	29.9606961010356549
2.1850502960242371	30.0371364626196424
2.1881284458337067	29.9866938052408258
2.1881284458337067	29.9597031810456862
2.1970688192117835	30.0067444922846178
2.2009048730112628	30.0342644689521876
2.2009048730112628	30.0612920516156592
2.2077029902037051	29.9738862624238784
2.2105449191281554	30.0161042348804052
2.2105449191281554	30.0431136573097959
2.2158677367487858	29.9687791245773951
2.2444414352663338	30.0509336885157943
2.2473742811618429	29.9624960167085597
2.2531462188315392	29.9920429645104356
2.2531462188315392	29.9920429645104356
2.2600521457194400	30.0216676607971173
2.2600521457194400	29.9886491152238612
2.2633919526854789	29.9948755234958284
2.2633919526854789	29.9948755234958284
2.2702442453752747	30.0290616549813656
2.2702442453752747	29.9960357154139210
2.2741579444639757	29.9678328258637805
2.2741579444639757	29.9678328258637805
2.2783195809605457	29.9865302402164886
2.2783195809605457	29.9865302402164886
2.2830132089137960	30.0304002146364617
2.2830132089137960	30.0574277371830583
2.2919316901568680	30.0121997561741019
2.2919316901568680	30.0452148335983189
2.2942487205540836	30.0357012356190189
2.2942487205540836	30.0357012356190189
2.3020481780923614	29.9418982515788876
2.3020481780923614	29.9149532312397639
2.3136140971531649	29.9808357330769475
2.3212466494218980	30.0202646424580486
2.3212466494218980	29.9872474999031304
2.3256837918305351	30.0069441644573516
2.3256837918305351	29.9916805610064010
2.3385255026482823	29.9979969523600403
2.3437155284061433	30.0257085269255661
2.3437155284061433	30.0827945517665647
2.3552999703011901	29.9914231027039371
2.3552999703011901	29.9644323740176795
2.3667373584204761	29.9836901497809549
2.3715243712502998	30.0768032214701009
2.3735315786363271	30.0604140491072158
2.3735315786363271	30.0604140491072158
2.3806736010956908	29.9681859006505853
2.3806736010956908	29.9412141579873321
2.3879287163961243	29.9881299352857624
2.3899827012254509	29.9689171827769947
2.3945429817561372	29.9964141283438757
2.3945429817561372	30.0564670094817039
2.3982079664547644	30.0486965969399300
2.3982079664547644	30.0486965969399300
2.4175773185941041	29.9748924461816557
2.4175773185941041	29.9479164196595846
2.4307769005317854	30.0291157314659074
2.4307769005317854	30.0561440599765497
2.4401563793776750	29.9577197434148879
2.4433493357136777	30.0106548194524230
2.4433493357136777	30.0376598598658724
2.4515677479092597	29.9704588790329503
2.4515677479092597	29.9434861846094620
2.4680934319958476	30.0532407112065023
2.4708920539364105	29.9606193157080867
2.4744092607495980	29.9846097461293866
2.4744092607495980	29.9846097461293866
2.4801062306458723	30.0235816875977939
2.4801062306458723	30.0506049259750085
2.4875197760364696	29.9995871535681502
2.4875197760364696	30.0325870840321016
2.4900279161948315	30.0302960745436529
2.4900279161948315	30.0302960745436529
2.4992816801687803	29.9351874227527119
2.5028601615663852	29.9997246801696136
2.5028601615663852	30.0181271766895321
2.5115713592948352	29.9993765842788349
2.5257658978062354	29.9932021738924526
2.5699420001039286	30.0184513322965643
2.5699420001039286	29.9554918495909668
2.5734253138307310	29.9734626811453033
2.5734253138307310	29.9734626811453033
2.5798205732453314	30.0240962760514591
2.5798205732453314	30.0511197378380501
2.5845410404886278	29.9779911803281713
2.5845410404886278	29.9510078283635970
2.5931593565899593	30.0682050332956408
2.5957678413725511	30.0521617798662710
2.5957678413725511	30.0521617798662710
2.6080541042286352	29.9527077143882465
2.6102049905517108	29.9781984703421855
2.6102049905517108	30.0382148836962273
2.6129224870354766	30.0326777582540885
2.6129224870354766	30.0326777582540885
2.6199584353003096	29.9580171149643455
2.6240356241078109	30.0004313819336446
2.6240356241078109	30.0274285455397525
2.6294598560877613	29.9642377523411128
2.6325810939567038	29.9953470232721919
2.6325810939567038	29.9623544090081140
2.6353724119532531	29.9813816728850107
2.6353724119532531	29.9813816728850107
2.6381117700994712	30.0170120748985951
2.6381117700994712	30.0440258191976746
2.6438493801490148	30.0072075434581578
2.6438493801490148	30.0402180187774377
2.6467480773077243	30.0344594411525847
2.6467480773077243	30.0344594411525847
2.6536167587316055	29.9764642037285682
2.6536167587316055	29.9494851845779593
2.6584566989332417	29.9661177159052237
2.6717895390146249	29.9996920399714924
2.6732386338362768	29.9740689441460688
2.6771943122537922	29.9731706379146736
2.6771943122537922	29.9731706379146736
2.6890628236272645	30.0278755372006607
2.6890628236272645	30.0721164589030749
2.6916472497836170	30.0281788322761614
2.6916472497836170	29.9839488230077720
2.7037168502816402	30.0262591745298941
2.7037168502816402	30.0532810360295635
2.7101951510537066	29.9874568675607627
2.7101951510537066	29.9604678055755045
2.7187844054671526	30.0028566806698969
2.7253699160363452	30.0277745366457083
2.7253699160363452	30.0465578297207578
2.7309449915540989	30.0033879290214642
2.7309449915540989	29.9701004477618440
2.7365856624474163	30.0161976119957465
2.7365856624474163	30.0432097826654356
2.7431412867403169	29.9988174763427331
2.7431412867403169	29.9718166837568667
2.7475979071624415	30.0363646747851547
2.7505546374491447	29.9827944447961272
2.7505546374491447	29.9558096752418095
2.7731348996583463	30.0179521373983746
2.7731348996583463	29.9849386042934540
2.7762534964701429	29.9848872667644741
2.7762534964701429	29.9848872667644741
2.7907655958801225	30.0358508586272208
2.7907655958801225	30.0628851313592271
2.7952654658213896	29.9893185877219253
2.7952654658213896	29.9623248501017230
2.8213412336127957	30.0262977751745090
2.8213412336127957	30.0533218420012389
2.8274813314475056	29.9910753622123210
2.8274813314475056	29.9640805193351198
2.8443251316952098	30.0225381170315408
2.8443251316952098	29.9895191708625823
2.8477448316789551	29.9900471738910355
2.8477448316789551	29.9900471738910355
2.8569510461363907	30.0172513052993892
2.8569510461363907	29.9842376459421551
2.8597709688521151	29.9676925149394258
2.8597709688521151	29.9676925149394258
2.8635688556136318	29.9918404336476208
2.8635688556136318	29.9918404336476208
2.8663204486999438	30.0248021504240477
2.8663204486999438	30.0518245457076212
2.8758738027369848	30.0054281845915547
2.8758738027369848	30.0384360196429974
2.8794230790222746	30.0267904044000176
2.8794230790222746	30.0267904044000176
2.8835253716258760	29.9639795093210495
2.8940180700980780	30.0085917583301267
2.8940180700980780	29.9755867686208646
2.8973501690652013	29.9911629188095539
2.8973501690652013	29.9911629188095539
2.9026381695277998	30.0332156973111388
2.9026381695277998	30.0602437924797492
2.9258100535011371	29.9482211959793325
2.9285879897596816	29.9965632747914199
2.9285879897596816	30.0235547175375110
2.9379340984434830	29.9296490487201758
2.9409424994723703	29.9877085937234824
2.9409424994723703	30.0146911817884998
2.9477249379964379	29.9840628009921204
2.9477249379964379	30.0170519843218102
2.9504831026802414	30.0237114196890076
2.9504831026802414	30.0237114196890076
2.9540272229488327	29.9187820431885783
2.9555104638951604	29.9242677851854495
2.9555104638951604	29.9242677851854495
2.9752340470010692	30.0390506596916431
2.9752340470010692	30.0660845898226370
2.9912272794502521	29.9770924235892018
2.9912272794502521	29.9501159324148887
2.9998167500758495	30.0194456008330590
2.9998167500758495	30.0464640388214441
3.0035304762118629	29.9950342852439285
3.0035304762118629	29.9680342625519209
3.0166510658515340	30.0215010769423394
3.0166510658515340	29.9884827724391414
3.0199840315307265	30.0149256803394984
3.0199840315307265	30.0750156216414801
3.0216895703004840	30.0606016102921458
3.0216895703004840	30.0606016102921458
3.0265965749175652	30.0016255782446457
3.0265965749175652	29.9746207560926585
3.0488969533767096	30.0272909151121397
3.0488969533767096	30.0543154029945363
3.0532944215435132	29.9974224875494748
3.0532944215435132	29.9704218684881809
3.0594556879511572	30.0054998902014631
3.0594556879511572	29.9724975868850052
3.0621706446750556	29.9825474926379592
3.0621706446750556	29.9825474926379592
3.0689627542970466	30.0237871708527706
3.0689627542970466	30.0508081549909072
3.0749364633074521	30.0100701926356663
3.0749364633074521	30.0430830658610120
3.0789771533632702	30.0212442951619209
3.0789771533632702	30.0212442951619209
3.0864722388821582	29.9693596940081228
3.0864722388821582	29.9423871377403685
3.0927247940530389	30.0042700553693784
3.0927247940530389	30.0312715223920286
3.0973131050690554	29.9748235042289544
3.0973131050690554	29.9478454841509780
3.1100706712744852	30.0329037543346828
3.1146899845455436	30.0084436144086375
3.1146899845455436	30.0547427816955768
3.1171790082248605	29.9788932269522199
3.1228922567879924	29.9435581074473873
3.1228922567879924	29.9637025381232505
3.1280850928399633	30.0185772647036302
3.1280850928399633	30.0455930389356212
3.1404681972233157	29.9909360080499425
3.1404681972233157	29.9639418754681479
3.1470218567373367	30.0344773461484777
3.1506651997057018	29.9932668146910260
3.1506651997057018	29.9662703513025903
3.1587305500138076	30.0474958026245780
3.1637542570145349	30.0191267062145961
3.1637542570145349	30.0191267062145961
3.1684051108415923	29.9630412738332339
3.1728608072715194	29.9850778797817874
3.1780436578309779	29.9683940516176506
3.1780436578309779	30.0465146847635829
3.1842649059013475	30.0401339453385461
3.1881155997076154	29.9423642744807914
3.1902332253851129	29.9419632859375291
3.1902332253851129	29.9419632859375291
3.1952758301319251	30.0418411522370263
3.1972816949804943	30.0408480564100024
3.1972816949804943	30.0408480564100024
3.2032674849816565	29.9856302054653625
3.2032674849816565	29.9586426578980927
3.2152581328324432	30.0135189223548764
3.2152581328324432	29.9805095391667322
3.2179335527516546	29.9874363254519771
3.2179335527516546	29.9874363254519771
3.2221927585368437	30.0278214038232996
3.2221927585368437	30.0548473632350728
3.2291747954875150	30.0119924267985958
3.2343495129750917	29.9954161530926200
3.2343495129750917	30.0420487388554207
3.2366161943989136	30.0308131088677115
3.2366161943989136	30.0308131088677115
3.2424968647685755	29.9703405552878408
3.2424968647685755	29.9433672958809858
3.2538680858182660	30.0211772539975819
3.2538680858182660	30.0481953499406877
3.2587391618292658	29.9512874046893032
3.2615525651372854	29.9646780246138675
3.2615525651372854	29.9646780246138675
3.2695865772268400	30.0117603797063666
3.2695865772268400	29.9787515381782299
3.2726829473209245	29.9692448514993934
3.2726829473209245	29.9692448514993934
3.2803633377158161	30.0734561016674249
3.2819080292978855	30.0630912725435202
3.2819080292978855	30.0630912725435202
3.2876768847631310	29.9994500544517386
3.2876768847631310	29.9724476855457169
3.3062232263043452	30.0276244448892520
3.3062232263043452	30.0546489880232492
3.3128926211319043	30.0009874320028374
3.3128926211319043	29.9739859045447652
3.3201622713471899	30.0102133756481919
3.3201622713471899	29.9772037022986133
3.3230756197907692	29.9935379012732213
3.3230756197907692	29.9935379012732213
3.3234403748613470	29.9964646227428382
3.3264356538898197	29.9905291297515895
3.3264356538898197	29.9935314923132452
3.3307998580931040	30.0351250186809366
3.3307998580931040	30.0621547851972082
3.3366067782104447	29.9939159719256203
3.3366067782104447	29.9669214097438257
3.3426699407867213	30.0105242343502887
3.3426699407867213	29.9775170179749644
3.3472499796277937	29.9872559365055160
3.3472499796277937	29.9872559365055160
3.3543669365428532	29.9978053224375962
3.3577081131913680	29.9556890442615114
3.3577081131913680	29.9787126945968403
3.3654985216192248	30.0231133816088871
3.3654985216192248	30.0501317659422043
3.3712132736742948	29.9759812066319391
3.3744210813699271	30.0319295749428363
3.3789636198778332	29.9921444777608137
3.3789636198778332	29.9651510588767032
3.3844007444279893	30.0353805043090070
3.3881971238922404	29.9790781923116150
3.3881971238922404	29.9520978397129518
3.3920024455835116	30.0541032920948439
3.3939803469815306	30.0437559596237485
3.3939803469815306	30.0437559596237485
3.4001490726818475	29.9741712937289719
3.4001490726818475	29.9471954952827595
3.4070050364201956	30.0096686728729694
3.4070050364201956	30.0366776265617830
3.4193590948465826	29.9828139508258644
3.4193590948465826	29.9558258564245641
3.4246419956875425	30.0083481806291879
3.4246419956875425	30.0353558138257597
3.4302337871504336	29.9650772851928231
3.4302337871504336	29.9381069274571523
3.4466624970182345	30.0135292327660466
3.4466624970182345	29.9805209839837516
3.4502631414789935	29.9974542114680460
3.4502631414789935	29.9974542114680460
3.4557916792851247	30.0377260141462656
3.4557916792851247	30.0647630251763474
3.4600968800669651	29.9856164238558804
3.4600968800669651	29.9586312767888892
3.4657625743728855	29.9917698489714226
3.4705149618936155	30.0425348680185245
3.4705149618936155	30.0695709265840208
3.4746856541609841	29.9908960430227580
3.4746856541609841	29.9639056163365964
3.4788577548682440	30.0063695740573024
3.4829640300169586	30.0303182608461015
3.4829640300169586	29.9876757226956308
3.4873000517226482	29.9940952893555171
3.4873000517226482	29.9940952893555171
3.4944273239307035	30.0269536980311536
3.4944273239307035	29.9939262749762676
3.4974873674878468	29.9814061326621477
3.4974873674878468	29.9814061326621477
3.5022022095967968	30.0086068259467886
3.5022022095967968	30.0686841168896244
3.5056128148379360	30.0556890244025467
3.5056128148379360	30.0556890244025467
3.5104596764273479	29.9800126144452150
3.5104596764273479	29.9530330711876260
3.5138593490667924	30.0098221636125757
3.5166113357846038	30.0399624695558138
3.5166113357846038	30.0416384789752797
3.5199559488264964	30.0106595926046928
3.5311843560006024	30.0330394691606060
3.5311843560006024	30.0300267063028912
3.5396110736395410	29.9566964991114411
3.5428065079860165	30.0080772226719787
3.5428065079860165	30.0350811360467489
3.5474264148582528	29.9723626837522197
3.5474264148582528	29.9453884825909959
3.5623469053372809	30.0136149046410878
3.5623469053372809	29.9806031282139216
3.5654627097271749	29.9788884808961313
3.5654627097271749	29.9788884808961313
3.5753388881808630	30.0093303162108072
3.5753388881808630	29.9763228243720690
3.5784497172721954	29.9723235501024767
3.5784497172721954	29.9723235501024767
3.5841251447507569	30.0740471212776939
3.5862180627123728	30.0625056991258077
3.5862180627123728	30.0625056991258077
3.5930889727704391	29.9881981180894002
3.5930889727704391	29.9612080814938366
3.5965441886066212	30.0528322020290837
3.5985970182092482	30.0540156316098468
3.5985970182092482	30.0540156316098468
3.6022373532289405	29.9462815103166413
3.6044328999233843	29.9567393906089272
3.6044328999233843	29.9567393906089272
3.6154318973241684	30.0303782891530453
3.6154318973241684	30.0574045035943058
3.6321096854529191	29.9967474899334583
3.6321096854529191	30.0297499778737489
3.6346866361012742	30.0134588448859994
3.6346866361012742	30.0134588448859994
3.6397222977209265	29.9502254195721314
3.6397222977209265	29.9232705433419746
3.6433987825252716	30.0265444234579206
3.6451382179552336	30.0273932750384063
3.6451382179552336	30.0273932750384063
3.6532591295824668	29.9865542869397359
3.6532591295824668	29.9595630818422123
3.6613682032107011	30.0093631505489817
3.6613682032107011	29.9763584382090151
3.6650785109573767	30.0019287710518299
3.6650785109573767	30.0619926925153962
3.6676796436483698	30.0445851353594904
3.6676796436483698	30.0445851353594904
3.6711881791654055	29.9955102880967850
3.6711881791654055	29.9685101269981047
3.6764838690699526	30.0391096223662686
3.6802515938219824	29.9812771405460765
3.6802515938219824	29.9542912125949456
3.6839232750614399	30.0536973865165393
3.6853311907150341	30.0443291948910769
3.6853311907150341	30.0443291948910769
3.6909225099001040	29.9917985750779224
3.6909225099001040	29.9648021256922590
3.7083137202624217	30.0443959811122454
3.7134792653395348	29.9904171512857936
3.7134792653395348	29.9634220833239198
3.7211161300682476	30.0108317673291332
3.7247392456299910	29.9716212559116428
3.7247392456299910	29.9746093989473898
3.7322332968863834	30.0478656947056884
3.7361154206705773	30.0114968355276268
3.7361154206705773	29.9844827996319978
3.7405929323359097	29.9853300432809995
3.7487032231170740	30.0058205606907755
3.7487032231170740	29.9728172791901919
3.7517616399881675	29.9709267536492909
3.7517616399881675	29.9709267536492909
3.7725154426521268	30.0339128426130557
3.7725154426521268	30.0609436625947666
3.7788826324993794	30.0034637448245292
3.7788826324993794	29.9764603692634104
3.7896229441326774	30.0296405521620251
3.7896229441326774	30.0566665453838979
3.7930707705647935	29.9625150886138805
3.7958303178499739	29.9618081546127470
3.7958303178499739	29.9618081546127470
3.8012878726326425	30.0609865382603338
3.8037970343213443	30.0502488636964671
3.8037970343213443	30.0502488636964671
3.8101694257686738	29.9830212703595755
3.8101694257686738	29.9560383415519276
3.8179024622037763	30.0447019571063336
3.8224306193641620	30.0167581621116994
3.8224306193641620	29.9567846193302572
3.8256644962081987	29.9764857925371473
3.8256644962081987	29.9764857925371473
3.8322058666663277	30.0211978095060914
3.8322058666663277	30.0482174062765743
3.8377310994114575	29.9905802062499554
3.8377310994114575	29.9635852298778609
3.8444328684547542	30.0324734950783245
3.8467933747759733	29.9930457177213619
3.8467933747759733	29.9660482758377995
3.8572142391140218	30.0144027686245778
3.8572142391140218	29.9813927620217946
3.8604620591528036	29.9889711687171712
3.8604620591528036	29.9889711687171712
3.8681914209712382	30.0327439992536149
3.8681914209712382	30.0597718423379625
3.8734605364634236	30.0244681468941614
3.8769836948708054	29.9873298580074845
3.8769836948708054	29.9603389760694334
3.8844799906097576	30.0354314694436759
3.8878498323622961	29.9872012499402842
3.8878498323622961	29.9615412168580200
3.9040728316904145	30.0287124335961941
3.9040728316904145	30.0557389936015547
3.9105232311472204	29.9978395946972469
3.9105232311472204	29.9708379092242332
3.9201649308173021	30.0487751885650383
3.9234995170659293	30.0263657043490966
3.9234995170659293	30.0263657043490966
3.9283924380822670	29.9697151317763542
3.9283924380822670	29.9427415707662625
3.9367347176527314	29.9679542777655676
3.9510780266820715	30.0748376364381933
3.9530865029960847	30.0636413482394751
3.9530865029960847	30.0636413482394751
3.9551405501893071	30.0308237901557114
3.9611774473434274	29.9623808972686980
3.9611774473434274	29.9639940158031344
3.9642008111694214	30.0079717675773843
3.9642008111694214	30.0364032357565875
3.9724977732884015	29.9901423054688117
3.9724977732884015	29.9631525205766209
3.9903062490742718	30.0315617541366073
3.9903062490742718	30.0585869517559239
3.9955098437329064	29.9859897071986055
3.9955098437329064	29.9590035704749056
4.0037605472626261	30.0197805261683222
4.0037605472626261	30.0467984085389297
4.0145754189712903	30.0035377271169033
4.0171355617237765	29.9796967653891429
4.0171355617237765	29.9527114276836315
4.0209899401428517	29.9905753614815218
4.0209899401428517	30.0175655830702901
4.0239049551618109	29.9817427635462330
4.0239049551618109	29.9547553798425632
4.0399929766223837	30.0216515093282403
4.0399929766223837	30.0486716883515506
4.0431288533432062	30.0044523503867921
4.0431288533432062	29.9774433735743848
4.0659804200511758	30.0212420849503800
4.0659804200511758	30.0482618545493239
4.0694504600078591	30.0060559145753913
4.0694504600078591	29.9790453341988083
4.0796662486014821	30.0294921673474526
4.0796662486014821	30.0565201870287950
4.0899451726058524	29.9484708875382211
4.0920853913576360	29.9852529644066621
4.0920853913576360	30.0122367448850511
4.0985954549674437	30.0015660524716310
4.1216170805317152	30.0127278455260971
4.1216170805317152	29.9299090832521273
4.1241514879651540	29.9493034496513033
4.1241514879651540	29.9493034496513033
4.1307917350428349	30.0337932337525473
4.1344115592027535	29.9683897204618646
4.1344115592027535	29.9414165579650025
4.1382093179759734	29.9737963608439628
4.1419891309940278	30.0166316665779966
4.1419891309940278	30.0436470745700888
4.1544438996603033	29.9873347036928415
4.1544438996603033	29.9603425962127439
4.1600992641283172	30.0634759499234114
4.1621315614469312	30.0399533033016084
4.1621315614469312	30.0399533033016084
4.1666341635885473	29.9748512194687500
4.1666341635885473	29.9478715954728756
4.1702626366616338	30.0413418979361495
4.1723620579370433	30.0447358401852682
4.1723620579370433	30.0447358401852682
4.1757088072044501	29.9635932336209656
4.1792204540837599	29.9322505301810757
4.1792204540837599	29.9479049734780567
4.1873046899690749	30.0383086418051448
4.1913143124232066	30.0036436245124065
4.1913143124232066	29.9766352081114889
4.1959798181340986	30.0430463211658960
4.2006508086711127	29.9749785943807012
4.2053494198866082	29.9803245322481899
4.2166881325936849	30.0791726954026188
4.2189616078850412	30.0570674746911770
4.2189616078850412	30.0570674746911770
4.2231801885052258	29.9495080378290019
4.2257756319041047	29.9735776514446144
4.2257756319041047	29.9735776514446144
4.2288256014531731	30.0188897107689989
4.2288256014531731	30.0459045659595674
4.2389704283966188	29.9785878075422403
4.2389704283966188	30.0115704298699733
4.2415728641953638	30.0181057963017111
4.2415728641953638	30.0181057963017111
4.2463519895354365	29.9070063528762837
4.2485601902132579	29.9177276211831753
4.2485601902132579	29.9177276211831753
4.2534712539535731	30.0392264997373211
4.2554122233220948	30.0319883322492949
4.2554122233220948	30.0319883322492949
4.2617076596080024	29.9754103666715501
4.2617076596080024	29.9484329887580998
4.2677056406864624	29.9747117895334334
4.2844087470311027	30.0227562771844774
4.2844087470311027	29.9897354884540697
4.2871326202536917	30.0045646967362849
4.2871326202536917	30.0045646967362849
4.2907804837297130	30.0342367041685669
4.2907804837297130	30.0612669063525395
4.2938693977024354	30.0223702599137958
4.2938693977024354	29.9953459221070986
4.3063847200797456	30.0289725950594644
4.3063847200797456	30.0559960279880514
4.3210051609915965	29.9559593648205720
4.3250886914587747	29.9843329278894508
4.3250886914587747	29.9843329278894508
4.3295255424003862	30.0241792567922658
4.3295255424003862	30.0511978963825861
4.3361714214158518	29.9784830801975701
4.3361714214158518	29.9515041317095871
4.3428767437969169	30.0261702376197306
4.3458989375155515	29.9726306858088876
4.3458989375155515	29.9456575897152888
4.3492563601291332	29.9802036032609891
4.3513029681468334	30.0162775102242989
4.3513029681468334	30.0432882480680519
4.3635506187849282	29.9910856248471447
4.3635506187849282	29.9640940738145076
4.3719154101090147	30.0072086907508009
4.3719154101090147	29.9742019474678365
4.3755013749873104	29.9943125523633860
4.3755013749873104	29.9943125523633860
4.3804567093847044	30.0353809639938127
4.3804567093847044	30.0624108052913428
4.3857407048765769	29.9807422651167919
4.3857407048765769	29.9537610574438879
4.4048103290704539	30.0243952765385025
4.4048103290704539	29.9913713466697587
4.4079862674875052	29.9975215791290246
4.4079862674875052	29.9975215791290246
4.4142948047127204	30.0596445739699938
4.4192013259324048	29.9746057935328807
4.4192013259324048	29.9476307223315530
4.4228137115163397	29.9795514241736285
4.4263298380623608	30.0307386078258141
4.4263298380623608	30.0577638067671629
4.4342794689622513	29.9563719886278896
4.4381325561105776	29.9984728127033264
4.4381325561105776	29.9654748052984132
4.4416548088078525	29.9785102107749140
4.4416548088078525	29.9785102107749140
4.4476390670621422	30.0517141098308755
4.4511512082855020	29.9514310580016065
4.4544258966972192	29.9760637498336209
4.4544258966972192	29.9760637498336209
4.4577963419729931	30.0214063080195217
4.4577963419729931	30.0484221746610700
4.4643593745252916	30.0144645978063878
4.4643593745252916	30.0474846020706643
4.4667243177095788	30.0410959489042320
4.4667243177095788	30.0410959489042320
4.4750035931196877	29.9726329565458727
4.4750035931196877	29.9456598581815392
4.4792441956533180	29.9630547708485260
4.5068696875251364	30.0318693868732858
4.5068696875251364	30.0588957165936819
4.5110512843219466	30.0116114735584532
4.5110512843219466	29.9845993966771083
4.5143333200940718	30.0294300949980979
4.5208444799770975	30.0453906980955594
4.5589617593156362	29.9739462097155851
4.5589617593156362	29.9469707995006118
4.5626928491093812	30.0015655612384826
4.5626928491093812	30.0285625877299118
4.5695624419174870	29.9501808052863190
4.5739303358231842	30.0237528682592227
4.5771977397218890	29.9822297650337681
4.5771977397218890	29.9552460712634847
4.5855859147738887	30.0466523216532941
4.5903815078048691	30.0168078014990805
4.5903815078048691	30.0168078014990805
4.5944209547954342	29.9606818710712552
4.5978105874630852	30.0132487598995965
4.5978105874630852	30.0402574695896760
4.6023529315401221	29.9792814545283726
4.6023529315401221	29.9523007090685915
4.6178595999032437	30.0219923822557639
4.6178595999032437	29.9889751598026066
4.6236020689386876	30.0122895407507393
4.6236020689386876	30.0723742044959828
4.6270521441553525	29.9753965351572660
4.6293157664615103	29.9829609294457704
4.6293157664615103	29.9829609294457704
4.6387832950860028	30.0294317514818943
4.6387832950860028	30.0564599567058686
4.6443770273316805	29.9960378679638708
4.6443770273316805	29.9690370601668121
4.6464991306336296	29.9835837068976758
4.6483599507004421	29.9839287560263870
4.6511749990443274	30.0185446453407785
4.6511749990443274	30.0455602864728881
4.6609095922469237	29.9882720689301401
4.6609095922469237	29.9612807005672224
4.6732051123648795	30.0256894817784996
4.6788554892348930	29.9981098030363746
4.6788554892348930	30.0498877729906937
4.6812802112331848	30.0390380963865624
4.6812802112331848	30.0390380963865624
4.6874984284266432	29.9746543183320746
4.6874984284266432	29.9476757920838033
4.6931246033546916	29.9671398907617643
4.7071684491096137	29.9813624089556612
4.7103213990470136	29.9572056450543727
4.7103213990470136	29.9572056450543727
4.7141493692778500	29.9796149419275402
4.7141493692778500	29.9796149419275402
4.7178503289192300	30.0251530656594241
4.7178503289192300	30.0521774556151833
4.7265397670732039	29.9810108622680929
4.7265397670732039	29.9540246189850379
4.7316560874830049	30.0083086217483910
4.7316560874830049	30.0353161672602447
4.7381951582922905	29.9521995861443635
4.7381951582922905	29.9252421541374218
4.7424051092858797	30.0330726408321453
4.7446783887170039	30.0295697470370690
4.7446783887170039	30.0295697470370690
4.7533911811770642	29.9885854396712546
4.7533911811770642	29.9615938112922500
4.7615133290388041	30.0064940771158533
4.7648167565051054	30.0376577790886792
4.7648167565051054	30.0646887801539364
4.7766629937396488	30.0052733054271812
4.7766629937396488	30.0382850476106249
4.7796556813033053	30.0201037051229243
4.7796556813033053	30.0201037051229243
4.7824143370854086	29.9762049539835083
4.7824143370854086	29.9492292109767106
4.7859238244957014	30.0437307782907546
4.7880986547493141	30.0344232216834115
4.7880986547493141	30.0344232216834115
4.7954570949444779	29.9528156204438609
4.7988646704284728	30.0082455770339180
4.7988646704284728	30.0352473537329310
4.8065988527808878	29.9770146154909405
4.8065988527808878	29.9319825875051642
4.8098197550315209	29.9601914986798192
4.8135051469063663	30.0541931485925815
4.8154450264320330	30.0492519690548328
4.8154450264320330	30.0492519690548328
4.8178644733062965	30.0313553213778270
4.8200288271865261	29.9421425557768330
4.8228555366601915	29.9635361079404134
4.8228555366601915	29.9635361079404134
4.8281517351100289	30.0151831485617606
4.8281517351100289	30.0421934065134160
4.8334273626738522	29.9715280113666012
4.8377359648542040	30.0084191471771788
4.8377359648542040	29.9754118066796309
4.8410699732566513	29.9689784079056558
4.8410699732566513	29.9689784079056558
4.8475515330390300	30.0741106499854105
4.8494957445060729	30.0536119961676995
4.8494957445060729	30.0536119961676995
4.8551177814713968	29.9705418290802861
4.8551177814713968	29.9435706437331426
4.8592485466413162	30.0239505963555189
4.8636353847279974	30.0274564638046506
4.8680083991251202	30.0009535151412123
4.8680083991251202	30.0339598298559736
4.8703775928062960	30.0308420097560642
4.8703775928062960	30.0308420097560642
4.8766435397369472	29.9746803426281190
4.8766435397369472	29.9477050187674294
4.8937040841019206	30.0327232240389996
4.8937040841019206	30.0597505860634300
4.8994176821993882	29.9967086071580873
4.8994176821993882	29.9697112550328590
4.9044051943333624	30.0393862927406090
4.9105540035389357	29.9881428085612924
4.9105540035389357	29.9611540222346591
4.9177869461485040	30.0397331735536461
4.9216141852585498	29.9860140317930188
4.9216141852585498	29.9590273742431563
4.9372674723689904	30.0203847704352356
4.9372674723689904	29.9873684829273728
4.9405051053607494	29.9924578155876844
4.9405051053607494	29.9924578155876844
4.9458964490940183	30.0066858137849941
4.9488823476368751	30.0477981739479212
4.9542057117527127	30.0535080019047882
4.9542057117527127	29.9534730855939024
4.9610305720871333	30.0346414364414613
4.9651117948150727	30.0085962143693834
4.9651117948150727	30.0769556536650526
4.9673467288510809	30.0638825202207869
4.9673467288510809	30.0638825202207869
4.9750716418239795	29.9852759335885182
4.9750716418239795	29.9582899034364836
4.9798581621455984	30.0060216941407383
4.9798581621455984	30.0330224655572664
4.9887294242414404	30.0293792571720779
